100 1 200
1 2
1 11
1 99
2 100
2 3
2 4
11 12
11 13
11 16
99 40
99 72
99 97
99 98
100 49
100 98
3 4
3 5
4 5
4 82
5 6
5 7
82 80
82 81
82 83
82 84
6 7
6 8
7 9
7 8
8 9
8 10
9 10
9 12
10 12
10 86
12 13
12 14
86 84
86 85
86 87
86 88
13 14
13 15
16 14
16 15
16 17
14 71
14 15
15 17
71 69
71 70
71 73
17 18
17 19
18 52
18 19
18 20
19 20
19 21
52 50
52 51
52 53
20 21
20 22
21 34
21 22
21 23
21 89
21 59
22 23
22 24
34 32
34 33
34 35
23 25
23 24
89 87
89 91
59 57
59 58
59 61
24 25
24 26
24 47
25 27
25 56
26 76
26 27
26 28
47 45
47 46
47 48
27 28
27 29
56 54
56 55
56 57
56 58
76 74
76 75
76 78
76 88
28 29
28 30
29 30
29 31
30 97
30 32
31 33
31 49
97 65
97 95
97 96
97 98
32 33
33 35
49 48
49 50
49 51
35 36
35 37
36 37
36 38
36 62
37 38
37 39
38 39
38 40
62 60
62 61
62 64
39 41
39 40
40 41
41 42
41 43
42 43
42 44
43 44
43 45
44 45
44 46
45 46
45 88
46 48
88 87
48 50
50 51
51 53
53 54
53 55
54 55
55 57
57 58
58 60
60 61
61 63
63 65
63 64
64 65
64 66
65 66
66 72
66 68
72 70
72 73
72 74
68 67
68 69
68 70
67 69
69 70
73 74
73 75
74 75
75 77
77 78
77 79
78 79
78 80
79 81
79 91
79 80
80 81
81 83
91 90
91 92
83 84
83 85
84 85
85 87
90 92
92 93
92 94
93 94
93 95
94 95
94 96
95 96
96 98
1
