100 1 300
1 2
1 3
1 4
1 98
1 99
2 3
2 100
2 5
2 99
2 4
3 4
3 5
3 6
3 20
3 100
4 6
4 7
4 26
98 26
98 95
98 96
98 97
98 99
99 76
99 96
99 97
99 100
100 88
100 97
5 6
5 7
5 8
6 7
6 8
6 9
20 17
20 18
20 19
20 44
20 22
20 23
7 8
7 10
7 40
26 23
26 24
26 25
26 27
26 29
26 30
8 9
8 10
8 11
9 10
9 11
9 77
9 49
10 71
10 12
10 13
10 82
10 72
40 37
40 38
40 39
40 41
40 42
40 43
11 12
11 13
11 14
77 74
77 75
77 76
77 78
77 79
49 46
49 47
49 48
49 50
49 51
49 52
71 70
71 72
71 73
71 74
12 44
12 13
12 41
13 14
13 15
13 16
13 43
82 79
82 80
82 81
82 83
82 85
72 69
72 70
72 74
72 75
14 15
14 16
14 17
44 41
44 42
44 43
44 46
44 47
41 39
41 42
41 43
41 60
15 34
15 66
15 16
15 17
15 18
16 17
16 18
16 25
43 42
43 46
17 18
17 19
34 31
34 32
34 33
34 36
34 37
66 52
66 63
66 64
66 65
66 68
66 69
18 19
18 21
25 22
25 23
25 24
25 27
25 28
19 21
19 22
21 22
21 23
21 24
22 23
22 24
23 24
24 27
27 28
27 29
27 30
28 58
28 30
28 31
29 30
29 31
29 32
30 33
30 31
30 32
58 55
58 56
58 57
58 59
58 60
58 61
31 33
31 32
32 33
32 35
33 35
33 36
35 36
35 37
35 38
36 37
36 38
36 39
37 39
37 56
37 93
38 39
38 68
39 42
39 89
56 53
56 54
56 55
56 57
56 59
93 90
93 91
93 92
93 95
93 96
68 67
68 69
68 70
68 81
42 45
89 65
89 86
89 87
89 88
89 91
89 92
60 57
60 59
60 61
60 62
45 46
45 47
45 48
46 47
46 48
47 48
47 50
48 50
48 51
50 51
50 52
50 53
51 52
51 53
51 54
52 53
52 54
53 54
53 55
54 80
54 57
55 57
80 78
80 79
80 81
80 83
57 90
57 59
59 61
59 62
90 87
90 88
90 92
61 62
61 63
61 64
62 65
62 63
62 64
63 65
63 64
64 65
64 67
65 67
67 69
67 70
69 97
69 70
70 73
81 78
81 79
81 83
81 84
97 94
97 95
97 96
73 74
73 75
73 76
74 75
74 76
75 76
75 78
76 78
78 79
83 84
83 85
83 86
84 85
84 86
84 87
85 86
85 87
85 88
86 87
86 88
87 88
88 91
91 92
91 94
92 94
92 95
94 95
94 96
95 96
1
