1000 1 3000
1 2
1 3
1 4
1 998
1 999
1 1000
2 3
2 4
2 5
2 999
2 1000
3 4
3 5
3 6
3 1000
4 5
4 6
4 7
998 294
998 996
998 997
998 999
998 1000
999 996
999 997
999 1000
1000 57
1000 997
5 6
5 7
5 8
6 7
6 8
6 9
6 138
7 8
7 9
7 10
8 9
8 10
8 11
9 10
9 11
9 12
138 135
138 136
138 137
138 140
138 141
10 11
10 12
10 13
11 609
11 12
11 13
11 14
12 13
12 14
12 15
13 14
13 15
13 16
609 217
609 566
609 606
609 607
609 608
609 680
14 258
14 388
14 16
14 17
15 17
15 18
15 119
16 17
16 18
16 19
258 255
258 256
258 259
258 260
258 261
388 385
388 386
388 387
388 391
388 436
17 648
17 585
17 19
17 20
17 288
18 19
18 20
18 21
119 116
119 117
119 118
119 120
119 121
119 122
19 20
19 21
19 22
19 573
648 645
648 651
648 760
585 582
585 583
585 584
585 586
585 587
585 588
20 21
20 22
20 23
288 285
288 286
288 287
288 290
288 291
21 22
21 23
21 24
22 23
22 24
22 25
573 349
573 570
573 571
573 572
573 574
573 575
23 24
23 25
23 26
24 25
24 26
24 27
24 91
25 26
25 27
25 28
26 61
26 120
26 28
26 29
27 28
27 29
27 30
91 88
91 89
91 90
91 92
91 94
28 236
28 29
28 30
28 31
61 58
61 59
61 62
61 63
61 64
120 117
120 118
120 122
120 123
29 30
29 31
29 32
30 33
30 206
30 31
30 32
236 233
236 234
236 235
236 237
236 238
236 715
31 33
31 34
31 32
32 33
32 34
32 35
33 34
33 36
33 402
206 193
206 203
206 204
206 874
206 208
206 209
34 833
34 36
34 37
35 36
35 37
35 38
36 37
36 38
36 39
36 764
402 399
402 400
402 401
402 742
402 403
402 404
833 830
833 831
833 832
833 834
833 835
833 836
37 38
37 39
37 40
38 39
38 40
38 41
39 968
39 41
39 42
39 686
39 53
764 761
764 762
764 763
764 766
764 767
40 41
40 42
40 43
41 42
41 43
41 44
968 97
968 325
968 966
968 967
968 969
968 971
42 43
42 44
42 45
686 683
686 684
686 685
686 687
686 689
686 759
53 50
53 51
53 52
53 807
53 55
53 56
43 44
43 45
43 46
44 45
44 46
44 47
45 46
45 47
45 48
46 47
46 48
46 49
47 48
47 49
47 50
48 49
48 50
48 51
49 50
49 51
49 52
50 428
50 51
50 52
51 52
51 54
52 526
52 54
52 55
428 425
428 426
428 427
428 429
428 431
54 263
54 56
54 57
526 523
526 524
526 527
526 529
55 568
55 56
55 57
55 58
807 757
807 804
807 805
807 806
807 809
56 57
56 58
56 59
56 607
263 260
263 261
263 262
263 264
263 265
263 266
57 818
57 58
57 59
568 565
568 566
568 567
568 570
568 571
58 368
58 59
58 60
59 773
59 62
607 604
607 605
607 606
607 844
818 815
818 816
818 817
818 819
818 821
818 826
368 365
368 366
368 459
368 370
60 508
60 62
60 63
773 770
773 771
773 772
773 774
773 775
773 776
62 65
62 465
62 63
62 64
508 505
508 506
508 507
508 509
508 510
508 511
63 65
63 66
63 440
63 64
64 65
64 66
64 67
65 66
65 67
65 68
465 462
465 463
465 464
465 466
465 467
66 67
66 68
66 69
440 437
440 438
440 439
440 441
440 442
67 68
67 69
67 70
68 69
68 70
68 71
69 933
69 70
69 71
69 287
70 71
70 72
70 73
70 826
71 72
71 73
71 553
933 930
933 931
933 932
933 935
933 936
287 285
287 286
287 289
287 290
72 73
72 74
72 75
72 924
73 74
73 75
73 76
826 824
826 825
826 969
553 551
553 552
553 554
553 555
553 758
74 75
74 76
74 77
75 868
75 76
75 78
924 921
924 922
924 923
924 925
924 927
76 129
76 77
76 79
77 78
77 79
77 80
868 865
868 866
868 867
868 869
868 870
868 871
78 79
78 80
78 81
129 126
129 127
129 128
129 130
129 131
129 132
79 80
79 81
79 82
80 81
80 82
80 83
81 82
81 83
81 84
82 83
82 84
82 85
83 745
83 84
83 85
83 86
84 85
84 86
84 87
85 118
85 87
85 88
745 742
745 743
745 744
745 746
745 748
86 87
86 88
86 89
86 602
87 88
87 89
87 90
118 115
118 116
118 117
118 121
88 963
88 89
88 90
89 262
89 92
602 292
602 599
602 600
602 601
602 995
602 693
602 603
90 92
90 93
963 622
963 960
963 961
963 962
963 964
963 966
262 259
262 260
262 261
262 680
262 265
92 825
92 93
92 94
92 95
93 94
93 95
93 96
94 341
94 895
94 314
94 95
825 822
825 823
825 824
825 827
825 828
95 97
95 98
95 467
95 96
96 97
96 98
96 99
341 339
341 970
341 343
895 892
895 893
895 894
895 897
895 896
314 311
314 312
314 313
314 984
314 315
314 316
314 317
97 98
97 99
97 100
98 99
98 100
98 101
467 464
467 466
467 468
467 469
99 100
99 101
99 638
100 101
100 102
100 103
101 102
101 103
101 104
101 828
638 635
638 636
638 637
638 641
638 639
638 640
102 103
102 104
102 105
102 124
103 104
103 105
103 106
104 105
104 106
104 107
104 965
828 827
828 830
828 831
105 450
105 106
105 107
105 108
124 122
124 126
124 127
106 107
106 108
106 109
107 108
107 109
107 110
965 464
965 962
965 964
965 966
450 447
450 448
450 449
450 451
450 452
108 109
108 110
108 111
109 110
109 111
109 112
110 111
110 112
110 113
111 523
111 112
111 114
112 113
112 114
112 115
112 829
113 114
113 115
113 116
523 520
523 521
523 522
523 525
523 788
114 115
114 116
114 117
115 116
115 117
829 827
829 831
829 832
116 131
116 424
131 128
131 130
131 132
131 133
131 134
424 421
424 423
424 425
424 426
424 427
424 475
121 495
121 122
121 123
122 123
122 125
123 317
123 238
123 475
123 126
495 182
495 492
495 494
495 496
495 497
495 498
125 688
125 126
125 127
125 128
317 315
317 316
317 563
317 318
317 319
317 320
238 235
238 237
238 239
238 240
238 241
475 472
475 473
475 474
475 872
475 477
126 666
126 128
127 130
127 664
127 128
688 685
688 687
688 876
688 690
688 691
128 130
666 509
666 663
666 664
666 665
666 667
666 668
666 669
130 132
130 133
664 661
664 662
664 663
664 665
132 133
132 134
133 134
133 135
133 136
133 534
134 135
134 136
134 197
135 136
135 137
136 137
136 541
534 531
534 532
534 533
534 536
534 537
197 194
197 195
197 196
197 198
197 199
197 200
197 594
137 139
137 140
541 538
541 539
541 540
541 542
541 543
541 544
139 140
139 141
139 142
139 377
140 141
140 142
140 143
141 143
141 144
141 886
142 143
142 144
142 145
377 374
377 375
377 376
377 520
377 379
143 144
143 145
143 146
144 145
144 146
144 147
886 883
886 884
886 885
886 887
886 888
886 889
145 146
145 147
145 148
146 420
146 148
146 149
146 381
147 977
147 148
147 149
147 150
148 149
148 150
148 151
420 417
420 418
420 419
420 421
420 423
420 770
420 852
149 150
149 151
149 152
381 378
381 379
381 380
381 382
381 384
977 190
977 547
977 974
977 976
977 980
150 151
150 152
150 954
151 152
151 153
151 154
152 153
152 154
152 155
954 385
954 951
954 952
954 953
954 955
954 956
954 957
153 154
153 155
153 156
154 155
154 156
154 157
155 333
155 157
155 158
156 157
156 158
156 159
157 158
157 159
157 160
333 330
333 331
333 332
333 334
333 335
333 336
333 832
158 161
158 159
158 160
159 162
159 699
159 160
160 161
160 162
160 163
161 163
161 164
161 380
162 163
162 164
162 165
699 696
699 697
699 698
699 979
699 700
699 701
699 702
163 164
163 165
163 166
164 165
164 167
164 177
380 378
380 379
380 382
380 383
165 168
165 172
165 271
166 167
166 168
166 169
167 168
167 169
167 170
177 174
177 175
177 176
177 721
177 178
177 180
168 169
168 170
168 171
172 169
172 170
172 171
172 173
172 174
172 175
172 984
271 268
271 269
271 270
271 272
271 273
271 274
169 170
169 171
170 171
170 173
171 173
171 174
173 174
173 175
173 176
174 175
174 176
175 176
175 178
984 981
984 982
984 983
984 985
176 178
176 179
178 179
178 180
178 181
179 180
179 181
179 182
721 718
721 719
721 720
721 722
721 723
721 724
180 181
180 182
180 183
181 674
181 964
181 183
181 184
182 183
182 185
183 205
183 184
183 185
183 186
674 671
674 672
674 673
674 675
674 676
674 677
964 962
964 967
184 503
184 185
184 186
185 186
185 187
185 188
205 202
205 203
205 204
205 461
205 938
186 187
186 188
186 189
503 500
503 501
503 502
503 972
503 505
503 506
187 188
187 189
187 190
188 189
188 190
188 191
189 190
189 191
189 192
190 193
190 191
191 193
191 194
191 861
191 192
192 193
192 194
192 195
193 194
193 196
194 195
194 196
861 858
861 859
861 860
861 862
861 864
195 196
195 198
196 390
196 199
198 199
198 200
198 985
198 542
390 387
390 389
390 452
390 391
390 392
199 200
199 202
199 653
200 737
200 515
200 203
200 214
594 591
594 592
594 593
594 595
594 596
985 982
985 983
985 986
985 987
985 988
542 539
542 540
542 543
542 544
202 203
202 204
653 650
653 651
653 652
653 654
653 655
653 656
737 304
737 734
737 735
737 736
737 738
737 740
515 512
515 513
515 514
515 516
515 517
515 518
203 201
203 729
214 211
214 213
214 225
214 215
214 217
201 204
201 782
204 961
204 207
782 780
782 781
782 783
782 784
782 785
729 726
729 727
729 728
729 730
729 731
729 732
961 958
961 959
961 960
961 962
207 209
207 210
207 340
461 458
461 459
461 460
461 814
461 463
461 464
938 935
938 936
938 937
938 939
938 940
938 941
874 614
874 662
874 873
208 209
208 210
208 211
209 210
209 212
209 213
209 692
209 560
210 211
210 212
210 213
340 337
340 338
340 339
340 779
340 342
340 343
340 639
211 975
211 212
211 213
212 907
212 213
212 215
213 215
692 689
692 690
692 691
692 932
692 693
560 557
560 558
560 559
560 561
560 562
560 563
975 972
975 973
975 974
975 976
975 978
907 904
907 905
907 906
907 908
907 909
907 910
215 216
215 217
215 218
225 222
225 223
225 224
225 227
225 228
225 934
225 301
217 216
217 229
217 219
217 220
216 218
216 219
218 779
218 219
218 220
219 220
219 221
219 222
229 226
229 227
229 228
229 230
229 231
229 232
220 221
220 222
220 223
779 776
779 777
779 780
779 781
221 338
221 222
221 479
221 224
222 223
222 224
223 226
223 224
338 335
338 336
338 337
338 741
338 871
338 339
338 823
479 476
479 477
479 478
479 482
479 480
224 226
224 227
224 647
226 228
226 668
227 228
227 230
647 644
647 645
647 646
647 650
647 703
228 230
228 231
934 353
934 931
934 932
934 936
934 937
301 298
301 299
301 300
301 900
301 304
668 405
668 665
668 667
668 669
668 671
230 231
230 232
230 233
231 801
231 232
231 233
231 913
232 233
232 234
232 235
233 234
233 235
801 798
801 799
801 800
801 802
801 803
801 804
913 619
913 910
913 911
913 912
913 914
913 916
913 919
234 235
234 237
235 237
237 239
237 240
715 319
715 713
715 717
715 718
239 240
239 241
239 242
240 241
240 242
240 243
241 242
241 243
241 244
242 243
242 245
242 761
243 244
243 245
243 246
244 245
244 246
244 247
245 246
245 247
245 248
761 758
761 759
761 760
761 762
761 763
246 869
246 247
246 248
246 249
247 967
247 248
247 249
247 250
248 249
248 250
248 251
869 524
869 867
869 871
869 872
249 995
249 250
249 251
249 252
967 969
250 251
250 252
250 253
251 746
251 252
251 253
995 992
995 993
995 994
995 996
995 997
252 253
252 254
252 255
253 254
253 255
253 256
746 459
746 743
746 744
746 748
746 749
254 257
254 255
254 256
255 257
255 256
256 257
256 259
257 259
257 260
257 996
259 260
259 261
260 261
996 993
996 994
996 997
261 264
264 265
264 266
264 267
680 677
680 678
680 679
680 681
680 682
265 266
265 267
265 268
266 267
266 268
266 269
267 268
267 269
267 283
268 269
268 270
269 270
269 272
283 280
283 281
283 282
283 284
283 285
283 286
270 272
270 273
272 273
272 274
272 275
273 404
273 274
273 275
273 276
274 275
274 276
274 277
275 681
275 276
275 277
275 278
404 401
404 403
404 405
404 406
276 433
276 784
276 279
277 279
277 280
277 864
681 678
681 679
681 683
681 684
278 279
278 280
278 281
433 430
433 431
433 432
433 434
433 435
433 436
784 781
784 783
784 785
784 786
784 787
279 851
279 281
279 282
280 281
280 282
864 550
864 862
864 863
864 865
864 866
864 867
281 282
281 284
851 848
851 849
851 850
851 852
851 853
851 854
282 284
282 285
284 339
284 634
284 286
285 319
285 286
286 289
339 336
339 337
339 342
339 564
634 631
634 632
634 633
634 635
634 636
634 637
319 316
319 322
289 290
289 291
289 292
290 291
290 292
290 293
290 819
291 292
291 293
291 294
292 294
292 295
293 294
293 295
293 296
819 816
819 817
819 820
819 821
294 296
294 297
294 425
295 297
295 298
295 630
296 297
296 298
296 529
296 792
297 298
297 299
297 300
425 406
425 422
425 423
425 426
298 299
298 300
630 627
630 628
630 629
630 631
630 632
630 633
529 527
529 528
529 530
529 531
529 532
792 789
792 790
792 791
792 793
792 794
299 300
299 302
300 302
300 303
300 393
302 397
302 303
302 304
302 305
303 304
303 305
303 306
393 391
393 392
393 394
393 396
900 379
900 810
900 897
900 898
900 899
900 903
304 305
304 306
304 307
397 394
397 395
397 396
397 399
397 671
305 306
305 307
305 308
306 362
306 307
306 308
306 309
307 308
307 310
307 926
308 309
308 310
308 311
362 359
362 360
362 361
362 363
362 365
309 310
309 311
309 312
310 522
310 311
310 312
310 313
926 793
926 923
926 925
926 929
926 928
311 312
311 313
311 928
312 313
312 315
522 519
522 520
522 521
522 525
313 775
313 316
928 925
928 927
928 929
928 930
315 316
315 318
775 772
775 776
775 777
775 778
316 318
318 321
318 498
318 320
563 561
563 562
563 564
563 566
563 601
320 321
320 322
320 323
321 322
321 323
321 324
498 499
498 500
498 501
322 323
322 324
322 325
323 324
323 325
323 326
324 325
324 326
324 327
325 326
325 401
326 327
326 328
326 329
327 328
327 329
327 330
327 491
401 398
401 399
401 403
328 329
328 330
328 331
328 732
329 330
329 331
329 332
330 805
330 332
491 488
491 489
491 490
491 492
491 494
331 332
331 334
732 730
732 733
732 735
332 334
332 335
805 802
805 803
805 804
805 806
805 808
334 335
334 336
334 337
335 336
335 337
336 945
336 337
832 830
832 831
832 835
945 942
945 943
945 944
945 946
945 948
741 738
741 739
741 740
741 742
741 743
741 744
871 870
871 872
871 873
823 820
823 821
823 822
823 824
342 343
342 344
342 345
564 561
564 562
564 566
564 567
343 344
343 345
343 346
639 620
639 636
639 637
639 641
639 640
970 969
970 971
970 972
970 973
344 345
344 346
344 347
345 621
345 346
345 348
346 347
346 348
346 349
347 348
347 349
347 350
621 618
621 619
621 620
621 622
621 623
621 624
348 349
348 350
348 351
349 749
349 352
350 353
350 875
350 351
350 352
351 353
351 354
351 845
351 352
749 747
749 748
749 750
749 751
749 752
352 353
352 354
352 355
353 355
353 356
875 872
875 873
875 876
875 878
354 355
354 356
354 357
845 587
845 842
845 843
845 844
845 846
355 356
355 357
355 358
355 770
356 357
356 358
356 359
357 358
357 359
357 360
358 359
358 360
358 361
770 677
770 767
770 768
770 769
359 360
359 361
359 597
360 361
360 363
361 363
361 364
597 595
597 596
597 599
597 600
363 364
363 365
363 366
364 365
364 366
364 367
365 366
365 367
366 367
366 369
367 710
367 682
367 369
367 370
367 659
369 370
369 371
369 372
710 707
710 708
710 709
710 712
710 713
682 679
682 683
682 684
682 685
370 371
370 372
370 373
659 482
659 656
659 657
659 658
659 661
659 662
459 456
459 457
459 458
459 460
459 462
371 372
371 373
371 374
372 373
372 374
372 375
373 374
373 375
373 376
374 375
374 376
375 376
375 378
376 378
376 379
378 379
379 382
520 517
520 518
520 519
520 521
382 385
382 383
382 384
383 385
383 386
383 384
384 385
384 386
384 387
385 387
386 387
386 389
387 814
389 391
389 392
389 855
814 811
814 812
814 813
814 815
814 816
814 817
391 392
391 394
436 434
436 435
436 455
436 437
436 438
392 394
392 395
855 852
855 854
855 887
855 856
452 449
452 451
452 453
452 454
452 455
394 395
394 396
395 396
395 398
396 398
396 399
398 399
398 400
399 400
671 669
671 670
671 673
671 672
400 403
400 700
403 405
403 406
700 697
700 698
700 701
700 702
700 703
742 739
742 740
742 743
742 744
405 406
405 407
405 408
406 408
406 409
407 408
407 409
407 410
408 409
408 410
408 411
409 555
409 410
409 411
409 412
410 411
410 412
410 413
411 917
411 412
411 413
555 552
555 554
555 556
555 558
412 413
412 414
412 415
413 449
413 415
413 416
917 914
917 915
917 916
917 918
917 919
917 920
414 417
414 415
414 416
415 417
415 418
415 416
449 446
449 447
449 448
449 451
416 417
416 418
416 419
417 418
417 419
418 419
418 421
418 576
419 422
419 606
421 422
421 423
576 429
576 530
576 574
576 575
576 577
576 579
422 423
422 640
606 603
606 604
606 605
606 859
606 608
423 426
852 849
852 850
852 853
640 637
640 641
640 642
640 643
426 427
426 429
427 429
427 430
429 431
429 432
430 431
430 432
431 432
431 434
432 434
432 435
434 435
434 437
435 437
435 438
437 438
437 439
438 439
438 441
455 453
455 454
455 456
455 457
455 458
439 441
439 442
441 442
441 443
441 444
442 443
442 444
442 445
443 444
443 445
443 446
444 445
444 446
444 447
445 496
445 446
445 447
445 448
446 645
446 448
447 448
496 493
496 494
496 497
496 499
448 451
645 642
645 643
645 644
645 646
451 453
451 454
453 454
453 456
454 456
454 457
456 457
456 458
457 458
457 460
458 460
460 462
460 463
462 463
462 464
463 464
463 466
464 466
466 468
466 469
468 469
468 471
468 762
469 470
469 471
469 472
471 470
471 472
471 473
471 474
762 759
762 760
762 763
762 765
470 472
470 473
472 473
472 474
473 474
473 476
474 476
474 477
476 477
476 478
477 660
477 478
477 480
872 744
872 870
478 481
478 480
660 657
660 658
660 661
660 662
480 481
480 482
480 483
481 482
481 483
481 484
482 483
482 484
483 484
483 485
483 486
483 661
484 485
484 486
484 487
485 486
485 487
485 488
485 693
486 487
486 488
486 489
661 658
661 662
487 488
487 489
487 490
487 966
488 489
488 490
693 690
693 691
693 696
489 490
489 492
490 492
490 493
966 969
492 493
492 494
493 651
493 494
494 497
651 649
651 650
651 652
651 654
497 532
497 499
497 500
497 795
499 500
499 501
499 502
532 531
532 535
500 501
500 502
795 793
795 794
795 796
795 797
795 798
501 502
501 504
502 504
502 505
504 505
504 506
504 507
505 506
505 507
972 969
972 971
972 973
972 974
506 507
506 509
507 922
507 509
509 511
509 512
922 919
922 921
922 923
922 925
510 513
510 511
510 512
511 513
511 514
511 512
512 513
512 514
513 514
513 516
514 516
514 517
516 518
516 519
516 629
517 518
517 519
518 519
518 521
519 521
629 626
629 627
629 628
629 720
629 631
629 632
521 524
524 527
525 973
525 527
525 528
525 822
788 785
788 786
788 787
788 789
788 790
788 791
527 528
527 530
973 971
973 974
528 530
528 531
822 820
822 821
822 824
530 531
530 533
531 533
533 535
533 536
535 536
535 537
535 538
536 836
536 537
536 538
536 539
537 538
537 539
537 540
538 539
538 540
836 834
836 835
836 837
836 838
539 540
540 774
540 543
774 771
774 772
774 776
774 777
543 545
543 546
543 544
544 545
544 546
544 547
545 546
545 547
545 548
546 547
546 548
546 549
547 548
547 549
547 550
548 549
548 550
548 551
549 550
549 551
549 552
550 551
550 552
551 552
551 554
552 554
554 556
554 557
554 959
758 756
758 757
758 759
758 760
556 557
556 558
556 559
557 558
557 559
959 956
959 957
959 958
959 962
558 559
558 561
559 561
559 562
561 562
562 565
565 839
565 566
565 567
566 567
566 569
601 598
601 599
601 600
601 604
567 569
567 570
839 778
839 837
839 838
839 840
839 842
569 570
569 571
569 572
570 571
570 572
571 572
571 574
572 574
572 575
574 577
574 575
575 577
575 578
577 578
577 579
577 580
578 579
578 580
578 842
578 951
579 580
579 581
579 582
580 581
580 582
580 583
842 840
842 841
842 843
842 844
951 948
951 949
951 950
951 952
581 582
581 583
581 584
582 583
582 584
583 584
583 586
584 586
584 587
586 587
586 588
586 589
587 588
587 589
587 590
588 589
588 590
588 591
589 590
589 591
589 592
589 701
590 591
590 592
590 593
591 592
591 593
592 593
592 595
701 698
701 702
701 704
593 595
593 596
595 846
595 596
596 598
596 599
846 843
846 847
846 848
846 849
598 599
598 600
599 600
600 603
603 604
603 605
604 605
605 608
608 610
608 611
859 856
859 857
859 858
859 862
844 756
844 841
844 843
844 847
610 611
610 612
610 613
611 612
611 613
611 614
612 613
612 614
612 615
613 614
613 615
613 616
614 615
614 616
614 617
615 673
615 616
615 617
615 618
616 617
616 618
616 619
617 618
617 619
617 620
673 670
673 672
673 676
673 847
618 619
618 620
619 620
620 622
620 623
622 623
622 624
623 624
623 625
623 626
624 625
624 626
624 627
625 626
625 627
625 628
626 627
626 628
627 628
628 631
631 632
631 633
720 717
720 718
720 719
720 723
632 633
632 635
633 635
633 636
635 636
635 637
636 637
641 642
641 643
641 644
642 643
642 644
643 644
643 646
644 646
646 834
646 649
834 831
834 835
834 837
649 650
649 652
650 652
703 702
703 705
703 706
703 704
760 757
760 763
652 654
652 655
654 655
654 656
654 657
655 656
655 657
655 658
656 657
656 658
657 658
662 663
662 665
663 665
665 695
665 667
695 694
695 697
695 698
667 669
667 670
669 670
669 672
670 672
672 675
675 676
675 677
675 678
676 677
676 678
676 679
676 712
847 848
847 850
677 678
677 679
678 679
712 709
712 711
712 713
712 714
683 684
683 685
684 685
684 687
685 687
687 689
687 724
687 916
689 690
689 783
759 756
759 757
724 722
724 723
724 755
724 726
724 727
916 914
916 915
916 918
916 919
876 873
876 877
876 878
690 866
690 691
691 694
783 781
783 878
783 785
783 786
866 863
866 865
866 867
694 696
694 697
932 929
932 930
932 931
932 935
696 697
696 698
697 698
979 976
979 978
979 980
979 982
702 705
702 704
704 705
704 706
704 707
705 706
705 707
705 708
706 707
706 708
706 709
707 708
707 709
708 709
708 711
709 711
711 713
711 714
711 858
713 714
713 716
714 835
714 716
714 717
858 856
858 857
716 717
716 718
716 719
835 837
835 838
717 718
717 719
718 738
719 722
738 735
738 736
738 739
738 740
722 723
722 725
723 725
723 756
725 726
725 727
725 728
756 753
756 754
756 755
756 757
755 752
755 753
755 754
755 757
726 727
726 728
727 877
727 728
728 730
728 731
877 878
877 879
877 880
730 731
730 733
731 830
731 733
731 734
733 734
733 735
733 736
830 827
830 942
830 831
734 735
734 736
735 736
736 739
739 740
740 743
743 744
743 860
744 747
860 857
860 862
747 748
747 750
748 750
748 751
750 751
750 752
750 753
751 752
751 753
751 754
752 754
752 767
753 754
754 757
767 765
767 766
767 769
767 768
763 765
763 766
765 766
765 768
766 769
766 768
768 769
768 771
769 771
769 772
771 772
776 777
776 778
777 778
777 780
778 780
778 781
780 904
780 781
904 901
904 902
904 903
904 905
904 906
785 786
785 787
785 947
878 880
878 881
786 787
786 789
787 789
787 790
947 944
947 946
947 948
947 949
789 790
789 791
790 791
790 793
791 793
791 794
793 794
793 796
794 796
794 797
796 797
796 798
796 799
797 798
797 799
797 800
798 799
798 800
799 802
799 800
800 802
800 803
802 803
802 804
803 804
803 806
804 806
806 808
806 809
808 809
808 810
808 811
809 810
809 811
809 812
810 811
810 812
810 813
811 812
811 813
812 813
812 815
813 815
813 816
815 816
815 817
816 817
817 820
820 821
821 824
824 827
969 971
942 939
942 940
942 941
942 944
837 838
837 840
838 840
838 841
840 841
840 843
841 843
848 849
848 850
849 850
850 853
853 885
853 854
853 856
854 856
854 857
885 882
885 883
885 884
885 887
885 888
856 857
887 884
887 888
887 889
887 890
862 865
862 863
865 863
865 867
867 870
870 873
879 880
879 881
879 882
880 881
880 882
880 883
881 882
881 883
881 884
882 883
882 884
883 884
888 889
888 890
888 891
889 890
889 891
889 892
890 891
890 892
890 893
891 892
891 893
891 894
892 893
892 894
893 894
893 896
894 897
894 896
896 897
896 898
896 899
897 898
897 899
898 899
898 901
899 901
899 902
901 902
901 903
902 903
902 905
903 905
903 906
905 906
905 908
906 908
906 909
908 909
908 910
908 911
909 910
909 911
909 912
910 911
910 912
911 912
911 914
912 939
912 914
912 915
914 915
939 936
939 937
939 940
915 918
919 918
919 921
918 920
918 921
920 921
920 923
920 989
921 923
923 925
989 986
989 987
989 988
989 990
989 991
989 992
925 927
927 929
927 930
929 930
929 931
930 931
935 936
935 937
936 937
937 940
940 941
940 943
941 943
941 944
943 944
943 946
944 946
946 948
946 949
948 949
948 950
949 950
949 952
950 952
950 953
952 953
952 955
953 955
953 956
955 956
955 957
955 958
956 957
956 958
957 958
957 960
958 960
960 962
971 974
974 976
976 978
978 980
978 981
980 981
980 982
980 983
981 982
981 983
982 983
983 986
986 987
986 988
987 988
987 990
988 990
988 991
990 993
990 991
990 992
991 993
991 994
991 992
992 993
992 994
993 994
994 997
1
