1000 1 2000
1 3
1 999
1 584
1 1000
1 653
3 2
3 739
3 4
999 997
999 998
999 1000
584 582
584 583
584 585
1000 2
653 651
653 652
653 867
653 655
2 4
4 6
4 832
739 737
739 738
739 740
739 741
6 5
6 7
6 8
832 830
832 831
832 833
832 834
5 7
7 9
7 8
8 9
8 370
8 896
9 11
9 392
370 368
370 369
370 372
896 894
896 895
896 897
896 898
11 10
11 12
11 13
392 390
392 391
392 393
392 394
10 12
12 13
12 14
13 14
13 15
14 15
14 16
15 17
15 16
16 17
16 18
17 18
17 19
18 19
18 20
19 267
19 20
19 21
20 21
20 22
267 265
267 266
267 269
21 69
21 180
22 23
22 24
69 67
69 68
69 70
69 71
180 178
180 179
180 181
180 182
23 25
23 24
24 25
24 26
24 206
25 26
25 27
26 27
26 28
26 603
206 204
206 205
206 207
27 28
27 29
27 538
28 29
28 30
603 601
603 602
603 604
29 30
29 31
538 536
538 537
538 539
30 31
30 32
31 33
31 32
32 33
32 34
33 34
33 35
34 35
34 36
35 36
35 37
36 37
36 251
36 111
37 38
37 39
251 249
251 250
251 252
251 253
111 109
111 110
111 112
38 642
38 39
38 40
38 393
39 41
39 410
39 40
642 640
642 641
642 643
40 42
40 50
393 391
393 808
393 394
41 42
41 43
410 409
410 901
410 412
42 43
42 44
50 48
50 51
50 52
43 44
43 45
44 45
44 46
45 46
45 854
45 80
46 266
46 48
854 852
854 853
854 855
80 78
80 79
80 81
80 82
266 264
266 265
266 268
48 47
48 49
47 49
49 51
49 574
51 52
51 53
574 572
574 575
574 576
52 53
52 54
53 257
53 54
53 303
54 105
54 55
54 56
54 509
257 255
257 256
257 259
303 301
303 302
303 305
303 304
105 103
105 104
105 107
55 57
55 873
55 56
56 57
56 58
509 434
509 507
509 508
509 510
57 495
57 771
873 871
873 872
873 874
58 59
58 60
495 493
495 494
495 497
495 496
771 698
771 769
771 770
771 773
59 60
59 61
60 61
60 62
61 62
61 63
62 63
62 64
63 65
63 64
64 65
64 66
64 476
65 66
65 67
66 67
66 68
476 474
476 475
476 477
67 68
68 429
68 70
429 427
429 428
429 431
70 349
70 71
70 72
71 352
71 72
349 347
349 348
349 351
72 825
72 74
72 299
352 350
352 351
352 353
352 354
825 690
825 824
825 826
825 827
74 73
74 75
74 76
299 297
299 298
299 301
73 75
75 76
75 77
75 768
76 77
76 78
76 118
77 78
77 79
768 766
768 767
768 770
78 79
118 116
118 117
118 673
79 380
380 378
380 379
380 381
380 431
81 82
81 120
82 83
82 84
120 119
120 121
120 122
83 84
83 98
84 633
84 85
84 86
98 96
98 97
98 99
98 100
633 631
633 632
633 635
85 86
85 87
86 87
86 88
87 89
87 88
88 89
88 90
89 91
89 878
90 91
90 92
91 92
91 652
878 876
878 877
878 879
878 880
92 93
92 94
652 650
652 654
93 94
93 95
94 95
94 96
95 97
95 96
96 97
96 155
97 99
155 153
155 154
155 646
155 938
155 157
99 100
99 101
100 102
100 478
101 102
101 103
102 103
102 104
478 477
478 839
478 479
478 480
103 104
104 106
106 107
106 108
107 109
107 631
108 109
108 110
109 110
631 629
631 630
631 886
631 632
110 112
112 113
112 114
113 114
113 115
114 115
114 116
115 116
115 117
115 791
116 117
117 119
791 789
791 790
791 792
119 121
119 994
673 231
673 671
673 672
673 675
121 122
121 123
994 992
994 993
994 995
122 123
122 124
123 124
123 125
124 125
124 126
125 126
125 127
126 350
126 127
126 128
127 129
127 128
350 348
128 129
128 130
128 355
129 130
129 131
130 132
130 766
355 353
355 354
355 357
131 132
131 133
132 133
132 322
766 611
766 696
766 764
766 765
766 767
133 134
133 135
322 320
322 321
322 323
322 324
134 135
134 136
135 137
135 136
136 137
136 138
137 937
137 139
138 139
138 140
937 935
937 936
937 938
937 939
139 140
139 141
139 888
140 141
140 142
141 449
141 418
141 142
888 734
888 887
142 143
142 144
449 447
449 448
449 450
418 416
418 417
418 419
418 420
143 145
143 144
144 145
144 146
145 146
145 782
146 147
146 148
146 748
782 632
782 780
782 784
147 148
147 149
147 882
148 149
148 150
748 746
748 747
748 749
149 150
149 151
882 880
882 881
882 884
150 151
150 152
151 153
151 934
151 152
152 153
152 154
153 154
934 932
934 933
934 936
154 248
154 379
248 246
248 247
248 249
379 377
379 378
379 381
646 644
646 935
646 648
938 936
938 940
157 156
157 625
157 159
156 158
158 159
158 160
625 623
625 624
625 626
625 627
159 300
159 160
160 161
160 162
300 298
300 301
300 302
161 209
161 162
161 163
162 164
162 302
209 207
209 208
209 210
163 781
163 164
163 165
164 165
164 166
302 301
302 304
781 779
781 780
781 783
165 345
165 166
165 167
166 167
166 168
345 218
345 343
345 344
345 822
167 169
167 342
168 169
168 170
169 170
169 171
342 340
342 341
342 343
342 344
170 171
170 172
171 172
171 173
172 173
172 174
173 174
173 175
174 175
174 176
175 177
175 176
176 177
176 178
177 506
177 179
178 179
506 504
506 505
506 507
506 508
179 181
181 273
181 182
181 183
182 964
182 184
273 271
273 272
273 275
183 185
183 905
183 184
964 552
964 559
964 962
964 963
964 966
184 185
184 186
185 186
185 716
905 903
905 906
186 524
186 187
186 188
716 714
716 715
716 717
716 718
524 522
524 523
524 525
187 188
187 189
188 189
188 752
189 190
189 191
752 750
752 751
752 753
752 754
190 191
190 192
191 193
191 192
192 193
192 194
193 985
193 195
194 195
194 196
985 983
985 984
985 986
985 987
195 196
195 197
196 601
196 198
197 198
197 199
601 600
601 602
198 199
198 200
199 201
199 200
200 201
200 202
201 202
201 203
202 203
202 204
203 204
203 205
204 205
205 207
207 208
208 911
911 909
911 910
911 913
911 912
210 211
210 212
211 212
211 213
212 213
212 954
212 831
213 214
213 215
954 952
954 953
954 955
954 956
831 829
831 830
214 215
214 216
215 217
215 737
216 217
216 218
217 218
217 219
737 290
737 735
737 736
218 219
218 220
219 220
219 221
220 221
220 222
221 222
221 223
222 223
222 224
223 225
223 224
224 225
224 226
225 226
225 227
226 227
226 228
226 950
227 545
227 858
228 229
228 282
950 948
950 949
950 952
545 270
545 543
545 544
545 547
858 856
858 857
858 859
858 860
229 230
229 231
282 280
282 281
282 283
282 284
230 231
230 232
231 233
231 232
232 233
232 234
232 473
233 234
233 235
233 959
234 235
234 236
473 471
473 472
473 620
235 236
235 237
959 960
236 237
236 238
237 238
237 239
238 417
238 239
239 241
239 240
417 415
417 416
417 419
241 240
241 242
241 243
240 242
242 243
242 244
242 454
243 244
243 245
244 245
244 246
454 452
454 453
454 455
245 246
245 247
246 823
246 247
247 249
823 821
823 822
823 824
249 250
249 550
250 252
550 548
550 549
550 551
550 588
252 253
252 254
252 870
253 943
253 255
254 255
254 256
870 868
870 869
870 872
943 328
943 941
943 942
943 944
255 256
256 258
258 259
258 260
259 413
259 260
259 261
260 261
260 262
413 411
413 412
413 414
261 262
261 263
262 263
262 264
262 784
262 533
263 265
263 264
264 265
784 783
784 786
533 531
533 532
533 535
268 269
268 270
269 329
269 970
269 270
270 271
270 272
329 327
329 328
329 331
329 971
970 968
970 969
970 972
271 272
272 274
274 275
274 276
275 276
275 277
276 277
276 278
277 278
277 279
278 279
278 280
279 527
279 693
280 281
280 540
527 525
527 526
527 529
527 528
693 691
693 692
693 694
693 695
281 283
540 539
540 542
283 284
283 285
284 592
284 337
284 285
284 286
285 489
285 287
592 590
592 591
592 627
337 335
337 339
286 435
286 287
489 487
489 488
489 490
489 940
287 289
287 288
435 433
435 436
435 437
289 288
289 610
289 291
288 290
290 291
290 292
610 608
610 611
610 612
291 292
291 293
292 293
292 294
293 294
293 295
293 336
294 295
294 296
295 297
295 296
336 334
336 335
336 760
296 297
296 298
297 298
301 645
645 643
645 644
645 647
304 305
304 306
305 306
305 307
306 307
306 308
307 308
307 309
307 957
308 309
308 310
309 310
309 311
957 955
957 956
957 995
957 958
310 867
310 311
310 312
311 313
311 656
311 312
867 320
867 372
867 812
867 865
867 866
312 313
312 314
313 314
313 315
656 654
656 655
656 657
314 315
314 316
315 316
315 317
316 317
316 318
317 318
317 319
318 793
318 320
319 321
319 320
793 792
793 794
793 795
321 323
323 324
323 325
324 325
324 326
325 326
325 327
326 327
326 328
327 328
328 330
328 438
330 331
330 332
438 436
438 437
438 441
438 439
331 332
331 333
971 711
971 969
971 972
971 973
332 333
332 334
333 334
333 335
334 335
760 758
760 759
760 761
760 762
339 338
339 340
339 341
338 589
589 587
589 588
589 590
589 812
340 341
341 343
343 344
344 346
346 347
346 399
822 820
822 821
347 348
399 397
399 398
399 401
399 400
351 353
351 817
353 354
817 816
817 818
354 356
356 357
356 358
356 879
357 358
357 359
358 434
358 359
879 529
879 877
879 881
359 361
359 360
434 432
434 436
361 360
361 362
361 363
361 520
360 362
362 363
362 364
363 364
363 365
520 518
520 519
520 521
520 744
364 365
364 366
365 366
365 367
366 998
366 367
367 369
367 368
998 620
998 996
998 997
369 368
369 371
371 372
371 373
372 374
373 374
373 375
374 375
374 376
375 377
375 376
376 377
376 378
376 965
377 378
965 963
965 966
381 382
381 383
431 517
431 432
431 433
382 383
382 384
383 385
383 384
384 385
384 386
385 386
385 387
386 387
386 388
387 388
387 389
388 389
388 439
389 390
389 391
439 437
439 441
439 440
390 391
394 395
394 396
808 806
808 810
395 396
395 397
396 397
396 398
397 398
398 400
400 401
400 402
401 402
401 403
402 403
402 404
403 404
403 405
404 405
404 406
405 406
405 407
406 407
406 408
407 409
407 408
408 409
408 651
409 411
409 804
651 532
651 649
651 650
411 412
804 802
804 803
804 805
901 899
901 900
901 903
412 414
414 415
414 416
415 416
419 420
419 421
420 421
420 422
420 562
421 422
421 423
422 423
422 424
562 554
562 560
423 425
423 424
424 425
424 426
425 426
425 427
426 427
426 428
427 428
428 430
430 920
430 743
430 432
920 918
920 919
920 921
743 741
743 745
743 744
432 433
517 515
517 516
517 519
433 988
988 986
988 987
988 989
988 990
436 437
441 839
441 442
440 865
440 442
865 863
865 864
865 866
442 443
442 444
839 837
839 838
443 444
443 445
444 445
444 446
445 446
445 447
446 447
446 448
447 869
448 450
869 789
869 868
450 569
450 451
450 452
569 567
569 568
569 571
451 452
451 453
452 453
453 455
455 583
455 456
583 581
583 582
583 585
456 457
456 458
457 458
457 459
458 459
458 460
459 460
459 461
460 461
460 462
461 462
461 463
462 500
462 464
463 465
463 718
463 464
500 498
500 499
500 501
500 502
464 465
464 466
465 466
465 467
718 717
718 719
466 467
466 468
467 468
467 469
468 469
468 470
469 470
469 471
470 471
470 472
471 472
472 474
474 475
620 618
620 619
620 621
620 622
475 477
477 578
578 576
578 577
578 579
578 591
479 481
479 480
480 481
480 482
481 482
481 483
482 483
482 484
483 484
483 485
484 485
484 486
485 486
485 487
486 513
486 487
486 488
487 488
513 511
513 512
513 514
488 490
490 491
490 492
940 918
940 939
940 941
491 492
491 493
492 493
492 494
493 494
494 496
496 497
496 498
497 498
497 499
498 499
499 501
501 502
501 503
502 904
502 504
503 505
503 504
904 511
904 749
904 902
904 903
904 906
504 505
505 507
507 747
508 510
747 745
747 746
747 749
510 511
510 512
511 512
512 514
514 515
514 516
515 516
516 518
518 519
519 521
519 647
521 522
521 523
647 649
744 742
744 746
522 523
523 525
523 772
525 526
772 709
772 770
772 773
526 528
528 529
528 530
529 531
530 531
530 532
530 573
531 532
532 534
573 571
573 572
573 575
534 535
534 536
535 537
535 536
536 537
537 539
539 541
541 542
541 543
542 543
542 544
543 544
544 546
546 547
546 548
547 548
547 549
548 549
549 551
551 553
551 552
588 586
588 587
553 552
553 554
553 555
552 554
554 555
554 556
555 689
555 557
556 557
556 558
689 687
689 688
689 690
689 691
557 558
557 559
558 559
558 560
559 560
560 561
560 968
561 563
561 968
968 966
968 967
563 564
563 565
564 565
564 566
565 566
565 567
566 567
566 568
567 568
568 570
570 571
570 572
571 572
575 577
575 576
576 577
577 579
579 580
579 581
591 590
591 593
580 581
580 582
581 582
585 586
585 587
586 816
816 814
816 815
816 818
812 810
812 811
812 813
812 814
593 594
593 595
627 626
627 628
627 629
594 595
594 596
595 596
595 597
596 597
596 598
597 809
597 598
597 599
598 599
598 600
809 807
809 811
599 861
599 600
600 602
861 859
861 860
861 862
861 863
602 604
604 605
604 606
605 606
605 607
606 607
606 608
607 609
607 608
608 609
609 611
609 892
611 613
892 890
892 891
892 893
892 894
612 835
612 669
612 613
613 614
613 615
835 833
835 834
835 837
669 667
669 668
669 775
669 670
669 671
614 615
614 616
615 617
615 616
616 617
616 618
617 618
617 619
618 619
619 621
621 622
621 623
622 623
622 624
623 624
624 626
626 628
628 629
628 630
629 630
630 632
632 634
886 884
886 885
886 887
634 635
634 636
635 636
635 637
636 637
636 638
637 638
637 639
638 639
638 640
639 641
639 640
640 641
641 643
643 644
935 933
648 649
648 650
649 650
654 655
655 657
655 763
657 658
657 659
763 761
763 764
658 659
658 660
659 660
659 661
659 815
660 661
660 662
661 662
661 663
815 813
815 814
662 663
662 664
663 665
663 664
664 665
664 666
665 666
665 667
666 667
666 668
667 668
668 670
670 671
670 672
775 773
775 774
775 776
671 672
672 674
674 675
674 676
675 676
675 677
676 677
676 678
677 678
677 679
678 679
678 680
679 681
679 680
680 681
680 682
681 682
681 683
682 683
682 684
683 684
683 685
684 685
684 686
685 686
685 687
686 687
686 688
687 688
688 690
690 691
691 692
692 694
694 695
694 696
695 697
695 696
696 697
697 698
697 699
698 699
698 700
699 700
699 701
700 701
700 702
701 702
701 703
702 703
702 704
703 705
703 704
704 705
704 706
705 706
705 707
706 707
706 708
706 851
707 708
707 709
708 709
708 710
851 849
851 850
851 852
709 711
710 711
710 712
711 713
712 713
712 714
713 714
713 715
714 715
714 923
715 717
923 921
923 922
923 924
717 719
719 721
719 906
719 720
721 720
721 722
721 723
906 907
720 722
722 723
722 724
723 724
723 725
724 725
724 726
725 977
725 726
726 727
726 728
977 975
977 976
977 978
977 979
727 729
727 728
728 729
728 730
729 730
729 731
730 731
730 732
731 732
731 733
732 733
732 734
733 734
733 735
734 735
734 736
735 736
736 738
738 740
740 741
740 742
741 742
742 848
848 846
848 847
848 849
848 850
745 746
749 750
750 751
751 753
751 880
753 754
753 755
880 762
754 755
754 756
755 756
755 757
756 945
756 757
756 758
757 758
757 759
945 944
945 946
758 759
759 761
761 762
762 764
764 765
765 767
767 821
821 819
821 820
770 769
773 774
774 776
776 777
776 778
777 778
777 779
777 973
778 779
778 780
779 780
973 972
973 975
783 785
785 786
785 787
786 787
786 788
787 788
787 789
788 789
788 790
789 790
790 792
792 794
794 795
794 796
795 796
795 797
796 797
796 798
797 798
797 799
798 799
798 800
799 801
799 800
800 801
800 802
801 802
801 803
802 803
803 805
805 806
805 807
806 807
807 890
890 889
890 891
810 811
811 813
813 814
814 931
931 929
931 930
931 932
818 819
818 820
819 820
824 826
826 827
826 828
827 828
827 829
828 829
828 830
829 830
833 834
834 836
836 837
836 838
837 838
838 840
840 841
840 842
841 842
841 843
842 843
842 844
843 844
843 845
844 845
844 846
845 846
845 847
846 847
847 849
849 850
850 852
852 853
853 855
855 857
855 856
857 856
857 859
859 860
860 862
862 863
862 864
863 864
864 866
866 868
872 871
872 874
874 875
874 876
875 876
875 877
876 877
881 883
883 884
883 885
884 885
885 887
887 889
889 891
891 893
893 894
893 895
894 895
895 897
897 898
897 899
898 899
898 900
899 900
900 902
902 903
907 908
907 909
908 909
908 910
909 910
910 912
912 913
912 914
913 914
913 915
914 915
914 916
915 916
915 917
916 917
916 918
917 918
917 919
918 919
919 921
921 922
922 924
924 925
924 926
925 926
925 927
926 927
926 928
927 929
927 928
928 929
928 930
929 930
930 942
942 941
942 944
932 933
939 941
944 946
946 947
946 948
947 948
947 949
948 949
949 951
949 958
951 953
951 952
958 956
958 960
952 953
953 955
955 956
995 993
995 997
960 961
960 962
961 962
961 963
962 963
966 967
967 969
972 974
974 975
974 976
975 976
976 978
978 979
978 980
979 980
979 981
980 981
980 982
981 982
981 983
982 983
982 984
983 984
984 986
986 987
987 989
989 990
989 991
990 991
990 992
991 993
991 992
992 993
997 996
1
