100 1 300
1 2
1 3
1 4
1 98
1 99
1 17
1 57
2 3
2 100
2 51
2 4
3 6
3 40
3 9
4 5
4 7
4 19
4 54
98 95
98 97
98 99
98 100
99 28
99 68
99 96
99 97
99 100
17 14
17 15
17 16
17 39
17 20
57 33
57 39
57 55
57 60
100 11
100 65
100 71
51 48
51 49
51 50
51 52
51 53
51 54
6 5
6 7
6 8
6 9
40 14
40 37
40 38
40 42
40 43
40 59
40 96
9 8
9 10
9 11
9 12
9 47
5 7
5 8
7 8
7 10
7 23
19 16
19 18
19 20
19 21
19 22
19 87
54 23
54 52
54 53
54 84
54 86
8 10
8 11
10 65
10 11
10 12
10 13
23 20
23 21
23 22
23 24
23 26
11 13
11 14
12 34
12 13
12 15
12 20
47 44
47 45
47 48
47 49
47 58
65 62
65 63
65 64
65 66
65 68
13 14
13 15
13 16
14 15
14 16
34 32
34 33
34 35
34 36
34 37
15 16
15 18
20 18
20 21
20 86
16 18
18 21
39 36
39 37
39 38
39 41
39 42
39 46
21 24
21 25
22 24
22 25
87 84
87 85
87 86
87 89
87 90
86 83
86 84
86 89
24 25
24 26
24 27
25 66
25 26
25 27
25 28
26 27
26 28
26 29
27 28
27 29
27 30
66 64
66 67
66 69
66 84
28 29
28 31
29 82
29 30
29 31
29 32
30 55
30 31
30 32
31 33
31 60
31 32
82 79
82 80
82 81
82 83
82 84
32 33
32 35
55 52
55 53
55 56
55 58
33 35
33 36
60 61
60 62
60 63
35 36
35 37
35 38
36 37
36 38
37 38
37 89
38 41
89 88
89 91
89 92
41 42
41 43
41 44
42 43
42 44
42 73
46 43
46 44
46 45
46 48
46 49
43 44
43 45
59 56
59 58
59 61
59 62
96 62
96 93
96 94
96 95
96 97
44 45
44 56
44 93
73 70
73 71
73 72
73 74
73 75
73 76
45 48
56 53
56 58
93 90
93 91
93 92
93 95
48 49
48 50
49 50
49 52
58 61
50 52
50 53
52 53
52 61
61 62
61 64
84 83
62 63
62 64
63 90
63 64
64 67
90 88
90 91
90 92
67 68
67 69
67 70
68 69
68 70
68 71
69 70
69 71
69 72
70 71
70 72
71 72
71 74
72 74
72 75
74 75
74 76
74 77
75 76
75 77
75 78
76 77
76 78
76 79
77 78
77 79
77 80
78 79
78 80
78 81
78 88
79 80
79 81
80 81
80 83
81 83
81 88
88 85
83 85
85 94
94 91
94 92
94 97
94 95
91 92
92 95
95 97
1
