1000 1 3000
1 2
1 3
1 4
1 999
1 342
2 258
2 3
2 4
2 999
2 1000
2 759
3 4
3 5
3 1000
3 950
4 5
4 6
4 7
4 716
4 717
999 996
999 997
999 998
999 1000
342 339
342 340
342 341
342 343
342 344
258 256
258 257
258 259
258 260
258 261
1000 463
1000 997
1000 998
759 756
759 757
759 758
759 951
759 957
5 6
5 7
5 8
5 338
950 948
950 949
950 951
950 952
950 953
6 7
6 8
6 9
7 8
7 10
7 211
716 548
716 713
716 715
716 718
716 719
717 714
717 715
717 870
717 718
8 9
8 10
8 330
338 218
338 335
338 337
338 339
338 341
9 10
9 12
9 18
10 11
10 12
10 13
211 53
211 208
211 209
211 213
211 214
330 320
330 327
330 328
330 329
330 331
330 332
330 333
12 11
12 13
12 14
12 15
18 15
18 16
18 17
18 19
18 20
18 21
11 13
11 14
11 124
13 489
13 14
13 15
13 16
14 132
14 15
14 16
14 17
124 122
124 123
124 764
124 669
15 16
15 17
489 486
489 487
489 488
489 491
489 492
16 17
16 19
132 129
132 130
132 133
132 135
17 19
17 20
19 499
19 20
19 21
19 22
20 21
20 22
20 23
21 518
21 108
21 22
21 24
499 496
499 497
499 498
499 500
499 501
22 23
22 24
22 25
23 24
23 25
23 26
518 515
518 516
518 517
518 519
518 520
518 521
108 105
108 106
108 107
108 455
108 109
108 111
24 25
24 26
24 27
25 809
25 26
25 27
25 28
26 27
26 28
26 29
27 28
27 29
27 30
809 806
809 807
809 808
809 810
809 811
28 817
28 755
28 29
28 30
29 30
29 31
29 32
30 33
30 952
30 31
817 814
817 815
817 816
817 818
817 819
817 820
755 752
755 753
755 975
755 756
755 757
31 33
31 34
31 32
32 34
32 35
32 601
33 34
33 35
33 36
952 949
952 951
952 995
952 953
952 954
952 955
34 35
34 37
34 360
35 36
35 37
35 38
601 598
601 599
601 600
601 602
601 603
601 604
36 37
36 38
36 39
37 38
37 39
37 40
360 357
360 358
360 359
360 361
360 362
360 363
38 39
38 40
38 41
39 40
39 41
39 42
39 721
40 41
40 42
40 43
40 147
41 42
41 43
41 44
42 43
42 44
42 45
42 191
721 719
721 720
721 722
721 723
43 44
43 45
43 46
147 144
147 145
147 146
147 149
147 150
44 45
44 46
44 47
45 549
45 46
45 245
191 188
191 190
191 416
191 672
191 192
46 49
46 826
46 816
47 48
47 49
47 50
549 253
549 546
549 547
549 550
549 551
549 552
245 242
245 243
245 244
245 246
245 247
245 248
49 48
49 612
49 50
49 51
49 52
826 823
826 824
826 825
826 827
826 828
826 829
816 813
816 814
816 815
816 818
816 819
48 50
48 51
50 51
50 52
50 53
51 165
51 53
51 54
612 609
612 610
612 611
612 613
612 615
52 946
52 53
52 54
52 55
53 54
53 55
53 56
165 162
165 163
165 164
165 166
165 167
165 168
54 55
54 56
54 928
946 142
946 943
946 944
946 945
946 948
946 949
55 56
55 57
55 58
56 57
56 58
56 59
928 111
928 760
928 926
928 927
928 930
928 931
57 722
57 58
57 59
58 59
58 60
58 61
59 219
59 60
59 61
59 62
722 719
722 720
722 723
722 724
722 725
60 61
60 62
60 63
61 404
61 62
61 64
219 216
219 217
219 218
219 220
219 221
62 65
62 63
62 64
63 65
63 66
63 64
404 401
404 402
404 403
404 405
404 406
404 597
64 65
64 66
64 67
64 618
65 66
65 67
65 68
66 67
66 68
66 69
67 68
67 69
67 70
618 227
618 615
618 616
618 617
618 619
68 70
68 71
68 73
68 974
69 71
69 815
69 538
70 71
70 72
70 73
71 72
71 73
71 74
73 72
73 74
73 75
73 76
974 971
974 972
974 973
974 975
974 977
815 812
815 813
815 818
538 535
538 536
538 537
538 539
538 540
538 541
72 74
72 75
72 96
74 75
74 76
74 77
74 477
75 76
75 77
75 78
96 93
96 94
96 99
96 229
76 77
76 78
76 79
76 714
77 78
77 79
77 80
477 154
477 251
477 474
477 475
477 476
477 479
78 79
78 80
78 81
79 80
79 81
79 82
714 301
714 711
714 712
714 713
714 894
80 81
80 82
80 83
80 511
81 82
81 83
81 84
82 83
82 84
82 85
83 654
83 84
83 85
83 86
511 508
511 509
511 510
511 514
511 512
84 230
84 841
84 85
85 276
85 87
85 88
654 185
654 651
654 652
654 653
654 655
654 656
86 559
86 87
86 88
86 89
230 227
230 228
230 229
230 231
230 232
230 233
841 839
841 840
841 842
841 843
841 844
276 273
276 274
276 275
276 277
276 278
276 279
87 88
87 89
87 90
88 977
88 89
88 90
559 556
559 557
559 558
559 560
559 562
89 90
89 91
89 92
90 91
90 92
90 93
977 976
977 978
977 979
977 980
91 92
91 93
91 94
92 93
92 94
92 95
93 94
93 95
94 97
94 95
95 97
95 98
95 172
95 848
97 100
97 718
97 304
97 315
98 99
98 804
98 101
172 169
172 173
172 174
172 175
848 845
848 846
848 847
848 865
848 849
99 100
99 101
99 102
99 362
229 226
229 227
229 228
229 232
229 297
100 101
100 102
100 103
718 715
718 719
718 720
304 302
304 303
304 305
304 306
304 307
315 312
315 313
315 314
315 316
315 317
315 318
804 801
804 803
804 805
804 806
804 807
101 102
101 103
101 104
102 103
102 104
102 954
362 346
362 359
362 361
362 364
103 104
103 105
103 106
103 311
104 105
104 106
104 107
954 951
954 953
954 955
954 956
954 957
105 106
105 107
106 107
106 109
106 730
311 308
311 309
311 310
311 313
311 314
107 109
107 110
109 110
109 111
109 112
730 727
730 728
730 729
730 731
730 733
110 398
110 111
110 112
110 113
455 452
455 453
455 454
455 456
455 457
111 580
111 112
111 114
112 485
112 113
112 114
112 115
398 395
398 396
398 397
398 399
398 401
113 170
113 114
113 115
113 116
113 887
580 577
580 578
580 579
580 581
580 582
580 583
114 115
114 116
114 117
485 482
485 483
485 484
485 486
485 488
115 116
115 117
115 118
170 167
170 168
170 169
170 171
170 173
116 117
116 118
116 119
116 502
887 884
887 885
887 886
887 888
887 890
117 118
117 119
117 120
118 119
118 120
118 121
119 120
119 121
119 122
119 604
502 500
502 501
502 504
502 505
120 212
120 121
120 122
120 123
121 840
121 122
121 123
122 879
122 125
122 670
604 602
604 603
604 605
604 607
212 209
212 210
212 213
212 215
212 504
123 282
123 126
840 685
840 837
840 838
840 839
840 842
879 401
879 876
879 877
879 880
879 882
125 126
125 127
125 128
670 644
670 667
670 669
670 673
670 672
282 279
282 280
282 281
282 482
282 283
282 284
282 285
126 129
126 897
126 607
764 761
764 763
764 811
764 765
764 766
764 767
669 462
669 666
669 668
669 838
669 978
669 672
127 129
127 130
127 136
127 206
127 691
128 129
128 131
128 365
129 130
129 131
897 894
897 895
897 896
897 898
897 899
897 900
607 605
607 606
607 609
607 610
607 608
130 131
130 133
136 133
136 134
136 135
136 138
136 139
206 203
206 204
206 205
206 208
206 209
691 688
691 692
691 693
691 694
131 133
131 461
131 174
365 363
365 366
365 367
365 368
133 134
133 135
461 458
461 459
461 460
461 462
461 463
461 464
174 171
174 173
174 207
174 177
174 635
135 134
135 137
135 138
134 137
137 195
137 138
137 140
138 139
138 140
138 141
139 871
139 141
139 142
195 192
195 193
195 194
195 196
195 198
195 274
140 296
140 142
140 379
141 142
141 143
141 144
871 403
871 868
871 869
871 870
871 873
871 874
142 645
142 143
142 145
296 293
296 294
296 295
296 297
296 298
296 299
379 377
379 378
379 380
379 381
379 382
143 144
143 145
143 146
144 145
144 146
144 919
645 642
645 644
645 737
645 646
645 647
145 146
145 148
146 148
146 149
919 916
919 917
919 918
919 920
919 922
148 149
148 150
148 151
148 255
149 150
149 151
149 152
150 151
150 152
150 153
151 152
151 153
151 154
255 252
255 257
255 855
255 256
152 153
152 154
152 155
153 154
153 155
153 156
154 155
154 157
155 156
155 157
155 158
156 157
156 158
156 159
157 158
157 159
157 160
158 161
158 205
158 159
158 160
159 161
159 162
159 160
160 162
160 902
160 911
160 246
161 162
161 163
161 164
161 963
205 202
205 203
205 204
205 207
162 163
162 399
902 900
902 901
902 903
902 904
911 553
911 909
911 910
911 912
911 913
246 183
246 243
246 244
246 609
246 723
246 247
246 248
163 164
163 166
164 166
164 167
963 456
963 960
963 961
963 962
963 964
963 965
399 396
399 397
399 400
399 401
399 402
166 167
166 168
166 169
166 371
167 168
167 169
168 169
168 171
169 186
371 369
371 370
371 373
371 374
171 837
171 329
171 473
186 183
186 620
186 187
186 189
173 175
173 176
837 834
837 836
837 838
837 839
329 326
329 327
329 328
329 331
329 633
473 470
473 471
473 472
473 475
473 476
175 177
175 178
175 608
176 775
176 177
176 179
207 204
207 208
207 209
207 210
177 178
177 179
177 180
635 632
635 633
635 634
635 636
635 637
635 638
178 179
178 180
178 181
608 605
608 606
608 609
608 610
608 611
775 286
775 689
775 772
775 773
775 774
775 776
775 777
775 778
179 180
179 181
179 182
180 839
180 181
180 182
180 183
180 190
181 183
181 184
181 922
182 183
182 184
182 185
839 836
839 838
183 184
190 187
190 189
190 192
184 231
184 185
184 533
184 187
922 920
922 923
922 924
922 925
185 753
185 663
185 959
231 228
231 233
231 234
533 530
533 531
533 532
533 720
533 534
533 536
187 188
187 189
753 750
753 751
753 752
753 754
753 756
663 626
663 660
663 661
663 662
663 664
663 665
663 666
959 956
959 957
959 958
959 961
959 960
620 617
620 619
620 621
620 622
620 623
189 188
189 591
189 980
189 192
188 525
525 522
525 523
525 524
525 526
525 527
525 528
591 410
591 588
591 589
591 590
591 592
591 594
980 978
980 979
980 981
980 982
980 983
192 193
192 194
416 413
416 414
416 415
416 417
416 418
416 419
672 671
672 673
672 675
193 194
193 196
194 196
194 197
196 197
196 198
196 199
197 198
197 519
197 200
198 199
198 200
198 201
274 271
274 273
274 396
274 277
199 200
199 201
199 202
519 516
519 517
519 520
519 521
519 793
200 201
200 202
200 203
201 202
201 203
201 204
201 655
202 203
202 204
203 204
655 443
655 652
655 653
655 658
208 209
208 210
209 210
210 213
210 541
213 802
213 494
213 215
541 539
541 540
541 945
541 542
541 543
214 737
214 216
214 217
215 216
215 217
215 218
504 501
504 503
504 506
504 507
802 545
802 799
802 800
802 801
802 803
802 853
494 491
494 492
494 493
494 495
494 496
494 497
737 734
737 735
737 736
737 738
737 739
216 217
216 218
217 888
217 220
218 221
888 885
888 886
888 889
888 890
888 891
220 221
220 222
220 223
221 684
221 659
221 222
221 223
221 224
222 225
222 223
222 224
223 225
223 226
223 514
223 652
684 681
684 682
684 685
684 687
659 656
659 657
659 658
659 754
659 661
659 662
224 225
224 226
224 227
225 226
225 227
225 228
226 227
226 228
226 953
514 512
514 516
514 517
652 649
652 650
652 651
652 653
227 228
228 475
953 951
953 956
475 472
475 474
475 476
232 233
232 234
232 235
297 294
297 295
297 298
297 299
297 300
233 234
233 235
233 236
234 235
234 236
234 237
235 524
235 236
235 238
236 237
236 238
236 239
237 238
237 239
237 240
524 521
524 522
524 523
524 526
524 527
238 239
238 240
238 241
239 240
239 242
239 312
240 241
240 242
240 243
241 242
241 243
241 244
242 298
242 243
242 244
312 309
312 310
312 313
312 314
243 244
244 247
298 295
298 299
298 300
247 248
247 249
247 250
248 249
248 250
248 251
609 302
609 606
609 610
723 720
723 725
723 726
249 250
249 251
249 252
250 316
250 251
250 252
250 253
251 252
251 253
251 254
252 253
252 254
316 313
316 314
316 317
316 318
253 254
253 256
254 257
254 773
254 256
256 257
256 259
257 259
257 260
773 354
773 770
773 771
773 772
773 774
773 776
855 852
855 853
855 854
855 856
855 857
259 260
259 261
259 262
260 261
260 262
260 263
261 262
261 263
261 264
262 263
262 264
262 265
263 264
263 265
263 266
264 265
264 266
264 267
265 266
265 267
265 268
266 267
266 268
266 269
267 269
267 270
267 917
268 269
268 270
268 271
269 270
269 271
269 272
269 796
270 271
270 272
270 273
917 914
917 915
917 916
917 918
917 920
271 273
271 349
272 273
272 466
272 412
796 793
796 794
796 795
796 798
796 799
273 849
273 275
349 346
349 347
349 348
349 350
349 351
349 352
466 463
466 464
466 465
466 467
466 468
466 469
412 409
412 411
412 413
412 414
412 415
849 846
849 847
849 850
849 852
275 277
275 278
396 393
396 394
396 395
396 397
277 278
277 279
277 280
278 279
278 280
278 281
279 280
279 281
280 281
280 283
281 450
281 283
283 515
283 284
283 285
283 286
450 447
450 448
450 449
450 451
450 452
450 453
482 326
482 479
482 480
482 481
482 615
284 285
284 286
284 287
285 286
285 287
285 288
515 513
515 516
286 287
286 288
287 289
287 308
287 512
287 288
288 289
288 290
288 561
289 290
289 291
289 292
308 305
308 306
308 307
308 309
308 310
512 509
512 510
512 513
290 291
290 292
290 293
561 558
561 560
561 978
561 563
561 564
291 292
291 293
291 294
292 293
292 294
292 295
293 294
293 295
294 295
299 933
299 300
299 302
300 301
300 302
300 303
933 930
933 931
933 932
933 934
933 935
933 936
302 301
302 746
302 305
302 307
301 303
303 488
303 305
303 306
746 340
746 743
746 744
746 745
746 747
746 748
305 306
305 307
307 306
307 309
488 486
488 487
488 491
306 309
309 310
310 971
971 968
971 969
971 970
971 972
971 973
313 314
314 317
317 318
317 319
317 320
318 321
318 319
318 320
319 321
319 322
319 320
320 322
320 323
321 323
321 324
321 751
322 323
322 324
322 325
323 324
323 325
323 357
324 326
324 327
324 540
751 748
751 749
751 750
751 814
751 752
325 326
325 327
325 328
357 355
357 356
357 595
357 436
357 924
326 327
326 328
327 328
540 537
540 542
540 543
328 331
331 332
331 333
331 334
331 505
331 636
633 630
633 632
633 634
633 636
332 333
332 334
332 335
333 334
333 335
333 336
334 516
334 336
334 337
505 503
505 507
505 508
636 634
636 638
636 639
335 336
335 337
335 694
336 337
336 765
336 544
516 513
516 517
337 940
337 339
337 340
694 570
694 692
694 693
694 695
694 696
765 762
765 763
765 766
765 767
765 768
544 421
544 542
544 543
544 545
544 546
544 547
940 937
940 938
940 939
940 942
940 943
339 340
339 341
340 341
340 343
341 967
341 343
341 344
343 344
343 345
343 346
967 964
967 965
967 966
967 968
967 970
344 345
344 346
344 347
345 346
345 347
345 348
346 347
346 348
347 348
347 350
348 350
348 351
350 353
350 351
350 352
351 353
351 354
351 352
352 353
352 354
352 355
352 631
353 706
353 355
353 356
354 356
354 925
355 356
355 358
631 586
631 628
631 629
631 630
631 632
631 634
706 417
706 703
706 704
706 705
706 707
706 708
706 709
356 358
356 359
925 546
925 923
925 924
925 926
925 927
358 359
358 361
358 798
359 803
595 592
595 593
595 594
595 596
595 598
436 433
436 434
436 435
436 899
436 437
436 438
436 439
924 822
924 921
924 923
924 927
361 363
361 364
798 795
798 797
798 801
798 799
803 800
803 801
803 805
803 806
363 644
363 366
363 793
364 366
364 367
364 719
644 641
644 642
644 643
644 646
644 647
366 367
366 368
366 369
793 790
793 791
793 792
793 794
367 464
367 370
367 536
719 720
368 554
368 369
368 370
368 568
369 370
369 372
464 462
464 463
464 465
464 467
370 372
370 373
536 534
536 535
536 965
536 539
554 551
554 552
554 553
554 555
554 556
554 557
554 864
568 513
568 565
568 566
568 567
568 570
568 571
372 373
372 374
372 375
373 374
373 375
373 376
374 715
374 376
374 377
375 376
375 377
375 830
376 377
376 378
376 758
715 712
715 713
377 683
377 378
377 380
830 827
830 828
830 829
830 833
830 831
830 832
378 380
378 381
758 756
758 757
758 760
758 761
683 680
683 681
683 682
683 685
683 686
380 381
380 382
380 383
381 890
381 382
381 383
381 384
382 385
382 560
382 734
382 383
382 384
383 385
383 386
383 384
890 889
890 891
890 893
384 385
384 387
384 744
385 386
385 387
385 388
560 557
560 558
560 563
734 731
734 732
734 733
734 736
386 387
386 388
386 389
387 388
387 389
387 390
744 741
744 742
744 743
744 745
744 747
388 389
388 390
388 391
388 625
389 390
389 391
389 392
390 391
390 392
390 393
391 392
391 393
391 394
625 622
625 623
625 624
625 626
625 628
392 393
392 394
392 395
393 394
393 395
394 395
394 397
395 397
397 400
400 401
400 402
400 403
401 998
401 403
402 403
402 405
403 405
403 406
998 995
998 996
998 997
405 406
405 407
405 408
406 407
406 408
406 409
597 594
597 596
597 782
597 598
597 599
597 600
407 408
407 409
407 410
408 409
408 410
408 411
409 410
409 411
410 411
410 413
411 413
411 414
413 414
413 415
414 417
414 415
415 417
415 418
417 418
417 420
417 690
418 419
418 420
418 421
419 420
419 421
419 422
420 421
420 422
420 423
690 687
690 688
690 689
690 692
690 693
690 827
421 422
421 423
422 423
422 424
422 425
423 424
423 425
423 426
424 425
424 426
424 427
425 426
425 427
425 428
425 665
426 427
426 428
426 429
427 428
427 429
427 430
428 429
428 430
428 431
665 662
665 664
665 666
665 668
429 431
429 432
429 664
430 431
430 432
430 433
430 725
431 432
431 433
431 434
431 692
432 586
432 433
432 435
664 661
664 662
664 666
664 667
433 903
433 434
433 435
725 724
725 727
725 728
434 435
434 437
692 689
692 695
586 575
586 583
586 585
586 587
586 588
435 437
435 438
903 900
903 901
903 905
903 906
437 438
437 439
437 440
438 439
438 440
438 441
899 896
899 898
899 900
899 901
439 440
439 441
439 442
440 441
440 442
440 443
441 442
441 443
441 444
442 878
442 443
442 445
443 444
443 445
443 446
444 445
444 446
444 895
878 788
878 875
878 876
878 877
878 880
878 881
445 446
445 447
445 448
446 550
446 447
446 448
895 643
895 892
895 893
895 894
895 898
895 896
447 449
447 448
448 449
448 674
550 547
550 548
550 551
550 552
550 553
449 451
449 452
674 671
674 673
674 675
674 676
674 677
451 452
451 453
451 454
452 454
452 936
453 454
453 456
454 456
454 457
936 934
936 935
936 937
936 938
936 939
456 457
456 458
457 458
457 459
457 460
458 459
458 460
459 460
459 462
460 462
460 463
462 463
463 465
463 832
465 467
465 468
832 829
832 831
832 833
832 835
467 468
467 469
467 470
468 469
468 470
468 471
469 470
469 471
469 472
470 471
470 472
471 472
471 927
472 474
927 926
927 929
927 930
474 476
476 478
476 479
478 481
478 479
478 480
479 481
479 480
481 480
481 484
481 869
480 483
483 484
483 938
484 486
484 487
869 866
869 867
869 868
869 870
869 872
615 613
615 614
615 616
938 935
938 937
938 939
938 941
486 487
486 587
487 490
487 787
487 702
587 584
587 585
587 588
587 590
490 491
490 492
490 493
787 784
787 785
787 786
787 788
787 789
702 699
702 700
702 701
702 705
702 703
491 492
491 493
492 493
492 495
493 495
493 496
495 496
495 497
495 498
496 497
496 498
497 680
497 498
498 500
498 501
680 677
680 678
680 679
680 681
680 682
500 501
500 503
501 503
503 506
506 507
506 508
506 509
507 508
507 509
507 510
508 509
508 510
509 510
510 513
517 520
520 521
520 522
520 523
521 929
521 522
521 523
522 523
523 526
929 926
929 930
929 932
526 527
526 528
526 529
527 810
527 528
527 529
527 530
528 529
528 530
528 531
529 530
529 531
529 532
529 985
810 807
810 808
810 811
810 812
530 531
530 532
531 532
531 534
532 534
532 535
985 982
985 983
985 984
985 986
985 987
534 535
534 537
535 537
537 539
965 962
965 964
965 966
965 968
539 571
539 542
571 569
571 570
571 572
571 573
571 574
542 545
542 673
543 545
543 546
945 942
945 943
945 944
945 947
945 948
545 546
545 547
545 548
673 671
673 675
673 676
546 547
546 548
547 548
548 551
551 552
551 553
552 553
552 555
553 555
553 556
555 556
555 557
555 558
555 794
556 557
556 558
557 558
864 861
864 862
864 863
864 866
864 867
794 791
794 792
794 795
562 563
562 564
562 565
563 564
563 565
563 566
978 975
978 976
978 979
978 981
564 565
564 566
564 567
565 566
565 567
566 874
566 567
566 569
567 569
567 570
874 647
874 872
874 873
874 875
874 876
569 577
569 570
569 572
570 572
577 574
577 576
577 578
572 835
572 573
572 574
572 575
573 574
573 575
573 576
574 575
574 576
835 833
835 834
835 836
835 838
575 578
575 576
576 579
576 907
576 850
578 579
578 581
579 581
579 582
907 904
907 905
907 906
907 908
907 909
907 910
850 847
850 851
850 852
581 582
581 583
581 584
581 762
582 583
582 584
582 585
583 584
583 585
584 995
584 585
762 760
762 761
762 763
585 588
995 992
995 993
995 994
995 997
588 589
588 590
590 589
590 592
590 593
589 592
592 593
592 594
593 594
593 596
594 934
594 596
596 598
596 599
934 931
934 932
934 937
598 599
598 600
599 600
599 602
782 779
782 780
782 781
782 783
782 784
600 602
600 603
602 603
602 605
603 605
603 606
605 606
610 611
610 613
611 613
611 614
613 614
613 616
614 616
614 617
616 617
616 619
617 619
617 668
619 621
619 777
619 724
668 666
668 667
668 671
621 622
621 623
621 624
777 774
777 776
777 778
777 780
777 883
724 726
724 727
622 623
622 624
622 783
623 624
623 626
624 626
624 627
783 780
783 781
783 784
783 785
626 628
626 629
627 628
627 629
627 630
628 629
628 630
629 630
629 632
630 632
632 634
634 637
637 638
637 639
637 640
638 641
638 639
638 640
639 641
639 642
639 640
640 641
640 642
640 643
641 642
641 643
642 643
643 646
646 647
646 648
646 649
647 648
647 649
648 649
648 650
648 651
649 651
649 916
650 651
650 653
651 653
916 859
916 914
916 915
916 918
653 656
656 657
656 658
658 657
658 660
658 661
657 660
660 661
660 662
661 662
754 752
754 756
754 757
666 667
667 742
742 739
742 740
742 743
742 745
838 836
675 676
675 677
675 678
676 677
676 678
676 679
677 678
677 679
678 679
678 681
679 681
679 682
681 682
682 685
685 686
685 687
685 688
686 687
686 688
686 689
687 688
687 689
688 689
693 695
693 696
827 824
827 825
827 828
695 696
695 697
695 698
696 697
696 698
696 699
697 741
697 698
697 699
697 700
698 699
698 700
698 701
699 700
699 701
741 738
741 739
741 740
741 743
700 701
700 703
701 703
701 704
703 705
703 704
704 705
704 707
705 707
705 708
707 708
707 709
707 710
708 709
708 710
708 711
709 710
709 711
709 712
710 711
710 712
710 713
711 712
711 713
712 713
894 891
894 892
894 893
894 896
870 867
870 868
870 872
870 873
726 727
726 728
726 729
727 728
727 729
728 729
728 731
729 731
729 732
731 732
731 733
732 733
732 735
733 806
733 736
735 738
735 736
806 805
806 807
806 808
736 738
736 739
738 739
738 740
739 740
740 743
743 745
745 770
745 747
745 748
747 748
747 749
747 750
770 767
770 768
770 769
770 771
748 749
748 750
749 750
749 752
750 752
814 811
814 812
814 813
814 931
756 757
757 760
975 972
975 973
975 976
760 763
761 763
951 948
951 949
957 955
957 956
957 958
957 960
763 766
766 769
766 767
766 768
811 808
811 812
767 769
767 768
768 769
768 771
769 771
769 772
771 772
771 774
772 774
774 776
776 778
776 779
778 779
778 780
778 781
778 921
779 780
779 781
780 781
883 880
883 881
883 882
883 885
883 886
781 784
921 856
921 918
921 920
921 923
784 786
784 981
785 786
785 788
786 788
786 789
981 979
981 982
981 983
981 984
788 789
788 790
788 791
789 790
789 791
789 792
790 791
790 792
791 792
792 795
795 797
797 799
797 800
799 801
799 821
799 800
800 801
821 818
821 819
821 820
821 822
821 823
853 851
853 852
853 854
853 856
805 807
805 808
807 808
808 947
947 944
947 948
947 949
812 813
931 930
931 932
818 819
818 820
819 820
819 822
820 822
820 823
822 823
822 824
822 825
823 824
823 825
824 825
825 828
828 829
828 831
829 831
831 833
831 834
833 834
833 973
834 836
973 970
973 972
973 976
842 843
842 844
842 845
843 844
843 845
843 846
844 845
844 846
844 847
845 846
845 847
846 847
865 862
865 863
865 866
865 867
865 868
852 851
852 854
851 854
854 856
854 857
856 857
856 859
857 858
857 859
857 860
859 858
859 860
859 862
858 860
858 861
860 861
860 862
860 863
861 862
861 863
862 863
863 866
866 867
866 868
867 868
867 913
913 910
913 912
913 914
913 915
872 873
872 875
873 875
873 876
875 876
875 877
876 877
877 880
880 881
880 882
881 882
881 884
882 884
882 885
884 885
884 886
885 886
886 889
889 891
889 892
891 892
891 893
892 893
893 896
896 898
898 900
898 901
900 901
901 904
904 905
904 906
905 906
905 908
906 908
906 909
908 909
908 910
908 943
909 910
909 912
910 912
943 941
943 942
943 944
912 914
912 915
914 915
915 918
918 920
920 923
923 926
930 932
932 935
935 937
937 939
939 941
939 942
941 942
941 944
942 944
948 949
955 956
955 958
956 958
958 961
958 960
960 961
960 962
961 962
961 964
962 964
964 966
966 968
966 969
968 969
968 970
969 970
969 972
970 972
976 979
979 982
982 983
982 984
983 984
983 986
984 986
984 987
986 987
986 988
986 989
987 988
987 989
987 990
988 989
988 990
988 991
989 990
989 991
989 992
990 993
990 991
990 992
991 993
991 994
991 992
992 993
992 994
993 994
993 996
994 996
994 997
996 997
1
