100 1 200
1 2
1 3
1 100
1 99
2 100
2 3
2 4
3 4
3 86
100 98
100 99
99 97
4 5
4 6
4 61
86 84
86 85
86 87
86 88
5 87
5 7
6 7
6 8
61 59
61 60
61 74
61 63
87 85
87 89
87 88
7 9
7 22
7 8
8 9
8 10
9 33
9 10
9 11
22 20
22 21
22 23
10 26
10 11
33 31
33 32
33 34
11 12
11 13
26 24
26 25
26 27
26 28
12 13
12 14
13 79
13 14
13 15
14 15
14 16
79 77
79 78
79 80
15 17
15 16
16 17
16 18
17 18
17 19
18 19
18 20
19 21
19 72
20 21
21 23
72 70
72 71
72 73
72 74
23 25
23 24
25 24
25 27
27 28
27 29
28 30
28 42
29 30
29 31
30 98
30 35
30 32
42 39
42 40
42 41
42 43
42 44
31 32
98 68
98 96
98 97
35 36
35 37
35 95
32 34
34 43
34 36
43 41
43 44
43 76
36 37
36 46
37 38
37 39
95 93
95 94
95 97
46 44
46 45
46 47
46 48
38 39
38 40
39 41
40 41
44 45
76 77
76 78
45 47
47 49
47 48
48 49
48 50
49 50
49 51
50 52
50 63
51 52
51 53
52 53
52 54
63 62
63 65
63 64
53 54
53 55
54 55
54 56
55 57
55 56
56 57
56 65
57 58
57 59
65 64
65 66
65 67
65 75
58 59
58 60
58 83
59 60
60 62
83 70
83 81
83 82
83 85
62 64
74 73
74 75
64 66
66 67
66 68
67 68
67 69
75 73
75 77
68 69
69 70
69 71
71 73
77 78
78 80
80 81
80 82
81 82
82 84
84 85
88 89
88 90
89 90
89 91
90 91
90 92
91 92
91 93
92 93
92 94
93 94
94 96
96 97
1
