1000 1 2000
1 3
1 511
1 999
1 1000
3 2
3 4
3 5
511 509
511 510
511 513
511 512
999 997
999 998
999 1000
1000 2
1000 998
2 4
4 5
4 6
4 830
5 6
5 7
6 7
6 8
830 40
830 828
830 829
7 9
7 8
8 9
8 10
8 344
9 10
9 11
10 11
10 12
344 342
344 343
344 362
344 346
11 12
11 13
12 13
12 14
13 14
13 15
14 15
14 16
15 17
15 805
15 16
16 17
16 18
17 18
17 19
17 122
17 31
805 804
805 807
18 19
18 20
19 20
19 21
122 120
122 121
122 123
31 30
31 33
20 21
20 22
21 22
21 23
22 50
22 23
23 25
23 24
50 48
50 49
50 51
50 52
25 24
25 580
25 26
25 762
24 873
873 871
873 872
873 874
873 875
580 578
580 579
580 581
580 582
26 27
26 28
26 93
762 760
762 761
762 763
27 28
27 29
28 198
28 279
93 91
93 92
93 94
29 30
29 359
198 196
198 197
198 199
198 732
198 200
279 277
279 278
279 281
279 280
30 32
359 357
359 358
359 361
359 360
32 33
32 109
33 34
33 35
109 107
109 108
109 110
109 111
34 35
34 36
35 36
35 37
36 37
36 38
37 803
37 38
37 39
38 39
38 40
803 801
803 802
803 804
39 41
39 861
40 41
40 42
41 42
41 43
861 859
861 862
861 863
42 43
42 44
43 44
43 374
44 45
44 938
374 372
374 373
374 877
374 376
45 954
45 46
938 246
938 936
938 937
938 939
954 952
954 953
954 955
954 956
46 47
46 48
47 49
47 994
47 48
48 49
49 51
994 993
994 996
51 52
51 53
52 53
52 54
53 54
53 55
54 55
54 855
54 56
54 569
55 57
55 56
855 509
855 853
855 854
855 856
56 57
56 58
569 567
569 570
57 58
57 59
58 59
58 60
59 60
59 61
60 61
60 62
61 62
61 63
62 298
62 573
62 64
63 65
63 212
63 64
298 296
298 297
298 299
573 572
573 574
573 575
64 65
64 66
65 66
65 67
212 210
212 211
212 213
66 67
66 68
67 68
67 69
68 69
68 70
69 70
69 71
70 71
70 72
71 73
71 72
72 73
72 829
73 74
73 258
829 827
829 828
829 831
74 75
74 612
258 256
258 257
258 259
258 260
75 76
75 77
612 611
612 613
612 614
76 77
76 78
76 462
77 78
77 79
78 79
78 80
462 460
462 461
462 463
79 81
79 80
80 82
80 308
81 82
81 83
82 83
82 84
308 306
308 307
308 309
308 310
83 84
83 85
83 857
84 85
84 86
85 86
85 87
857 856
857 859
86 959
86 87
87 89
87 88
959 957
959 958
959 961
959 960
89 88
89 90
89 760
88 90
90 91
90 92
760 758
760 759
760 761
91 92
92 335
335 333
335 334
335 337
335 336
94 95
94 96
95 97
95 96
96 97
96 98
97 98
97 99
98 99
98 100
99 100
99 101
100 101
100 102
101 102
101 103
102 103
102 104
103 105
103 104
104 105
104 106
105 106
105 107
106 889
106 107
107 108
107 425
889 887
889 888
889 890
889 891
108 110
425 423
425 424
425 427
425 561
110 111
110 112
111 113
111 112
112 113
112 114
113 321
113 114
114 115
114 116
321 320
321 322
321 323
115 116
115 117
116 117
116 118
117 118
117 246
118 119
118 120
246 244
246 245
246 247
246 248
119 121
119 120
120 121
121 123
123 124
123 125
123 910
124 125
124 126
125 126
125 127
910 485
910 908
910 909
910 912
126 545
126 250
126 127
127 129
127 128
545 326
545 543
545 544
545 547
250 248
250 249
250 251
250 252
129 128
129 130
129 131
128 130
130 131
130 132
131 132
131 133
132 133
132 134
133 134
133 583
134 135
134 136
583 581
583 582
583 585
583 584
135 137
135 593
136 137
136 138
137 138
137 139
137 725
593 591
593 592
593 594
593 595
138 139
138 140
139 140
139 141
725 538
725 723
725 724
725 726
140 141
140 142
141 142
141 143
142 505
142 143
142 144
143 145
143 928
505 503
505 504
505 506
144 145
144 146
144 533
145 146
145 147
928 926
928 927
928 929
928 930
146 147
146 148
533 531
533 532
533 535
147 148
147 149
148 149
148 150
149 150
149 151
150 151
150 152
151 153
151 152
152 153
152 154
152 243
153 154
153 155
154 155
154 156
243 241
243 242
243 244
155 156
155 157
155 677
156 157
156 158
157 159
157 688
677 159
677 675
677 676
677 679
158 559
158 159
158 160
159 160
688 686
688 687
688 689
688 690
559 557
559 558
559 609
160 161
160 162
161 163
161 581
162 163
162 164
163 165
163 797
581 579
581 582
164 166
164 295
165 852
165 166
165 167
797 795
797 796
797 798
797 799
166 167
166 168
295 293
295 294
295 610
295 296
295 297
852 850
852 851
852 854
167 169
167 168
168 169
168 170
169 170
169 171
170 171
170 172
171 172
171 173
172 173
172 174
173 174
173 175
174 763
174 175
174 176
175 177
175 176
763 761
763 765
176 177
176 178
176 194
177 178
177 179
178 179
178 180
194 192
194 193
194 195
179 180
179 181
180 436
180 182
181 182
181 183
436 434
436 435
436 437
436 438
182 183
182 184
183 522
183 184
184 185
184 186
522 520
522 521
522 759
522 524
185 186
185 187
186 187
186 188
187 188
187 189
188 388
188 189
188 190
189 190
189 191
388 386
388 387
388 847
190 950
190 191
191 193
191 192
950 948
950 949
950 951
950 952
193 192
193 195
195 196
195 197
196 197
197 487
197 199
487 486
487 488
199 201
199 317
732 730
732 731
732 733
200 201
200 202
201 202
201 203
317 315
317 316
317 468
317 318
317 319
202 801
202 204
203 204
203 205
801 799
801 800
801 802
204 205
204 206
205 206
205 207
205 224
206 207
206 208
207 209
207 208
224 222
224 226
208 209
208 210
209 210
209 211
210 211
211 213
213 214
213 215
214 215
214 216
215 217
215 216
216 218
216 260
217 218
217 219
218 219
218 220
260 259
260 261
260 710
219 220
219 221
220 221
220 222
221 222
221 223
222 223
223 225
223 804
225 226
225 227
804 802
804 806
226 227
226 228
227 228
227 229
228 229
228 230
229 377
229 231
230 231
230 232
377 375
377 378
377 379
231 233
231 232
232 233
232 234
233 234
233 235
234 235
234 236
235 236
235 237
235 741
236 313
236 238
237 895
237 238
237 239
741 739
741 740
741 742
313 311
313 312
313 314
313 315
238 942
238 239
238 240
895 893
895 896
239 241
239 240
942 940
942 941
942 944
240 241
240 242
241 242
241 479
242 244
242 319
479 477
479 478
479 481
244 245
319 320
245 247
247 249
247 248
248 249
249 251
251 252
251 253
252 253
252 254
253 254
253 728
253 686
254 255
254 256
728 563
728 726
728 727
728 729
686 684
686 685
255 257
255 256
256 257
257 259
259 261
261 262
261 263
710 708
710 709
710 711
710 712
262 263
262 264
263 265
263 264
264 266
264 879
265 266
265 267
266 267
266 268
879 877
879 878
879 881
879 880
267 268
267 782
268 270
268 758
782 702
782 780
782 781
782 783
782 784
270 269
270 819
270 271
758 756
758 757
758 759
269 271
271 305
271 800
819 817
819 818
819 820
819 821
305 303
305 304
305 306
305 307
800 798
800 799
800 802
272 274
272 324
274 273
274 275
274 276
324 322
324 323
324 325
324 326
273 849
273 275
849 847
849 848
849 850
275 276
275 277
276 563
276 277
276 278
277 278
563 561
563 562
563 564
278 280
280 281
280 282
281 282
281 283
282 283
282 301
283 284
283 285
301 299
301 300
301 302
301 303
284 285
284 286
285 286
285 287
286 287
286 288
287 289
287 318
287 288
288 289
288 290
289 290
289 291
318 320
290 291
290 292
291 292
291 293
292 293
292 294
293 294
294 296
296 297
610 608
610 609
610 611
297 299
299 300
300 302
302 834
302 303
302 304
303 304
834 832
834 833
834 835
304 306
306 307
307 978
307 402
307 894
978 976
978 977
978 979
978 980
402 400
402 403
894 892
894 893
894 896
309 310
309 311
310 311
310 312
311 312
312 314
314 315
314 316
315 316
316 602
602 468
602 600
602 601
602 604
468 466
468 467
468 469
320 322
320 457
322 323
457 455
457 456
457 459
323 325
325 326
325 327
326 328
327 329
327 869
327 328
328 329
328 330
329 330
329 331
869 867
869 868
869 871
330 331
330 332
331 332
331 333
331 337
332 333
332 334
333 334
337 336
337 339
334 336
336 338
338 339
338 340
339 340
339 341
340 341
340 342
341 342
341 343
342 343
343 345
345 346
345 347
362 360
362 361
362 363
346 347
346 348
347 348
347 349
348 349
348 350
349 350
349 351
350 351
350 352
351 353
351 352
352 353
352 354
353 354
353 355
354 355
354 356
355 356
355 357
355 560
356 357
356 358
357 469
357 358
560 558
560 561
358 360
469 467
469 471
360 361
361 363
363 691
363 365
691 689
691 690
691 692
691 693
365 364
365 366
365 367
364 366
366 367
366 368
367 369
367 368
368 369
368 370
369 370
369 371
370 371
370 372
371 372
371 373
372 373
373 375
375 376
877 875
877 876
877 878
376 378
376 787
378 379
378 380
787 714
787 785
787 786
787 788
379 380
379 381
380 381
380 382
381 382
381 383
382 383
382 384
383 385
383 835
383 384
384 385
384 386
385 387
385 396
835 833
835 836
386 387
386 902
387 389
396 394
396 395
396 397
396 398
396 926
902 900
902 901
902 903
389 683
389 391
847 845
847 846
847 848
683 681
683 682
683 684
683 685
391 390
391 393
391 392
390 392
392 393
392 394
393 394
393 395
393 915
394 395
395 397
915 913
915 914
915 917
397 700
397 398
398 399
398 400
926 924
926 925
700 698
700 699
700 701
700 702
399 401
399 400
400 401
401 403
401 532
403 404
403 405
532 530
532 531
532 534
404 540
404 406
405 406
405 407
540 539
540 541
540 542
406 407
406 408
407 409
407 408
408 409
408 410
409 410
409 411
409 512
410 411
410 412
411 412
411 413
512 510
512 514
412 413
412 414
412 832
413 414
413 415
414 415
414 416
832 831
415 417
415 416
416 417
416 418
417 418
417 503
418 635
418 420
503 501
503 502
503 808
635 633
635 634
635 636
635 637
420 419
420 421
420 422
419 421
421 422
421 423
422 443
422 424
423 424
443 441
443 442
443 444
443 445
424 426
426 427
426 428
427 428
427 429
428 429
428 430
429 430
429 431
430 431
430 432
431 433
431 751
432 433
432 434
433 434
433 435
751 624
751 749
751 753
751 752
434 435
435 437
437 465
437 438
438 439
438 440
465 463
465 464
465 466
465 467
439 441
439 654
440 441
440 442
440 472
441 442
654 652
654 653
654 655
654 656
442 444
472 470
472 471
472 474
444 445
444 446
445 446
445 447
446 447
446 448
447 449
447 564
447 448
448 449
448 450
448 585
449 450
449 451
564 562
564 565
450 451
450 992
450 974
585 584
585 587
451 452
451 453
992 990
992 991
992 993
974 972
974 973
974 975
974 976
452 454
452 570
453 454
453 455
454 455
454 456
570 568
570 571
570 572
455 456
456 458
458 459
458 460
459 460
459 461
460 461
461 463
463 464
464 466
466 467
471 470
471 473
473 474
473 475
473 765
474 476
474 775
475 476
475 477
765 764
765 766
476 477
476 478
775 773
775 774
775 777
775 776
477 478
478 480
480 481
480 482
481 482
481 483
482 483
482 484
483 891
483 484
483 485
484 485
484 486
891 892
485 486
486 488
488 489
488 490
489 490
489 491
490 491
490 492
491 492
491 493
492 493
492 494
493 494
493 495
494 495
494 496
495 497
495 496
496 497
496 498
497 498
497 499
498 499
498 500
499 500
499 501
500 501
500 502
501 502
502 504
504 506
808 807
808 809
808 810
506 507
506 508
507 508
507 768
508 509
508 510
508 890
768 766
768 769
768 770
890 888
890 892
513 514
513 515
514 515
514 516
515 516
515 517
516 517
516 518
517 518
517 519
518 519
518 520
519 521
519 520
520 521
521 523
523 524
523 525
523 750
759 757
759 761
524 525
524 526
525 526
525 527
750 748
750 749
750 752
750 820
526 527
526 528
527 529
527 528
528 529
528 530
529 530
529 531
530 531
534 535
534 536
535 537
535 536
536 537
536 538
537 546
537 539
538 539
546 544
546 547
546 548
539 541
541 542
541 543
542 543
542 544
543 806
543 701
543 544
806 807
701 699
701 703
547 548
547 549
548 549
548 550
549 550
549 551
550 551
550 552
551 553
551 552
552 553
552 554
553 554
553 555
554 555
554 556
555 556
555 557
556 557
556 558
557 558
609 607
609 608
609 611
565 566
565 567
566 676
566 567
567 568
676 674
676 675
676 678
568 578
578 576
578 577
578 579
578 637
571 572
571 672
572 574
672 670
672 671
672 673
672 674
574 575
574 576
575 577
575 576
576 577
577 579
637 636
637 638
582 584
584 586
586 587
586 588
587 588
587 589
588 589
588 590
589 590
589 591
590 591
590 592
591 592
592 594
594 595
594 596
595 596
595 597
596 597
596 598
597 598
597 599
598 663
598 599
598 600
599 601
599 600
663 662
663 664
600 601
601 603
603 604
603 605
604 605
604 606
605 606
605 607
606 607
606 608
607 863
863 862
863 865
863 864
611 613
613 614
613 615
614 615
614 616
615 617
615 616
616 617
616 618
617 618
617 619
618 619
618 620
618 736
619 620
619 621
620 621
620 622
736 734
736 735
736 738
621 622
621 623
622 623
622 624
623 625
623 734
623 624
624 625
625 626
625 627
625 716
734 733
626 627
626 628
627 628
627 629
716 714
716 715
716 717
628 629
628 630
629 630
629 631
630 631
630 632
631 633
631 632
632 633
632 634
632 754
633 634
634 636
754 752
754 753
754 756
636 638
638 639
638 640
639 641
639 640
640 641
640 642
640 860
641 642
641 643
641 949
642 643
642 644
860 752
860 858
860 859
860 862
643 644
643 645
949 947
949 948
644 645
644 646
645 646
645 647
646 647
646 648
647 649
647 648
648 649
648 650
649 650
649 651
650 651
650 652
651 652
651 653
651 838
652 653
653 655
838 836
838 837
838 840
655 657
655 656
656 657
656 658
657 658
657 659
657 767
658 659
658 660
659 660
659 661
767 766
767 769
660 661
660 662
661 662
661 680
662 664
680 678
680 679
680 681
680 682
664 665
664 666
665 666
665 667
666 667
666 668
667 668
667 669
668 669
668 670
669 670
669 671
670 671
671 673
673 674
673 675
674 675
678 679
679 681
681 682
682 684
684 685
685 687
685 912
687 689
912 911
912 914
689 690
690 692
692 693
692 694
693 694
693 695
694 695
694 696
695 697
695 696
696 697
696 698
697 698
697 699
698 699
702 703
703 705
703 704
705 704
705 706
705 707
704 706
706 707
706 708
707 708
707 709
708 709
709 711
711 713
711 712
712 713
712 714
713 714
713 715
714 715
715 717
717 718
717 719
718 719
718 720
719 721
719 923
719 720
720 721
720 722
721 722
721 723
923 921
923 922
923 925
722 723
722 724
723 724
724 726
726 727
727 729
729 730
729 731
730 731
731 733
733 735
735 737
737 738
737 739
738 739
738 740
739 740
740 742
742 743
742 744
743 745
743 744
744 745
744 746
745 746
745 747
746 747
746 748
747 748
747 749
748 749
820 818
820 822
753 755
755 756
755 757
756 757
764 766
769 770
769 771
770 771
770 772
771 772
771 773
772 773
772 774
773 774
774 776
776 777
776 778
777 778
777 779
778 779
778 780
779 780
779 781
780 781
781 783
783 785
783 784
784 785
784 786
785 786
786 788
788 789
788 790
789 790
789 791
790 791
790 792
791 793
791 792
792 793
792 794
793 794
793 795
794 795
794 796
795 796
796 798
798 799
807 809
809 810
809 811
810 811
810 812
811 812
811 813
812 924
812 813
813 814
813 815
924 922
924 925
814 815
814 816
815 817
815 816
816 817
816 818
817 818
821 822
821 823
822 823
822 824
823 825
823 824
824 825
824 826
825 826
825 827
826 827
826 828
827 828
828 874
874 872
874 875
831 833
836 837
837 839
839 841
839 840
840 841
840 842
841 842
841 843
842 843
842 844
843 844
843 845
844 845
844 846
845 846
846 848
848 850
850 851
851 853
853 854
854 856
856 858
858 859
862 864
864 865
864 866
865 866
865 867
866 867
866 918
867 868
867 946
918 916
918 917
918 919
918 920
868 870
946 944
946 945
946 947
870 871
870 872
871 872
875 876
876 878
878 880
880 881
880 882
881 882
881 883
882 883
882 884
883 884
883 885
884 885
884 886
885 886
885 887
886 887
886 888
887 888
892 893
896 897
896 898
897 898
897 899
898 899
898 900
899 900
899 901
900 901
901 903
903 905
903 904
905 904
905 906
905 907
904 906
906 907
906 908
907 908
907 909
908 909
909 911
911 913
913 914
914 916
916 917
917 919
919 921
919 920
920 921
920 922
921 922
925 927
927 929
929 930
929 931
930 931
930 932
931 932
931 933
932 933
932 934
933 934
933 935
934 935
934 936
935 937
935 936
936 937
937 939
939 940
939 941
940 941
941 943
943 945
943 944
944 945
945 947
947 948
951 953
951 952
952 953
953 955
955 956
955 957
956 957
956 958
957 958
958 960
960 961
960 962
961 962
961 963
962 963
962 964
963 964
963 965
964 965
964 966
965 966
965 967
966 967
966 968
967 969
967 968
968 969
968 970
969 970
969 971
970 971
970 972
971 972
971 973
972 973
973 975
975 977
975 976
976 977
977 979
979 980
979 981
980 981
980 982
981 982
981 983
982 983
982 984
983 985
983 984
984 985
984 986
985 986
985 987
986 987
986 988
987 988
987 989
988 989
988 990
989 990
989 991
990 991
991 993
993 995
995 996
995 997
996 997
996 998
997 998
1
