1000 1 3000
1 2
1 3
1 4
1 1000
2 4
2 5
2 1000
2 273
3 931
3 4
3 5
3 1000
3 259
4 5
4 6
4 7
1000 999
5 6
5 7
5 654
273 270
273 271
273 272
273 274
273 275
273 276
931 933
931 934
259 256
259 257
259 260
259 261
259 262
259 287
6 7
6 9
6 337
6 924
7 8
7 9
7 10
654 651
654 653
654 655
654 656
654 657
9 8
9 10
9 11
9 438
9 182
337 99
337 334
337 335
337 336
337 339
337 955
924 361
924 921
924 922
924 923
924 925
924 926
8 10
8 11
10 11
10 12
10 13
10 723
10 384
11 12
11 13
11 14
11 272
438 435
438 436
438 437
438 595
438 440
438 441
182 180
182 181
182 183
182 756
182 185
182 192
12 391
12 13
12 14
12 15
13 14
13 15
13 16
13 320
723 721
723 722
723 724
723 725
384 367
384 381
384 383
384 386
14 15
14 16
14 17
272 269
272 270
272 271
272 274
391 388
391 389
391 390
391 393
391 394
391 464
391 810
15 16
15 17
15 18
16 17
16 18
16 19
320 50
320 318
320 319
320 322
320 323
17 18
17 19
17 20
18 133
18 20
18 21
19 899
19 170
19 21
19 22
20 21
20 22
20 23
133 130
133 131
133 132
133 134
133 135
133 136
133 815
133 832
21 738
21 22
21 23
21 24
899 896
899 897
899 898
899 900
899 901
899 902
170 168
170 171
170 172
22 333
22 23
22 24
22 698
23 24
23 25
23 26
738 735
738 769
738 740
24 610
24 613
24 26
24 27
333 330
333 332
333 334
333 336
698 294
698 695
698 696
698 697
698 699
698 700
698 701
25 801
25 26
25 27
25 28
26 911
26 27
26 28
610 607
610 608
610 611
610 612
610 613
610 745
613 611
613 612
613 615
613 616
27 706
27 28
27 29
801 390
801 798
801 799
801 802
801 803
28 43
28 29
28 30
28 31
911 908
911 910
911 912
911 913
911 914
706 637
706 703
706 704
706 705
706 707
706 708
706 958
29 309
29 30
29 31
29 32
43 40
43 41
43 42
43 45
43 46
43 736
30 533
30 31
30 32
31 33
31 34
31 32
309 306
309 308
309 917
309 312
32 33
32 34
32 35
32 923
533 226
533 530
533 531
533 532
533 534
533 535
533 536
33 34
33 35
33 141
34 514
34 35
34 37
35 36
35 37
35 38
35 843
923 305
923 920
923 922
923 925
141 138
141 139
141 140
141 142
141 144
141 892
514 422
514 453
514 511
514 512
514 513
514 515
514 516
37 36
37 38
37 39
37 40
37 502
36 547
36 183
36 223
38 39
38 40
38 436
843 421
843 736
843 840
843 841
843 842
843 844
843 845
547 544
547 545
547 546
547 548
547 550
547 905
183 181
183 185
183 926
223 221
223 222
223 225
223 226
223 930
223 224
39 40
39 41
39 42
40 41
40 42
40 943
40 759
502 499
502 500
502 501
502 729
502 503
502 504
436 434
436 435
436 437
436 439
436 470
41 327
41 926
42 44
42 55
943 940
943 941
943 942
943 967
943 944
943 945
759 756
759 760
759 762
327 324
327 326
327 328
327 329
327 330
926 812
926 925
926 927
926 928
44 72
44 328
44 45
44 46
55 52
55 54
55 594
55 56
55 57
55 58
45 614
45 46
45 47
45 48
46 47
46 49
46 315
736 734
736 735
736 739
72 69
72 70
72 71
72 73
72 74
72 75
72 600
328 326
328 329
328 330
614 325
614 539
614 611
614 612
614 616
614 617
47 48
47 49
47 50
48 49
48 50
48 51
49 51
49 52
49 766
315 312
315 314
315 708
315 693
315 889
315 316
315 317
315 318
50 51
50 52
51 52
51 53
51 54
52 404
52 149
52 54
766 764
766 765
766 769
766 939
766 767
766 768
53 392
53 76
53 56
53 64
54 56
54 57
404 401
404 402
404 785
404 405
404 407
149 147
149 148
149 150
149 151
392 394
392 395
392 443
76 73
76 74
76 75
76 77
76 78
76 79
56 57
56 58
56 59
56 576
64 61
64 62
64 63
64 65
64 66
64 67
57 200
57 58
57 59
57 60
594 593
594 595
594 596
594 887
58 59
58 60
58 61
59 989
59 428
59 61
59 62
576 484
576 573
576 574
576 575
576 577
576 578
200 198
200 199
200 740
200 201
200 202
200 767
60 61
60 62
60 63
61 62
61 63
989 986
989 988
989 990
989 991
428 425
428 426
428 427
428 429
428 430
428 431
62 65
62 431
63 873
63 720
63 849
65 67
65 68
65 975
65 349
431 313
431 429
431 430
431 524
431 432
431 433
431 434
873 870
873 871
873 872
873 874
873 875
873 876
720 346
720 454
720 692
720 717
720 718
720 721
720 722
849 623
849 682
849 846
849 847
849 848
849 850
849 852
66 67
66 68
66 69
67 68
67 69
67 70
68 961
68 70
68 365
68 397
68 477
975 972
975 973
975 974
975 976
975 977
975 978
349 347
349 348
349 350
349 352
69 70
69 979
70 71
70 73
70 837
961 936
961 959
961 960
961 962
961 964
365 161
365 362
365 363
365 806
365 368
397 394
397 395
397 396
397 398
397 399
397 400
477 476
477 478
477 479
477 480
979 213
979 902
979 969
979 976
979 978
71 73
71 74
71 990
73 75
73 575
837 179
837 242
837 284
837 834
837 835
837 836
837 838
74 937
74 75
74 77
74 94
990 341
990 987
990 988
990 991
75 550
75 78
600 597
600 598
600 599
600 601
600 603
575 572
575 573
575 574
575 577
575 578
575 758
937 934
937 935
937 938
937 939
77 78
77 79
77 80
94 91
94 92
94 93
94 97
94 96
550 549
550 551
550 552
550 553
550 787
550 587
78 79
78 80
78 434
78 853
79 80
79 81
79 82
80 680
80 81
80 532
80 888
434 323
434 432
434 435
434 437
853 131
853 850
853 851
853 852
853 854
853 855
81 82
81 83
81 84
82 914
82 83
82 84
82 85
680 445
680 677
680 678
680 679
680 681
680 682
680 683
532 350
532 530
532 531
532 534
532 535
888 621
888 885
888 890
888 891
83 554
83 173
83 84
83 86
84 769
84 85
84 86
914 190
914 912
914 913
914 916
914 917
85 86
85 87
85 88
85 948
554 460
554 551
554 555
554 556
554 557
554 567
173 171
173 172
173 174
173 176
86 995
86 591
86 88
86 89
86 606
769 111
769 377
769 653
769 768
769 770
769 772
87 88
87 89
87 90
87 885
88 549
88 89
88 90
88 91
948 710
948 945
948 946
948 947
948 949
948 951
995 992
995 993
995 994
995 996
995 997
995 998
591 254
591 588
591 590
591 672
89 387
89 842
89 689
89 90
89 91
89 92
89 255
606 187
606 604
606 605
606 607
90 91
90 92
90 93
90 256
885 369
549 197
549 546
549 548
549 552
91 92
91 93
387 375
387 385
387 386
387 388
387 390
387 665
842 390
842 474
842 839
842 840
842 841
842 844
689 686
689 687
689 688
689 690
689 692
92 161
92 162
92 310
92 95
255 253
255 254
255 257
255 879
93 95
93 96
256 253
256 254
256 971
161 158
161 159
161 160
161 162
161 163
162 154
162 159
162 160
162 165
162 279
310 307
310 308
310 311
310 313
95 97
95 98
95 571
95 96
96 99
96 994
96 364
96 465
97 98
97 100
97 557
97 371
98 99
98 101
98 967
98 819
571 416
571 568
571 569
571 570
571 881
571 573
99 100
99 101
99 102
99 236
994 123
994 991
994 993
994 996
364 361
364 362
364 363
364 868
364 366
364 367
465 462
465 463
465 464
465 552
465 466
100 102
100 103
100 921
557 555
557 556
557 558
557 559
557 560
371 368
371 369
371 370
371 497
371 374
101 102
101 103
101 104
967 964
967 965
967 966
967 969
967 970
819 497
819 523
819 816
819 817
819 818
819 821
102 103
102 105
102 863
236 158
236 233
236 234
236 235
236 239
103 105
103 106
103 628
921 250
921 598
921 918
921 919
921 920
921 922
104 105
104 106
104 266
104 218
105 106
105 108
105 633
863 429
863 860
863 861
863 865
863 866
863 864
106 107
106 108
106 109
106 271
106 288
628 481
628 626
628 627
628 629
628 631
266 263
266 264
266 265
266 267
266 268
266 269
218 215
218 216
218 217
218 529
218 220
218 221
108 107
108 109
108 110
108 111
108 553
633 630
633 631
633 632
633 634
633 635
633 636
107 109
107 505
107 890
109 110
109 111
109 112
271 268
271 269
271 270
288 224
288 285
288 286
288 287
288 289
288 290
505 503
505 504
505 506
505 507
890 887
890 889
890 891
890 892
890 893
110 111
110 112
110 113
110 811
111 112
111 113
553 551
553 552
553 555
553 556
553 758
112 225
112 114
112 115
112 953
113 165
113 586
113 114
113 115
811 684
811 808
811 809
811 814
225 222
225 224
225 226
225 227
225 892
114 115
114 116
114 117
115 116
115 117
115 118
953 950
953 951
953 952
953 954
953 955
953 956
165 163
165 164
165 166
165 167
165 168
586 540
586 583
586 584
586 585
586 587
586 589
116 118
116 119
116 760
117 439
117 906
117 119
117 120
118 119
118 120
118 121
119 464
119 121
119 122
760 757
760 761
760 762
760 763
760 830
760 831
439 437
439 440
439 441
439 442
906 903
906 904
906 905
906 908
906 909
120 121
120 122
120 123
121 232
121 123
121 124
464 461
464 462
464 463
464 467
122 962
122 825
122 123
122 125
123 124
123 125
123 126
232 229
232 230
232 231
232 233
232 234
232 235
124 262
124 125
124 127
962 960
962 963
962 964
962 965
825 741
825 822
825 823
825 824
825 905
825 827
125 683
125 247
125 126
126 129
126 127
126 128
262 260
262 705
262 264
262 265
127 130
127 838
127 128
683 675
683 681
683 682
683 684
683 685
247 244
247 245
247 246
247 946
247 248
247 250
129 128
129 130
129 131
129 132
128 131
128 992
130 131
130 132
838 406
838 493
838 835
838 836
838 840
131 132
992 209
992 985
992 991
992 993
132 134
132 135
134 135
134 136
134 137
134 859
135 136
135 137
135 138
135 884
136 137
136 138
136 139
136 830
815 180
815 812
815 813
815 814
815 817
815 818
832 719
832 829
832 831
832 833
832 835
137 138
137 139
137 140
859 856
859 857
859 861
859 862
138 139
138 140
884 881
884 882
884 883
884 886
884 887
139 142
139 818
830 665
830 827
830 828
830 829
830 833
140 598
140 695
142 143
142 144
142 145
818 816
818 820
818 821
598 596
598 597
598 741
598 599
598 601
695 692
695 694
695 696
695 697
144 143
144 174
144 145
144 146
892 827
892 889
892 891
892 894
143 866
143 145
145 773
145 146
145 148
866 193
866 563
866 864
866 865
866 867
866 869
174 171
174 175
174 176
174 177
146 939
146 148
146 767
773 770
773 774
773 775
773 776
148 147
148 645
148 872
148 150
939 938
939 940
939 941
767 764
767 765
767 770
767 768
147 150
150 151
150 152
150 949
645 642
645 643
645 644
645 646
645 648
872 869
872 870
872 871
872 874
872 875
151 152
151 153
151 154
152 301
152 153
152 154
152 155
949 366
949 950
949 951
949 952
153 154
153 155
153 156
154 155
154 156
301 298
301 299
301 300
301 303
301 304
155 156
155 157
155 158
156 379
156 157
156 158
157 158
157 159
157 160
158 347
158 160
379 307
379 376
379 377
379 378
379 380
379 382
159 160
160 163
160 423
347 344
347 345
347 348
347 350
163 164
163 166
163 763
423 420
423 424
423 425
279 276
279 277
279 278
279 280
279 281
279 282
164 166
164 167
166 168
166 169
166 542
763 761
763 762
763 764
763 765
167 609
167 168
167 169
167 694
168 169
168 171
169 482
169 171
169 910
169 282
542 474
542 539
542 541
542 545
542 543
609 607
609 608
609 611
609 612
694 691
694 693
694 719
694 976
694 697
171 172
171 433
171 472
482 185
482 479
482 480
482 481
482 483
482 485
482 780
910 552
910 907
910 908
910 912
910 913
282 219
282 280
282 281
282 517
282 283
282 284
172 977
172 489
433 331
433 430
433 432
433 435
472 469
472 471
472 722
472 474
472 475
977 650
977 834
977 974
977 976
977 978
489 486
489 487
489 488
489 491
489 492
489 882
176 175
176 177
176 178
176 179
175 177
175 178
177 178
177 179
177 180
178 180
178 181
178 506
178 476
178 798
179 180
179 192
180 181
181 935
181 184
506 503
506 504
506 998
506 507
506 508
506 509
476 473
476 474
476 475
476 479
798 795
798 796
798 797
798 854
192 189
192 191
192 194
192 195
935 932
935 934
935 936
184 522
184 185
184 187
756 321
756 753
756 754
756 755
756 757
756 758
185 568
185 186
185 188
522 519
522 520
522 521
522 523
522 524
522 525
187 186
187 188
187 189
187 190
568 565
568 567
568 569
186 188
186 189
188 189
188 190
188 191
189 190
189 191
190 193
190 561
191 193
191 194
193 195
193 196
193 401
193 735
193 800
561 527
561 559
561 560
561 562
561 563
561 564
194 195
194 196
194 197
195 196
195 197
195 198
196 197
196 257
196 922
401 399
401 537
735 732
735 733
735 734
735 950
800 560
800 681
800 797
800 799
800 803
197 198
197 199
198 199
198 201
257 254
257 258
257 260
922 372
922 521
922 919
922 920
922 925
199 202
199 877
199 305
199 508
201 202
201 203
201 204
202 485
202 203
202 204
202 205
202 331
877 874
877 875
877 876
877 878
877 879
305 302
305 303
305 307
508 507
508 625
508 786
508 510
508 511
740 213
740 737
740 739
740 741
740 743
203 966
203 204
203 205
203 206
204 206
204 207
204 731
485 483
485 484
485 488
485 492
485 860
485 672
205 354
205 206
205 207
205 208
331 329
331 330
331 332
331 656
966 227
966 245
966 727
966 963
966 964
206 582
206 208
206 504
207 941
207 209
207 210
731 676
731 728
731 729
731 730
731 751
731 732
731 733
731 734
354 351
354 352
354 353
354 355
354 356
208 772
208 902
208 210
208 211
582 579
582 580
582 581
582 583
582 584
582 593
582 789
504 501
504 507
941 267
941 938
941 940
941 942
209 210
209 211
209 212
210 211
210 212
210 213
772 361
772 748
772 770
772 771
772 774
902 900
902 901
902 903
902 904
902 905
902 942
211 212
211 213
211 214
212 743
212 214
212 215
212 792
213 342
213 216
214 835
214 216
214 217
743 346
743 382
743 581
743 742
743 745
743 746
215 216
215 217
792 284
792 791
792 793
792 795
342 339
342 340
342 341
342 741
342 343
342 344
342 345
216 217
216 219
835 833
835 834
835 836
835 929
217 659
217 219
217 220
219 220
219 221
219 222
659 656
659 657
659 658
659 661
659 662
220 707
220 221
220 222
529 526
529 527
529 528
529 531
529 829
221 834
221 915
221 222
222 224
707 704
707 705
707 708
707 709
707 710
834 831
834 833
834 930
834 836
915 912
915 913
915 917
915 918
224 226
224 450
226 227
226 880
930 927
930 929
930 932
450 332
450 447
450 448
450 449
450 451
450 452
227 228
227 230
880 253
880 878
880 879
880 881
880 882
228 933
228 230
228 369
228 981
230 231
230 233
933 516
933 932
933 934
933 936
369 366
369 367
369 368
369 370
981 739
981 893
981 978
981 980
981 982
981 984
229 231
229 589
231 355
231 233
589 525
589 588
589 590
589 592
233 234
233 235
233 509
355 352
355 353
355 356
355 357
355 358
234 419
234 235
235 237
235 238
509 385
509 507
509 510
419 418
419 420
419 421
419 422
237 705
237 238
237 984
238 239
238 240
238 241
239 240
239 241
239 242
705 348
705 702
705 703
705 704
705 708
984 752
984 868
984 955
984 982
984 983
984 985
984 986
984 987
240 241
240 242
240 243
241 242
241 243
241 479
242 243
242 244
243 417
243 244
243 246
243 729
479 478
479 481
479 480
244 426
244 245
244 246
417 414
417 415
417 416
417 418
417 420
246 248
246 249
729 726
729 727
729 732
426 424
426 425
426 429
426 928
245 248
245 543
248 249
248 250
248 251
543 540
543 545
543 546
249 409
249 250
249 251
946 518
946 932
946 944
946 947
250 251
250 927
251 275
251 252
251 253
251 672
409 406
409 407
409 408
409 770
409 648
409 412
927 925
927 929
927 928
275 274
275 276
275 277
275 278
252 858
252 253
252 254
253 254
672 670
672 671
672 674
858 494
858 855
858 856
858 857
858 860
858 861
254 757
254 475
757 755
757 804
757 758
475 473
475 478
879 587
879 878
879 882
971 304
971 427
971 968
971 969
971 972
971 973
971 974
258 260
258 261
258 847
260 261
260 263
260 754
261 263
261 264
261 362
847 558
847 632
847 846
847 850
287 284
287 285
287 286
287 290
263 264
263 453
754 751
754 753
754 755
264 265
264 267
264 406
264 854
362 359
362 360
362 363
265 356
265 325
265 585
265 267
265 268
453 451
453 454
453 455
453 456
267 644
267 268
267 269
267 270
267 330
406 403
406 405
406 408
854 302
854 851
854 852
854 965
854 856
356 353
356 358
356 359
325 322
325 326
325 762
325 380
585 584
585 587
268 269
268 270
269 640
644 641
644 642
644 643
644 646
330 329
330 382
640 637
640 638
640 639
640 641
640 642
640 713
274 276
274 277
276 560
276 278
277 278
277 280
278 280
278 281
560 558
560 559
560 563
280 281
280 283
281 283
281 284
283 744
283 284
283 285
283 286
284 829
284 285
517 515
517 516
517 518
517 520
517 713
517 536
744 742
744 905
744 747
285 716
285 286
286 289
286 824
829 826
829 827
829 828
829 831
716 713
716 715
716 718
716 719
289 290
289 291
289 812
824 821
824 822
824 827
290 291
290 292
290 293
291 292
291 294
291 427
812 516
812 809
812 810
812 813
812 814
292 293
292 583
292 732
293 294
293 295
293 296
294 295
294 297
427 424
427 425
427 429
583 580
583 677
583 584
732 730
732 836
732 733
295 296
295 297
295 298
295 959
296 297
296 299
296 846
297 299
297 300
297 782
297 733
298 299
298 622
959 956
959 957
959 960
299 300
299 302
846 592
846 844
846 848
300 302
300 303
782 779
782 781
782 783
782 784
733 430
733 541
733 730
733 734
622 620
622 621
622 623
622 625
622 635
302 303
302 304
303 304
303 306
303 318
304 306
304 307
306 307
306 308
318 316
318 317
318 321
307 497
307 499
308 311
497 494
497 495
497 496
497 498
497 500
499 496
499 498
499 500
499 501
311 466
311 312
311 313
311 314
917 918
917 919
917 920
312 313
312 314
313 314
313 316
466 463
466 468
466 469
314 523
314 528
314 316
316 737
316 317
316 319
523 520
523 525
523 526
528 345
528 432
528 526
528 530
528 531
708 709
708 711
693 690
693 691
693 692
693 696
889 886
889 887
317 611
317 319
737 599
737 734
319 637
319 726
611 608
611 612
321 322
321 982
637 634
637 635
637 638
637 639
726 724
726 725
726 727
726 728
322 323
322 324
322 945
323 579
323 324
323 443
982 983
982 985
324 326
324 425
945 942
945 947
579 413
579 577
579 578
579 581
443 440
443 441
443 442
443 445
326 329
425 422
425 424
762 761
762 764
380 581
380 381
380 382
329 332
332 334
382 381
382 385
656 653
656 655
656 657
656 658
334 335
334 336
336 936
336 338
336 562
335 625
335 651
335 573
625 623
625 624
625 626
625 627
651 648
651 649
651 650
651 652
651 653
573 570
573 572
573 808
573 955
936 896
936 934
338 516
338 340
338 341
562 563
562 564
562 565
562 944
339 340
339 341
339 895
955 394
955 896
955 952
955 954
516 513
516 515
516 518
340 341
340 343
341 343
341 344
341 378
895 894
895 897
895 898
343 344
343 345
343 346
344 345
344 346
378 377
378 381
741 739
741 742
345 712
345 348
346 420
346 821
712 709
712 710
712 711
712 713
712 714
348 351
420 418
420 421
420 422
420 898
821 820
821 822
821 823
350 351
350 352
351 353
351 816
352 353
352 467
352 793
353 474
816 813
816 814
816 817
467 468
467 469
793 790
793 791
793 909
793 795
793 796
474 471
474 473
357 358
357 359
357 410
358 359
358 360
358 361
359 739
359 360
410 407
410 408
410 411
410 412
410 413
360 361
360 363
361 363
739 972
363 366
366 368
868 865
868 867
868 869
868 870
367 368
367 370
806 400
806 487
806 805
806 807
806 809
368 370
370 372
370 373
372 373
372 374
373 374
373 375
373 376
374 375
374 377
374 891
375 912
375 377
376 451
376 393
376 377
891 715
891 893
891 894
912 389
912 909
912 913
451 448
451 449
451 452
451 454
451 559
393 395
393 396
381 383
581 578
581 580
383 385
383 386
385 386
385 388
386 388
386 389
388 389
388 390
388 894
389 390
665 662
665 663
665 664
665 786
665 666
894 893
894 896
394 395
394 396
810 398
810 407
810 807
810 809
810 813
395 396
395 398
396 398
396 399
398 399
398 400
398 857
399 400
399 402
399 507
399 958
400 402
400 403
857 661
857 855
857 856
402 619
402 403
402 405
958 956
958 957
958 960
403 713
403 905
537 535
537 536
537 578
537 538
537 539
619 545
619 616
619 617
619 621
405 407
405 408
713 711
713 714
713 950
905 903
905 904
905 908
785 631
785 783
785 784
785 786
785 787
785 788
408 411
411 997
411 412
411 413
411 414
770 768
770 771
648 646
648 647
648 649
648 650
412 552
412 413
412 415
413 845
413 414
413 415
413 416
997 996
997 998
997 999
414 415
414 416
552 551
552 555
552 790
415 418
415 416
845 422
845 844
845 900
845 848
416 418
416 998
416 495
418 421
998 903
998 996
998 999
495 492
495 493
495 494
495 496
421 807
421 424
898 897
898 901
807 595
807 804
807 805
807 808
807 809
429 432
928 823
928 925
928 929
430 432
432 947
524 525
524 663
947 826
947 944
947 950
435 437
437 487
470 468
470 469
470 566
470 471
470 797
487 484
487 488
487 490
595 592
595 593
595 597
440 441
440 442
441 456
441 442
441 534
442 444
442 445
456 454
456 455
456 457
456 458
534 486
534 531
534 535
534 536
534 660
444 901
444 445
444 446
444 447
445 544
445 447
445 448
901 490
901 900
901 904
901 972
446 449
446 447
446 448
447 449
447 448
544 541
544 545
448 449
449 452
452 454
452 455
452 685
454 867
454 669
559 556
455 457
455 458
685 682
685 684
685 686
685 687
685 688
867 817
867 820
867 864
867 865
867 869
867 870
669 666
669 667
669 668
669 700
669 682
669 670
457 458
457 459
457 460
458 459
458 653
458 784
459 460
459 461
459 462
460 461
460 463
653 650
653 652
653 655
784 781
784 783
784 786
784 787
461 462
461 463
462 463
468 631
468 471
469 471
631 478
631 629
631 630
471 765
566 563
566 564
566 565
566 567
566 569
797 794
797 795
797 796
797 799
765 764
765 768
722 725
478 481
478 480
480 481
480 483
481 483
481 484
483 484
483 486
780 777
780 778
780 779
780 781
780 783
780 960
486 488
488 490
488 491
492 490
492 491
492 493
492 671
860 641
860 861
490 714
490 493
491 493
491 883
491 630
882 864
882 883
714 711
714 715
714 717
493 494
493 496
883 679
883 881
883 900
630 627
630 629
630 632
671 668
671 670
671 673
494 618
494 496
496 498
618 615
618 616
618 617
618 620
618 621
498 500
498 501
500 501
500 503
501 548
501 503
503 570
548 545
548 546
548 551
570 567
570 569
570 828
570 572
786 783
786 788
510 513
510 511
510 512
511 513
511 512
513 512
513 515
512 515
515 518
518 519
518 520
518 521
518 634
520 519
520 521
536 535
536 539
519 521
521 907
634 632
634 635
907 904
907 908
907 909
525 673
525 526
525 527
526 527
663 660
663 661
663 771
663 913
663 666
673 670
673 674
673 675
673 676
527 530
530 531
535 751
535 538
660 657
660 658
660 970
660 661
660 662
751 748
751 749
751 750
538 539
538 540
538 541
539 541
578 577
578 580
578 601
540 541
545 546
546 612
546 965
965 963
965 964
787 788
787 789
587 584
587 588
587 590
555 556
555 558
790 789
790 791
556 558
758 755
758 808
758 761
567 564
567 565
558 753
753 703
753 750
753 752
753 755
563 564
564 565
569 572
572 574
828 823
828 826
828 827
881 878
574 577
808 803
808 805
577 580
601 599
601 602
601 603
593 590
593 592
593 596
789 788
789 791
677 674
677 675
677 678
677 679
677 987
588 590
590 592
590 700
700 697
700 699
700 702
596 597
596 599
887 886
597 809
599 602
602 662
602 603
602 604
602 605
603 803
603 604
603 605
662 661
662 804
662 985
604 629
604 605
604 607
605 607
605 608
803 802
803 804
803 805
629 626
629 627
607 608
745 742
745 746
745 747
615 616
615 617
615 844
616 617
617 620
844 657
844 841
620 621
620 623
621 624
623 624
624 626
624 627
635 632
635 636
635 638
626 676
676 674
676 675
676 678
676 679
636 657
636 638
636 639
638 641
638 639
657 655
639 642
639 764
641 642
641 643
642 643
764 761
643 646
646 647
646 649
647 649
647 650
649 650
649 652
650 652
652 711
652 788
711 709
711 710
788 791
788 988
655 658
658 661
970 968
970 969
970 972
970 973
804 802
804 805
985 983
985 986
771 768
771 774
913 916
666 664
666 667
666 668
664 667
667 747
667 668
667 670
668 670
747 746
747 749
747 750
682 679
682 681
674 675
675 678
678 679
678 681
679 681
987 986
987 988
681 684
684 686
684 687
686 687
686 688
686 728
687 688
687 690
687 862
688 690
688 691
728 725
728 727
728 730
690 691
690 692
862 861
862 865
862 864
691 692
696 697
696 699
719 717
719 718
719 721
976 973
976 974
976 978
697 699
699 701
699 702
701 702
701 703
701 704
702 703
702 704
709 710
950 980
950 951
715 718
717 718
718 721
721 724
721 827
724 725
724 727
725 727
727 730
836 833
836 839
972 969
972 974
746 748
746 749
748 749
748 750
749 750
749 752
750 752
752 755
831 916
774 775
774 776
774 777
775 776
775 777
775 778
776 777
776 778
776 779
777 778
777 779
778 779
778 781
779 781
781 991
960 957
991 988
991 993
791 951
988 986
951 952
951 954
795 794
795 796
909 865
909 908
796 794
796 799
799 802
802 805
813 814
814 817
817 999
817 820
999 978
999 996
820 822
822 900
823 826
900 897
916 918
916 919
929 932
839 840
839 841
840 841
848 850
848 851
850 851
850 852
851 852
852 855
855 856
861 864
864 865
869 870
869 871
870 871
871 874
874 875
874 876
875 876
875 878
876 932
876 878
886 996
996 993
893 896
896 897
904 903
942 940
918 919
918 920
919 920
938 940
952 954
980 978
980 983
954 956
954 957
956 957
964 963
969 968
973 974
983 986
1
