100 1 200
1 97
1 2
1 3
1 100
1 99
97 95
97 96
97 99
2 100
2 84
2 4
3 4
3 5
100 12
100 98
100 99
99 98
84 69
84 82
84 85
84 86
4 53
4 88
5 49
5 94
5 7
53 54
53 55
88 87
88 89
88 90
49 20
49 26
49 47
49 48
49 80
49 50
94 41
94 93
94 95
7 6
7 9
7 8
6 50
6 8
50 12
50 48
8 10
8 26
9 10
9 11
9 18
9 92
9 63
10 20
10 11
10 12
26 24
26 25
26 89
26 27
26 28
11 12
11 13
18 16
18 20
92 46
92 91
92 93
63 61
63 62
63 65
20 19
12 13
12 55
12 64
13 58
13 86
13 15
55 54
55 57
64 62
64 65
58 40
58 56
58 57
58 59
58 60
86 85
86 87
15 14
15 17
15 16
14 16
16 17
17 19
17 79
19 21
79 69
79 77
79 78
79 80
21 22
21 23
22 67
22 74
23 25
23 30
23 24
67 65
67 68
67 69
74 72
74 75
74 76
25 24
25 52
30 28
30 29
30 34
30 31
52 70
52 54
89 87
89 91
27 28
27 29
27 39
28 29
29 31
39 37
39 38
39 40
39 83
31 83
31 32
34 32
34 33
34 35
83 33
83 81
83 82
32 33
33 35
35 36
35 37
36 73
36 37
36 38
37 38
73 71
73 72
73 75
38 40
40 41
41 42
42 43
42 44
43 51
43 44
43 45
44 46
44 78
44 60
51 69
51 95
45 46
45 47
46 48
78 76
78 77
78 80
60 59
60 61
47 48
48 90
90 91
80 82
69 68
69 70
95 93
70 68
70 71
70 72
54 56
56 57
57 59
59 61
59 96
61 62
96 76
65 66
66 81
66 68
81 82
71 72
75 76
75 77
85 87
91 93
1
