1000 1 3000
1 2
1 3
1 4
1 998
1 999
1 1000
1 49
1 497
2 5
2 998
2 999
2 1000
2 184
3 4
3 5
3 6
3 427
4 5
4 7
4 57
998 28
998 421
998 995
998 996
998 1000
999 997
999 1000
1000 134
1000 554
1000 997
49 784
49 50
497 494
497 495
497 496
497 708
497 498
5 6
5 7
5 8
5 254
184 109
184 182
184 717
184 185
184 187
6 36
6 7
6 8
6 9
6 375
427 425
427 426
427 428
427 429
7 8
7 9
7 10
7 777
57 54
57 55
57 56
57 323
57 966
57 58
57 59
57 886
8 9
8 11
8 177
8 88
254 33
254 257
254 438
254 921
36 33
36 37
36 38
36 314
36 443
36 896
9 11
9 12
9 311
375 372
375 373
375 374
375 376
375 378
10 459
10 12
10 13
10 469
777 774
777 775
777 778
777 779
11 939
11 12
11 13
11 14
177 175
177 178
177 180
177 191
88 44
88 85
88 87
88 961
88 89
88 91
12 674
12 14
12 213
12 572
311 308
311 310
311 602
311 597
311 312
311 313
311 314
459 220
459 435
459 456
459 457
459 996
459 462
13 582
13 14
13 15
13 16
13 523
13 512
469 466
469 467
469 468
469 470
469 471
939 468
939 483
939 667
939 936
939 937
939 938
939 940
939 942
14 15
14 16
14 17
674 136
674 210
674 503
674 635
674 672
674 673
674 677
213 210
213 211
213 212
213 214
213 215
213 216
572 483
572 569
572 570
572 573
572 575
582 355
582 579
582 581
582 583
15 16
15 17
15 18
16 869
16 17
16 18
523 126
523 520
523 521
523 522
523 524
523 525
523 878
512 292
512 509
512 511
512 514
17 18
17 19
17 20
17 536
17 448
18 492
18 494
18 19
18 21
18 278
869 463
869 559
869 848
869 867
869 868
869 871
869 882
19 20
19 21
19 22
20 21
20 22
20 23
536 233
536 472
536 534
536 535
536 538
536 539
448 271
448 349
448 447
492 147
492 489
492 490
492 491
492 493
492 495
494 493
494 495
494 987
21 22
21 23
21 60
21 511
278 276
278 277
278 279
278 281
22 23
22 24
22 25
23 902
23 522
23 531
23 24
60 58
60 59
60 651
60 820
60 62
60 63
511 464
511 509
511 510
24 355
24 645
24 825
24 26
24 27
25 26
25 27
25 28
902 899
902 903
902 904
902 905
522 519
522 520
522 524
522 525
531 172
531 529
531 530
531 974
531 532
355 352
355 353
355 354
355 356
355 357
355 358
355 910
355 993
645 642
645 644
645 647
645 648
645 776
825 68
825 764
825 822
825 824
26 27
26 28
26 29
27 814
27 29
27 224
28 428
28 30
29 30
29 31
29 32
814 257
814 329
814 811
814 812
814 813
814 816
814 817
224 222
224 223
224 225
224 226
224 227
224 485
428 406
428 425
428 650
428 429
428 441
30 33
30 148
30 32
31 33
31 225
31 348
31 972
31 32
32 33
32 35
32 541
33 34
33 931
33 180
148 145
148 146
148 147
148 335
148 149
148 277
148 508
225 131
225 223
225 894
225 670
348 59
348 345
348 346
348 347
348 996
348 731
348 683
972 621
972 919
972 969
972 970
972 971
972 973
972 974
35 37
35 954
35 794
35 736
541 138
541 538
541 539
541 540
541 979
541 855
541 543
541 544
34 37
34 729
34 412
931 100
931 624
931 929
931 930
931 934
180 178
180 179
180 752
180 181
37 38
37 40
37 290
729 294
729 721
729 726
729 730
729 732
412 56
412 410
412 411
412 530
412 413
412 415
954 546
954 951
954 953
954 964
954 955
954 957
794 792
794 823
794 884
794 795
794 796
794 797
736 286
736 359
736 697
736 733
736 734
736 735
736 737
736 739
38 39
38 40
38 41
38 591
314 312
314 754
314 316
443 440
443 441
443 442
443 445
443 446
896 893
896 894
896 895
896 897
896 899
40 39
40 42
40 43
40 273
290 287
290 288
290 291
290 292
290 293
39 41
39 42
41 43
41 44
41 720
591 309
591 590
591 593
591 594
42 234
42 43
42 44
42 473
43 811
43 44
43 800
273 270
273 271
273 272
273 274
273 275
273 276
44 45
44 47
44 179
720 467
720 717
720 719
720 721
720 722
234 232
234 333
234 235
234 236
234 237
473 471
473 472
473 475
473 476
811 808
811 809
811 812
811 813
800 601
800 727
800 797
800 799
800 802
800 803
45 903
45 46
45 47
45 48
45 220
47 46
47 48
47 50
47 891
179 537
903 115
903 196
903 673
903 900
46 748
46 889
48 707
48 50
48 51
48 600
220 150
220 217
220 219
220 398
748 504
748 745
748 843
748 749
748 751
889 118
889 886
889 887
889 901
889 890
889 892
50 257
50 481
50 682
50 51
50 52
50 318
891 570
891 589
891 888
891 893
891 894
707 606
707 704
707 705
707 706
707 709
707 710
707 756
51 463
51 54
51 667
51 543
600 56
600 597
600 599
600 601
600 602
600 603
784 303
784 781
784 782
784 783
784 816
784 785
784 787
257 118
257 255
257 256
257 331
257 537
481 898
481 484
682 679
682 680
682 681
682 684
682 685
682 826
52 53
52 55
52 826
318 316
318 317
318 321
318 505
463 460
463 461
463 462
463 685
463 464
54 53
54 55
54 56
667 550
667 664
667 665
667 666
667 990
667 669
667 670
543 130
543 258
543 310
543 542
543 546
53 55
53 56
53 766
55 56
55 58
826 349
826 823
826 827
826 828
56 138
56 58
766 763
766 764
766 765
766 802
766 887
766 767
58 59
58 61
138 135
138 941
138 503
323 181
323 322
323 324
323 368
966 649
966 963
966 965
966 968
966 969
59 934
59 61
59 62
886 194
886 513
886 566
886 592
886 884
886 885
886 888
61 513
61 176
61 787
61 944
61 63
61 64
934 932
934 933
934 935
934 937
62 65
62 63
62 64
651 452
651 649
651 650
651 652
651 653
651 654
651 796
820 658
820 817
820 914
820 822
63 65
63 66
63 64
513 286
513 510
513 832
176 173
176 174
176 875
176 178
176 601
787 136
787 173
787 716
787 785
787 789
944 741
944 941
944 942
944 943
944 945
64 65
64 67
64 169
64 137
64 951
65 66
65 67
65 534
66 67
66 68
66 144
66 721
66 535
67 68
67 69
67 70
67 189
169 166
169 167
169 549
169 171
169 172
137 135
137 136
137 226
137 293
137 140
137 895
951 948
951 952
534 480
534 532
534 724
534 537
68 69
68 454
68 71
144 143
144 146
144 559
721 320
721 385
721 718
721 719
721 724
535 532
535 533
535 555
535 537
535 538
69 70
69 72
69 911
69 132
69 727
70 71
70 73
70 363
70 527
70 798
189 186
189 187
189 188
189 983
189 190
189 191
454 451
454 452
454 453
454 455
454 456
454 457
454 996
71 739
71 72
71 74
71 507
71 219
72 75
72 79
72 871
72 599
72 319
911 908
911 909
911 912
911 914
132 129
132 130
132 131
132 133
132 134
132 135
132 952
727 205
727 724
73 74
73 76
73 728
73 298
363 360
363 675
363 364
363 366
363 957
527 525
527 526
527 528
527 529
798 249
798 795
798 797
798 801
798 799
739 424
739 737
739 738
739 740
739 741
74 357
74 462
74 817
74 681
74 246
74 983
507 244
507 505
507 875
507 508
507 509
507 510
219 216
219 217
219 221
75 76
75 77
75 78
79 76
79 77
79 80
79 81
871 388
871 870
871 873
871 874
871 908
599 349
599 530
599 597
599 598
599 791
599 602
319 316
319 407
319 320
76 580
76 77
76 78
728 373
728 726
728 969
728 731
298 295
298 297
298 299
298 301
298 912
357 168
357 209
357 359
357 360
462 460
462 461
462 464
462 830
817 742
681 580
681 680
681 683
246 243
246 586
246 248
246 249
246 890
983 113
983 456
983 589
983 980
983 981
983 982
983 985
77 78
77 542
78 199
78 238
78 725
78 731
78 895
580 472
580 577
580 579
542 396
542 539
542 545
542 964
542 854
542 544
199 198
199 200
199 202
199 968
199 901
238 235
238 236
238 237
238 239
238 240
238 949
725 182
725 487
725 500
725 722
725 723
725 724
725 726
731 243
731 548
731 730
731 734
895 221
895 393
895 893
895 894
895 897
80 397
80 81
80 82
80 83
81 498
81 82
81 83
81 84
81 285
397 394
397 396
397 764
397 398
82 837
82 83
82 85
83 84
83 85
83 86
498 210
498 276
498 495
498 496
498 499
498 500
84 270
84 86
84 87
285 268
285 282
285 283
285 284
285 287
285 288
837 141
837 718
837 834
837 835
837 836
837 839
837 840
837 992
85 86
85 87
85 480
86 325
86 946
86 374
86 87
270 154
270 267
270 268
270 269
270 271
270 272
87 749
87 671
480 216
480 422
480 477
480 478
480 479
480 483
325 322
325 326
325 328
946 103
946 218
946 746
946 894
946 943
946 945
946 947
374 371
374 372
374 373
374 962
374 376
374 377
749 222
749 746
749 747
749 750
749 752
671 415
671 562
671 669
671 673
961 648
961 958
961 960
961 963
961 964
89 907
89 90
89 91
89 447
91 145
91 92
91 93
907 843
907 904
907 905
907 906
907 908
907 909
90 791
90 239
90 93
447 444
447 445
447 449
447 672
791 304
791 788
791 789
791 790
791 877
791 792
239 399
239 240
239 241
93 92
93 789
93 94
93 95
93 96
145 142
145 143
145 146
145 147
92 172
92 94
92 95
172 171
172 174
172 175
94 97
94 95
94 96
95 97
95 98
95 653
789 654
789 786
789 788
789 792
96 97
96 99
96 359
97 99
97 100
97 286
97 657
98 99
98 100
98 101
653 313
653 502
653 650
653 883
653 916
99 100
99 369
99 540
359 356
359 358
359 360
359 362
359 877
100 103
100 656
100 884
100 918
100 413
286 284
286 287
286 288
657 183
657 654
657 655
657 656
657 658
657 659
657 732
101 102
101 104
101 361
101 703
369 366
369 367
369 368
369 370
369 371
369 372
540 388
540 537
540 538
540 539
540 702
103 102
103 105
103 106
103 940
656 655
656 659
656 697
884 881
884 882
884 883
884 885
918 917
918 919
918 921
413 411
413 769
413 882
413 415
102 104
102 537
104 583
104 105
104 106
361 358
361 360
361 803
361 618
361 695
361 928
703 632
703 700
703 701
703 705
703 716
703 704
537 161
537 538
105 106
105 107
105 108
105 877
106 107
106 232
106 508
940 937
940 938
940 941
940 942
940 943
583 316
583 581
583 585
583 586
107 393
107 306
107 108
107 528
107 882
108 962
108 109
108 111
877 120
877 875
877 876
877 910
877 880
232 229
232 231
232 233
232 235
508 244
508 296
508 505
508 506
508 509
508 510
393 390
393 392
393 396
306 303
306 304
306 305
306 307
306 308
306 309
528 391
528 525
528 526
528 530
882 493
882 559
882 635
882 879
882 880
882 881
882 885
962 959
962 960
962 964
962 965
109 110
109 111
111 112
111 113
111 114
111 637
110 422
110 113
110 628
110 120
422 420
422 421
422 639
113 968
113 114
113 595
113 183
628 626
628 627
628 629
628 630
628 631
120 117
120 118
120 119
120 203
120 121
120 123
112 115
112 439
112 860
112 861
114 808
114 204
114 115
114 117
637 292
637 635
637 638
637 640
115 116
115 117
115 118
439 188
439 436
439 437
439 440
439 442
860 521
860 584
860 857
860 858
860 859
860 861
860 987
860 863
861 252
861 743
861 859
861 862
861 863
968 965
968 967
968 969
968 970
968 971
595 592
595 593
595 594
595 596
595 598
183 181
183 182
183 186
808 149
808 313
808 659
808 700
808 806
808 807
808 810
204 201
204 205
204 207
117 118
117 119
116 118
116 119
116 763
118 121
119 121
119 122
763 760
763 761
763 762
763 764
763 765
121 834
121 122
121 124
122 775
122 218
122 123
122 124
122 125
203 200
203 201
203 202
203 205
203 206
123 334
123 124
123 126
834 780
834 831
834 833
834 835
834 836
124 360
124 702
124 125
124 127
775 772
775 773
775 774
775 776
218 215
218 217
218 470
218 221
125 847
125 501
125 126
334 258
334 296
334 332
334 333
334 335
334 336
126 129
126 149
126 631
126 127
360 358
360 362
702 391
702 699
702 701
702 705
702 704
127 129
127 130
127 400
127 785
847 619
847 844
847 846
847 848
847 849
847 850
501 499
501 500
501 502
501 503
501 504
129 128
129 130
129 131
149 146
149 170
149 151
149 152
631 305
631 338
631 630
631 632
130 131
130 133
400 321
400 398
400 399
400 403
400 824
785 578
785 782
785 783
785 786
785 788
128 131
128 715
128 214
131 133
131 134
131 920
715 712
715 713
715 714
715 717
715 718
715 830
214 211
214 212
214 744
214 215
214 216
133 134
133 135
133 136
133 315
134 136
134 302
134 564
134 505
134 989
134 928
920 283
920 917
920 921
920 923
135 259
135 136
952 558
952 569
952 803
952 949
952 950
952 953
136 139
136 524
315 312
315 801
315 757
302 299
302 300
302 301
302 303
302 926
564 561
564 879
564 566
564 567
505 207
505 503
505 504
505 554
505 906
989 230
989 793
989 900
989 986
989 988
989 990
928 533
928 925
928 927
928 929
928 930
259 256
259 261
259 262
139 140
139 141
139 142
139 776
524 156
524 197
524 521
524 526
226 223
226 227
226 229
293 291
293 294
293 296
140 141
140 142
140 265
140 282
140 828
941 938
941 942
503 502
503 756
503 504
141 142
141 143
142 909
142 143
776 401
776 437
776 779
265 263
265 264
265 266
265 267
265 925
282 279
282 280
282 281
282 284
828 407
828 827
828 829
828 830
828 831
143 330
143 207
143 146
909 853
909 906
909 908
909 912
330 327
330 328
330 329
330 331
330 332
207 205
207 964
207 209
207 761
207 734
146 147
146 248
559 420
559 556
559 558
559 771
559 560
559 562
147 150
248 245
248 247
248 249
248 250
150 618
150 151
150 152
150 153
335 332
335 336
335 338
335 696
277 274
277 275
277 279
277 280
170 167
170 173
170 885
170 475
151 440
151 979
151 152
151 153
152 388
152 153
152 155
618 388
618 615
618 616
618 617
618 619
618 621
153 530
153 155
153 156
440 437
440 438
440 441
440 442
979 474
979 786
979 976
979 977
979 980
979 982
388 342
388 835
155 897
155 156
155 157
155 158
530 529
530 661
156 154
156 157
156 158
156 159
154 835
154 349
835 690
835 832
835 833
835 838
835 971
349 346
349 347
349 351
349 352
897 898
897 900
157 942
157 159
157 160
158 161
158 159
158 160
159 161
159 162
159 160
942 365
942 945
160 161
160 162
160 200
160 333
160 634
160 571
161 162
161 164
161 644
162 163
162 164
162 165
162 251
200 197
200 198
200 997
333 331
333 332
333 336
634 632
634 633
634 635
634 636
571 461
571 568
571 569
571 570
571 593
571 573
164 163
164 165
164 166
164 167
164 399
644 642
644 643
644 646
644 647
644 759
163 165
163 354
163 978
163 636
165 166
165 168
165 258
165 788
251 249
251 250
251 252
251 253
354 351
354 352
354 353
354 356
978 300
978 919
978 976
978 977
978 980
978 981
636 633
636 638
636 639
166 167
166 168
167 684
399 434
168 171
168 687
258 256
258 260
258 261
258 617
258 880
788 684
788 786
788 790
788 894
684 683
684 686
684 687
684 698
171 585
171 287
687 685
687 686
687 688
687 689
687 690
549 192
549 546
549 547
549 550
549 552
549 815
173 174
173 175
885 560
885 887
475 477
475 478
585 584
585 586
585 588
585 854
585 992
287 289
287 288
174 750
174 175
174 562
175 490
175 747
175 178
750 242
750 698
750 747
750 751
562 253
562 560
562 561
562 563
562 565
490 488
490 489
490 491
490 493
490 723
747 744
747 745
747 746
178 181
178 762
875 874
875 878
601 350
601 858
601 602
601 603
191 188
191 190
191 193
191 194
191 708
191 716
191 192
181 182
762 759
762 760
762 761
762 812
762 764
762 765
752 410
752 625
752 751
752 967
752 753
752 754
752 755
182 866
866 303
866 864
866 865
866 868
186 185
186 773
186 187
186 188
717 714
717 718
717 719
185 187
185 188
187 188
187 190
188 324
188 441
773 770
773 772
773 774
190 193
190 872
190 471
190 704
190 192
324 322
324 326
324 327
324 863
441 438
441 442
193 192
193 195
193 196
193 371
872 870
872 873
872 874
471 722
471 472
704 705
704 829
704 850
192 195
192 859
194 195
194 197
708 321
708 705
708 706
708 709
708 711
708 987
716 605
716 713
716 898
716 718
195 196
195 197
195 198
859 856
859 857
859 858
859 862
196 198
196 565
196 411
371 368
371 370
371 372
371 373
197 198
197 430
198 917
565 563
565 566
565 567
411 408
411 409
411 410
411 563
411 414
430 420
430 429
430 635
917 914
917 915
917 916
917 919
202 201
202 205
202 281
901 243
901 692
901 898
901 899
901 900
901 904
997 390
997 806
997 994
997 995
201 697
697 694
697 696
697 698
205 518
205 206
205 208
281 279
281 280
281 408
281 283
281 284
206 208
206 209
206 467
206 669
206 395
518 515
518 516
518 517
518 839
518 520
208 210
208 211
208 761
209 801
209 210
209 598
467 465
467 466
467 468
467 470
669 666
669 670
395 392
395 394
395 396
395 398
964 252
761 606
761 758
761 760
734 415
734 691
734 732
734 733
734 735
210 211
211 212
801 799
801 802
801 803
801 804
598 367
598 446
598 451
598 596
212 914
914 310
914 493
914 912
914 913
215 216
215 217
216 217
744 231
744 741
744 743
744 842
217 779
779 778
779 780
779 782
470 468
470 899
470 472
221 709
221 358
398 396
398 444
709 706
709 710
709 711
709 712
358 356
358 929
358 648
222 304
222 990
304 301
304 305
990 313
990 987
990 988
990 993
990 992
223 768
768 767
768 769
768 771
227 228
227 229
227 230
485 482
485 484
485 486
485 488
485 818
670 328
670 673
229 230
229 231
228 613
228 230
228 231
228 985
228 608
230 231
230 233
230 458
230 630
230 695
613 610
613 611
613 614
613 615
613 639
231 602
985 416
985 491
985 982
985 984
985 987
608 605
608 607
608 609
608 610
608 898
233 235
233 236
458 455
458 456
458 457
458 460
458 461
458 829
630 627
630 632
630 959
695 692
695 693
695 694
695 698
695 992
602 603
602 605
235 236
235 237
236 517
236 588
236 237
237 812
237 240
517 464
517 514
517 515
517 519
517 520
588 243
588 586
588 973
588 590
812 809
812 810
812 813
240 241
240 242
240 243
240 893
949 947
949 948
949 950
241 243
241 244
241 955
242 772
242 243
242 245
243 532
893 892
244 547
244 255
955 719
955 793
955 953
955 956
955 958
772 769
772 771
245 587
245 247
245 415
532 529
532 533
547 545
547 546
547 548
547 550
255 253
255 554
255 256
587 438
587 516
587 590
247 249
247 250
415 414
415 418
415 416
586 584
586 589
249 345
249 250
249 252
890 698
890 887
890 888
890 922
890 892
250 252
250 253
345 342
345 343
345 344
345 346
252 253
253 387
253 876
253 256
387 385
387 386
387 389
387 390
876 487
876 873
876 874
876 878
876 879
876 915
438 435
438 436
438 883
438 846
438 668
921 919
921 922
921 923
921 924
554 274
554 551
554 553
554 557
331 328
331 329
331 419
331 332
331 892
260 261
260 262
260 263
260 604
261 262
261 263
261 264
617 614
617 615
617 616
617 620
880 878
880 879
880 881
262 263
262 264
262 461
263 264
263 786
604 603
604 892
604 606
604 607
264 266
264 267
461 460
461 464
266 267
266 268
266 269
266 309
267 268
267 269
925 927
268 269
268 874
269 271
269 272
309 307
309 308
309 312
874 873
271 272
271 693
271 821
272 548
272 274
272 275
693 692
693 694
693 696
821 514
821 818
821 819
821 930
821 822
821 823
548 545
548 550
274 625
274 691
274 276
275 276
275 892
276 870
276 279
625 623
625 624
625 745
625 626
625 923
691 688
691 690
691 692
870 867
279 280
280 283
283 515
283 936
408 405
408 406
408 407
408 646
408 409
284 450
515 516
515 981
936 394
936 935
450 449
450 451
450 452
450 453
288 289
288 291
288 796
289 291
289 292
289 722
291 292
291 294
796 332
796 756
796 793
796 795
292 295
292 603
722 945
294 743
294 297
294 300
294 464
295 296
295 297
603 658
603 605
603 640
296 452
296 299
296 401
743 740
743 741
743 742
743 745
743 746
297 299
297 783
300 299
300 303
464 465
464 594
452 449
452 451
299 301
401 403
783 380
783 652
783 780
783 781
783 782
783 806
301 303
912 386
912 432
912 910
912 913
912 915
303 305
926 307
926 466
926 924
926 927
305 307
305 308
307 308
307 310
308 310
310 624
310 312
312 313
624 621
624 623
313 712
712 710
712 711
712 713
712 714
754 751
754 753
754 755
754 756
754 757
316 317
757 321
757 755
757 758
757 759
757 760
317 677
317 474
317 320
677 486
677 675
677 676
677 679
677 680
474 426
474 472
474 476
320 322
320 589
321 453
407 404
407 405
407 409
589 566
589 592
453 451
453 455
453 456
368 365
368 366
368 370
326 327
326 328
326 329
327 328
327 329
863 862
863 865
863 864
328 643
328 329
643 640
643 641
643 646
643 758
419 417
419 418
419 420
419 421
419 993
336 338
336 339
336 919
338 340
338 341
696 688
696 694
696 698
339 337
339 675
339 341
339 342
919 806
919 916
337 781
337 851
337 764
781 778
851 705
851 832
851 848
851 849
851 850
851 852
851 853
764 544
764 865
764 855
764 765
764 767
340 456
340 341
340 342
341 552
341 342
341 343
341 344
675 672
675 678
342 488
342 344
342 923
456 455
456 457
552 551
552 553
552 782
343 993
343 344
344 661
344 347
488 486
488 487
488 489
488 491
923 487
923 922
923 960
993 689
993 732
993 991
993 995
661 660
661 663
661 664
347 346
347 381
381 378
381 379
381 382
381 383
381 384
996 652
996 823
996 994
996 995
683 680
683 685
683 686
351 353
351 352
352 350
352 353
352 827
350 353
353 356
827 824
827 830
356 793
793 790
793 792
793 967
793 818
793 795
929 819
929 830
929 927
929 932
648 646
648 647
648 650
362 365
362 818
362 927
803 576
803 805
365 366
365 367
365 404
818 769
818 815
818 816
927 924
927 930
364 366
364 367
364 862
366 367
366 767
957 956
957 958
957 960
367 466
367 370
862 409
862 575
862 855
862 865
404 402
404 403
404 641
404 406
767 765
767 769
767 839
466 465
466 468
370 372
370 373
372 373
373 376
376 377
376 378
376 379
376 765
377 378
377 379
377 380
378 500
378 379
378 380
379 426
379 382
380 382
380 383
500 502
426 423
426 424
426 425
426 429
382 385
382 526
382 384
383 385
383 386
383 460
384 385
384 386
384 679
384 437
385 386
526 525
526 529
386 924
460 457
460 810
679 676
679 678
679 938
437 434
437 435
437 436
437 446
924 829
924 922
389 612
389 391
389 392
390 391
390 392
612 609
612 610
612 611
612 615
612 937
612 688
391 392
391 394
392 394
394 396
444 442
444 445
444 446
434 431
434 432
434 433
434 435
434 436
403 402
403 491
403 718
403 406
824 822
402 405
402 986
405 406
986 668
986 984
986 987
491 489
491 493
718 592
718 719
406 409
641 638
641 640
641 642
409 410
646 649
410 888
888 887
563 499
563 560
563 561
563 740
414 417
414 416
417 418
417 420
417 730
416 418
416 852
416 864
418 420
418 421
852 849
852 850
852 853
852 854
852 855
864 865
420 504
730 732
421 424
421 509
504 502
504 740
424 423
424 958
509 606
639 638
639 642
639 830
639 640
423 654
654 652
654 655
654 701
958 956
958 959
958 960
429 431
429 760
650 647
650 649
650 652
431 432
431 433
760 758
760 759
432 435
433 435
433 436
435 436
435 857
857 856
446 723
883 805
883 881
846 844
846 845
846 848
668 581
668 665
668 666
442 829
442 810
442 445
829 479
829 830
810 807
445 948
445 991
948 945
948 947
948 950
991 486
991 855
991 988
991 992
723 724
449 451
672 673
455 457
830 478
830 689
830 832
685 688
465 468
594 592
594 593
594 906
468 557
557 556
557 558
557 560
899 770
899 900
476 770
476 478
476 479
477 980
477 478
477 479
478 479
770 771
479 482
479 584
980 977
980 982
482 483
482 484
584 581
483 486
484 486
484 487
486 487
486 714
714 713
489 506
506 790
493 495
495 758
987 984
496 499
499 502
756 753
756 755
756 915
740 593
740 738
740 741
906 873
906 904
906 905
790 792
510 546
510 664
606 607
546 544
664 662
664 663
664 665
514 516
832 533
832 831
832 833
516 519
981 984
519 520
519 521
520 521
839 836
839 838
839 840
839 842
521 845
845 843
845 844
845 848
878 881
529 737
529 629
737 735
737 738
629 616
629 626
629 627
629 632
974 574
974 970
974 971
974 973
974 976
974 977
724 689
724 726
555 553
555 556
555 558
555 976
538 539
855 853
855 854
544 545
545 609
854 816
854 853
854 856
609 607
609 610
609 611
550 551
550 553
815 813
815 816
551 553
553 556
556 558
556 662
558 705
976 711
976 973
976 975
662 659
662 660
662 663
560 561
771 774
566 568
566 569
567 568
567 569
567 570
568 569
568 570
570 573
573 774
573 574
573 575
573 576
593 590
593 950
575 577
575 578
575 576
574 577
574 938
576 577
576 578
576 579
577 578
577 579
938 935
938 937
578 579
578 581
579 581
590 592
973 970
973 971
592 804
592 632
804 802
804 805
804 807
950 686
950 947
596 937
596 778
937 868
937 935
778 780
858 856
605 607
658 655
658 659
640 638
640 642
607 610
610 611
611 614
614 615
614 616
615 616
688 686
688 982
616 619
619 621
619 622
620 621
620 622
620 623
621 622
621 623
622 833
622 842
622 623
623 626
833 831
833 836
842 652
842 840
842 841
842 843
842 844
626 849
626 627
745 742
745 746
849 848
959 956
959 960
633 841
841 838
841 840
841 843
841 844
642 836
836 838
647 649
652 655
916 726
916 913
916 915
916 953
701 699
701 700
659 660
732 733
732 735
660 663
663 665
663 666
665 666
666 755
755 753
673 676
673 943
676 678
943 945
678 680
678 900
686 689
698 746
698 699
689 799
690 692
982 984
799 797
799 802
746 805
699 700
700 843
843 809
843 840
850 848
710 711
710 713
711 713
713 780
945 947
969 970
733 735
735 738
738 741
741 742
742 913
913 915
805 802
805 806
805 807
751 753
967 965
967 970
865 867
802 963
816 813
816 819
792 795
795 797
823 822
963 960
963 965
807 809
819 822
930 933
838 840
853 856
867 868
868 932
932 933
932 935
908 905
904 905
953 975
953 956
933 935
933 994
994 995
975 977
1
