1000 1 2000
1 2
1 3
1 933
1 1000
2 616
2 3
2 4
2 1000
3 4
3 5
933 932
933 935
1000 998
1000 999
616 261
616 614
616 615
616 618
4 5
4 6
5 130
5 6
5 7
5 433
6 399
6 7
6 8
130 129
130 132
7 9
7 516
7 8
433 431
433 432
433 435
399 335
399 397
399 400
8 9
8 10
9 10
9 11
516 514
516 517
10 12
10 622
11 299
11 12
12 13
12 14
622 620
622 621
622 623
622 624
299 297
299 298
299 300
299 301
13 14
13 15
14 15
14 16
14 698
14 160
15 17
15 16
16 17
16 18
698 696
698 697
698 700
160 158
160 162
17 18
17 19
18 19
18 20
19 20
19 21
19 208
20 21
20 22
21 762
21 22
208 206
208 207
208 209
22 942
22 23
22 24
762 236
762 763
762 764
942 940
942 941
942 944
23 857
23 24
24 25
24 26
857 855
857 964
857 859
25 27
25 288
26 120
26 27
26 676
27 747
27 29
288 287
288 289
288 628
288 537
120 118
120 119
120 121
120 427
676 416
676 674
676 675
676 678
747 492
747 745
747 746
747 749
29 28
29 30
29 31
28 30
30 748
30 31
30 32
31 579
31 32
748 281
748 401
748 746
748 811
748 749
32 34
32 103
579 577
579 578
579 580
579 581
34 33
34 35
34 36
103 101
103 102
103 105
103 104
33 35
33 515
35 925
35 36
35 37
515 513
515 514
515 517
36 237
36 38
925 393
925 923
925 924
37 442
37 172
37 38
37 39
237 235
237 239
237 864
38 39
38 40
442 440
442 441
442 443
172 170
172 171
172 413
39 924
39 40
40 41
40 758
924 469
924 923
924 926
41 837
41 62
758 756
758 757
758 759
758 760
837 835
837 836
837 838
837 839
62 60
62 660
62 757
42 43
42 44
43 773
43 44
43 979
43 266
43 416
44 45
44 46
773 771
773 772
773 774
979 978
979 980
266 264
266 265
266 385
266 267
266 268
416 414
416 415
416 418
45 46
45 566
46 303
46 47
566 564
566 565
566 568
566 670
303 301
303 305
303 994
303 882
47 722
47 830
722 409
722 720
722 721
722 750
722 723
722 724
830 806
830 828
830 829
830 831
830 832
48 49
48 50
49 50
49 51
50 51
50 52
51 52
51 53
52 473
52 53
52 54
53 54
53 55
473 471
473 472
473 474
54 444
54 55
55 57
55 56
444 445
444 446
57 56
57 58
57 59
56 481
56 948
56 58
481 479
481 480
481 483
948 946
948 950
58 356
58 452
58 60
59 60
59 61
356 354
356 357
356 358
452 450
452 451
452 506
60 61
61 380
61 235
380 378
380 381
380 382
235 233
235 236
660 658
660 659
660 836
660 661
757 408
757 417
757 755
757 756
757 759
63 65
63 308
63 64
65 64
65 66
65 647
65 489
308 306
308 307
308 309
64 66
64 220
66 68
66 565
220 218
220 219
220 221
647 645
647 646
647 648
489 487
489 490
489 491
68 67
68 69
68 70
565 563
565 564
565 567
67 653
67 69
67 798
653 651
653 652
653 655
69 70
69 71
798 796
798 800
70 71
70 72
71 73
71 508
72 73
72 74
73 74
73 75
508 506
508 507
508 509
508 510
74 75
74 76
75 76
75 77
76 77
76 78
77 78
77 79
78 934
78 80
78 957
79 81
79 573
79 80
934 191
934 936
80 81
80 82
957 894
957 955
957 956
957 958
957 959
81 269
81 82
81 312
81 922
573 571
573 572
573 574
82 83
82 413
269 267
269 932
269 271
312 310
312 313
312 314
922 470
922 920
922 921
922 976
83 84
83 85
413 213
413 411
413 412
413 414
84 85
84 86
85 86
85 87
85 488
86 87
86 88
87 89
87 88
488 379
488 486
488 487
488 490
88 89
88 90
89 90
89 528
90 262
90 939
90 91
528 246
528 526
528 527
528 530
262 164
262 260
262 261
262 865
262 264
262 751
939 357
939 937
939 938
91 92
91 93
92 859
92 94
93 571
93 95
859 858
859 860
859 861
94 95
94 96
571 569
571 572
95 97
95 96
96 97
96 465
96 749
97 98
97 99
465 463
465 464
465 466
465 467
749 751
98 99
98 100
99 101
99 350
100 213
100 754
101 102
101 560
350 348
350 349
350 902
350 670
350 352
213 135
213 211
213 212
213 214
213 215
213 635
754 753
754 755
754 756
102 104
560 558
560 559
560 562
104 106
104 575
105 106
105 107
106 108
106 845
575 574
575 577
575 576
107 108
107 703
108 109
108 286
108 650
845 727
845 843
845 844
845 846
845 847
845 977
703 701
703 702
703 705
703 704
109 707
109 110
109 111
286 217
286 284
286 973
650 648
650 649
650 651
707 705
707 706
707 709
110 967
110 111
111 113
111 112
967 965
967 966
967 969
967 968
113 112
113 114
113 115
112 114
114 796
114 116
115 250
115 116
115 117
796 794
796 795
796 824
796 797
116 117
116 118
250 248
250 249
250 252
250 695
117 420
117 302
118 353
420 418
420 947
420 421
420 422
302 281
302 300
302 301
302 304
353 351
353 352
353 354
353 355
119 121
119 251
121 122
121 123
251 249
251 252
427 426
427 428
427 815
122 123
122 124
123 476
123 785
123 124
124 125
124 126
476 456
476 475
476 478
476 477
785 494
785 783
785 784
785 787
125 126
125 127
125 848
126 537
126 511
126 128
127 861
127 128
848 846
848 847
848 849
537 535
537 536
537 538
537 539
511 509
511 510
511 513
128 129
128 183
128 317
861 860
861 862
861 863
129 131
183 181
183 182
183 184
317 185
317 315
317 316
317 641
317 319
131 133
131 808
131 329
131 982
132 133
132 134
133 134
133 135
808 807
808 809
329 327
329 328
329 344
982 360
982 980
982 981
982 984
134 386
134 136
134 428
134 860
135 137
135 313
386 384
386 385
386 388
136 137
136 138
428 426
428 430
860 813
860 858
137 138
137 139
313 311
313 960
138 139
138 140
138 752
139 140
139 141
139 322
140 141
140 142
752 686
752 751
752 753
141 382
141 143
322 190
322 320
322 321
322 324
142 143
142 144
382 368
382 381
382 383
382 384
143 145
143 144
144 145
144 146
145 146
145 147
146 147
146 148
147 148
147 149
148 149
148 150
149 150
149 151
149 270
150 151
150 152
151 836
151 152
151 284
270 268
270 272
152 153
152 154
836 834
836 838
284 282
284 283
153 154
153 155
153 765
154 155
154 156
155 156
155 157
765 763
765 764
765 766
156 157
156 158
157 158
157 159
158 159
159 161
159 192
161 163
161 840
192 193
192 194
162 417
162 164
163 996
163 856
840 304
840 838
840 841
840 842
417 415
417 419
164 165
996 994
996 995
996 997
996 998
856 411
856 548
856 854
856 855
856 899
165 166
165 167
166 167
166 168
167 169
167 168
168 170
168 222
169 170
169 171
170 171
222 221
222 254
222 670
222 223
171 441
441 439
441 440
441 443
173 174
173 175
174 396
174 175
174 176
175 177
175 570
175 176
396 394
396 395
396 397
176 177
176 178
177 178
177 179
570 305
570 568
570 569
178 997
178 234
178 475
179 180
179 181
997 655
997 995
997 998
234 232
234 233
234 236
234 602
475 474
180 733
180 181
180 182
181 182
733 731
733 734
182 184
184 185
184 186
185 186
185 187
186 187
186 188
187 188
187 189
188 189
188 190
188 311
189 190
189 191
190 191
191 193
193 561
193 194
194 195
194 196
561 559
561 562
561 563
561 916
195 331
195 196
195 197
196 197
196 198
331 330
331 710
331 332
331 499
197 198
197 199
198 725
198 496
199 201
199 200
725 723
725 724
725 726
725 727
496 495
496 497
496 498
201 202
201 203
201 612
200 889
200 202
889 522
889 739
889 890
889 891
202 203
202 204
202 228
203 204
203 205
612 610
612 611
612 613
204 205
204 206
228 226
228 227
228 230
205 777
205 207
206 548
206 526
777 527
777 775
777 776
777 778
777 779
207 209
207 285
548 546
548 547
526 524
526 527
209 210
209 211
285 283
285 744
285 309
210 211
210 212
211 212
212 876
212 214
876 874
876 875
876 877
214 241
214 215
214 216
215 217
215 945
635 279
635 633
635 637
241 239
241 242
216 745
216 525
216 217
216 218
217 615
217 218
217 219
945 943
945 944
945 946
945 947
745 743
745 744
525 523
525 524
525 527
218 219
218 310
615 613
615 614
615 888
219 221
310 309
221 534
534 532
534 533
534 535
534 536
254 252
254 253
254 255
254 256
670 668
670 669
670 672
223 225
223 224
225 224
225 226
225 227
224 226
226 227
227 229
229 673
229 959
230 421
230 692
230 847
673 672
673 674
673 675
959 958
959 961
959 960
421 393
421 419
421 422
692 690
692 691
692 694
692 697
847 846
231 233
231 232
233 232
236 513
602 600
602 601
602 603
602 604
513 512
513 514
239 238
239 391
864 862
864 863
864 865
864 866
238 835
238 700
238 240
835 826
835 834
700 699
700 701
240 242
240 994
391 389
391 390
391 393
391 392
242 243
242 244
994 992
994 993
994 995
243 761
243 244
243 245
244 276
244 245
244 246
761 376
761 759
761 760
245 981
245 246
245 247
276 275
276 277
276 363
246 247
246 248
981 980
247 249
247 799
247 248
248 249
799 800
252 253
695 627
695 694
253 682
682 680
682 681
682 683
682 684
255 257
255 256
256 257
256 258
257 258
257 259
258 259
258 260
259 260
259 261
260 986
986 984
986 985
986 987
986 988
865 601
865 863
865 866
865 988
264 263
264 265
264 815
751 750
263 265
265 267
815 814
267 268
385 383
385 384
268 729
268 954
729 974
729 730
729 731
954 952
954 956
932 930
271 805
271 989
271 882
272 273
272 274
805 803
805 804
805 806
805 807
989 988
989 991
882 880
882 881
882 883
273 274
273 842
274 275
274 891
842 841
842 843
842 844
275 277
891 890
891 892
891 893
277 278
277 279
363 361
363 362
363 711
363 640
278 279
278 280
279 281
280 281
280 282
281 282
282 283
744 742
744 743
744 746
309 307
309 656
973 971
973 972
973 974
973 975
287 289
289 290
289 291
628 324
628 626
628 627
290 291
290 362
290 365
291 292
291 293
362 360
362 721
365 364
365 367
292 293
292 294
293 294
293 295
294 485
294 295
294 296
295 297
295 296
485 483
485 484
485 887
485 487
296 297
296 298
296 366
297 298
298 300
366 364
366 367
300 301
304 305
305 306
305 307
306 802
802 800
802 801
802 803
802 804
656 462
656 654
656 655
656 658
314 315
314 316
960 760
960 958
960 961
960 962
315 316
316 964
964 962
964 963
964 965
964 966
641 639
641 640
641 643
319 318
319 321
319 392
319 320
318 617
318 320
617 619
320 321
321 323
392 390
392 393
323 324
323 325
324 326
324 338
325 493
325 326
326 327
326 328
338 336
338 337
338 339
338 340
493 491
493 492
493 494
493 495
327 328
328 330
330 896
330 332
330 563
344 342
344 343
344 345
344 346
896 895
896 897
332 333
332 334
563 562
710 708
710 709
710 711
499 497
499 498
499 501
333 334
333 335
334 335
334 336
335 929
335 818
336 443
336 862
929 927
929 928
929 930
929 931
818 412
818 816
818 817
443 361
443 445
862 863
337 953
337 339
953 952
953 955
339 340
339 341
340 341
340 342
341 359
341 342
341 343
342 343
359 357
359 361
343 345
345 346
345 347
346 347
346 348
346 791
347 348
347 349
348 487
791 789
791 790
791 793
349 351
487 355
487 486
351 352
902 572
902 900
902 901
352 354
354 355
355 357
355 458
357 358
458 457
458 460
358 646
358 360
646 644
646 645
646 648
360 684
360 728
684 683
684 685
684 686
684 890
728 674
728 726
728 727
728 730
721 719
721 720
721 723
711 713
640 638
640 639
640 642
367 369
367 697
369 368
369 370
369 371
697 696
697 699
370 371
370 372
371 372
371 373
372 373
372 374
373 374
373 375
374 562
374 376
375 377
375 376
562 564
376 377
376 378
377 424
377 949
377 379
377 704
378 379
378 501
424 422
424 423
424 425
949 950
949 951
379 398
379 381
704 702
704 706
501 502
398 397
398 813
398 400
381 383
383 384
388 387
388 389
388 390
387 618
387 679
618 620
679 677
679 681
679 680
389 390
390 503
503 502
503 504
393 394
393 395
393 671
394 395
395 397
671 557
671 669
671 672
813 812
813 814
400 401
400 577
401 403
577 576
577 578
403 402
403 404
403 405
402 404
404 701
404 406
405 406
405 407
701 699
701 702
406 500
406 407
406 408
407 409
407 408
500 498
500 965
408 409
409 411
411 410
411 412
410 412
412 540
412 414
540 538
540 539
540 541
414 415
418 419
419 956
956 955
956 958
947 518
947 946
422 423
423 425
425 426
425 674
674 672
430 429
430 431
430 432
429 431
431 893
431 432
432 434
893 892
893 895
434 435
434 436
435 436
435 437
436 437
436 438
437 438
437 439
438 478
438 439
439 440
478 477
478 727
478 479
440 931
931 472
931 930
445 446
445 447
446 977
446 447
446 448
447 449
447 448
977 975
448 449
448 450
449 450
449 838
450 451
838 470
838 839
451 453
451 541
453 454
453 455
541 539
541 542
506 504
506 505
506 507
454 455
454 456
455 457
455 456
456 457
457 459
459 460
459 461
460 461
460 462
461 462
461 463
462 463
463 474
463 464
474 472
464 466
466 467
466 739
467 627
467 468
739 737
739 738
739 740
627 625
627 626
627 629
468 469
468 470
469 471
470 472
471 995
995 797
995 993
477 479
479 480
727 726
480 482
482 483
482 484
483 484
484 486
887 885
887 886
887 888
490 491
490 492
491 492
492 494
494 495
495 497
497 498
965 664
965 963
502 504
504 505
505 507
507 509
509 510
510 512
512 514
517 518
517 519
518 519
518 520
519 521
519 520
520 521
520 522
521 522
521 523
522 524
523 524
530 529
530 531
530 532
529 767
767 766
767 769
767 768
531 532
531 533
531 732
532 533
533 535
732 730
732 731
732 734
535 693
535 536
536 538
693 691
693 694
538 539
542 543
542 576
543 766
543 544
576 574
576 578
766 764
766 768
544 545
544 546
545 546
545 734
546 547
734 735
734 736
547 549
549 550
549 551
550 551
550 552
551 553
551 552
552 553
552 554
553 554
553 927
554 555
554 652
927 926
927 928
555 556
555 557
555 951
652 651
652 654
556 557
556 558
557 843
557 559
951 950
951 952
558 559
843 841
916 914
916 976
567 569
567 568
568 569
572 574
578 580
580 581
580 582
581 582
581 583
582 583
582 584
583 585
583 584
584 585
584 586
585 586
585 587
586 587
586 588
587 588
587 589
588 589
588 590
589 590
589 591
590 591
590 592
591 593
591 741
591 592
592 594
592 795
593 594
593 595
741 742
594 595
594 596
795 794
795 797
595 596
595 597
596 597
596 598
597 598
597 599
598 599
598 600
599 601
599 600
600 601
603 604
603 605
604 605
604 606
605 634
605 797
605 606
605 607
606 607
606 608
634 632
634 633
634 999
634 636
607 609
607 608
608 609
608 610
609 610
609 611
610 611
611 974
974 678
974 972
974 975
613 614
888 886
888 890
619 620
619 621
620 621
621 623
623 753
623 624
624 625
624 626
753 755
625 626
629 630
629 631
630 631
630 632
631 633
631 632
632 633
999 998
636 637
636 638
637 638
637 639
638 639
642 643
642 644
643 644
643 645
644 645
648 649
649 651
649 880
880 878
880 879
654 655
655 657
657 658
657 659
658 659
659 661
661 662
661 663
662 663
662 664
663 665
663 664
664 665
664 666
665 666
665 667
666 667
666 668
667 668
667 669
668 669
675 677
677 678
678 680
680 681
681 683
683 685
683 713
685 686
685 687
713 712
713 714
686 688
687 689
687 688
688 689
688 690
689 690
689 691
690 691
694 696
699 849
849 851
705 706
706 708
708 709
709 789
789 787
789 788
789 790
712 714
714 715
714 716
715 716
715 717
716 717
716 718
717 718
717 719
718 719
718 720
719 720
723 724
724 726
730 731
735 737
735 736
736 737
736 873
737 738
873 871
873 872
873 874
873 875
738 740
740 787
740 742
787 786
787 833
787 788
742 743
811 809
811 810
811 812
755 756
755 816
816 814
759 760
763 764
768 769
768 770
769 770
769 771
770 771
770 772
771 772
772 774
774 775
774 776
775 776
776 778
778 779
778 780
779 780
779 781
780 781
780 782
781 783
781 928
782 783
782 784
783 784
928 926
928 930
784 786
784 867
786 788
867 866
867 868
788 790
833 831
833 832
833 834
790 792
792 793
792 794
793 794
793 846
794 915
846 844
915 913
915 914
915 917
824 822
824 823
824 825
800 801
801 803
803 804
804 806
806 807
807 809
809 810
810 812
812 814
817 819
819 820
819 821
820 821
820 822
821 822
821 823
822 823
823 825
825 826
825 827
826 828
827 828
827 829
828 829
829 831
831 832
832 834
834 920
920 918
920 919
839 897
839 841
839 921
897 895
897 899
921 919
921 926
851 850
851 852
851 853
850 852
852 853
852 854
853 854
853 855
854 855
899 898
899 900
899 901
866 868
988 987
988 990
868 869
868 870
869 871
869 980
870 871
870 872
871 872
980 978
872 910
910 908
910 909
910 911
910 912
874 875
875 877
877 878
877 879
878 879
879 881
879 911
881 883
911 909
911 913
883 884
883 885
884 885
884 886
885 886
892 894
894 895
898 900
900 901
901 903
903 905
903 978
905 904
905 906
905 907
978 976
904 906
906 907
906 908
907 908
907 909
908 909
912 913
912 914
913 914
917 918
917 919
976 975
918 919
935 937
935 936
936 937
936 938
937 938
938 940
940 941
941 943
943 987
943 944
944 946
987 985
950 952
961 962
961 963
962 963
966 968
968 969
968 970
969 970
969 971
970 971
970 972
971 972
984 983
984 985
983 985
990 991
990 992
991 993
991 992
992 993
1
