100 1 300
1 2
1 3
1 84
1 99
1 82
1 100
2 3
2 5
2 99
2 4
3 4
3 5
3 6
3 100
84 24
84 83
84 85
84 86
84 87
99 24
99 98
99 100
82 79
82 80
82 81
82 83
82 85
100 31
100 81
100 97
100 98
5 4
5 6
5 8
5 55
5 91
4 6
4 7
6 7
6 8
6 9
7 8
7 9
7 10
8 9
8 10
8 11
55 52
55 54
55 57
55 58
91 76
91 88
91 89
91 90
91 92
91 94
9 10
9 11
9 12
10 11
10 12
10 13
11 12
11 13
11 47
12 13
12 14
12 15
12 46
12 42
13 14
13 15
13 16
47 44
47 45
47 46
47 69
47 48
47 49
47 50
14 15
14 16
14 17
15 16
15 17
15 93
46 43
46 44
46 83
42 38
42 39
42 40
42 41
42 43
42 79
16 17
16 18
16 19
17 18
17 19
17 90
93 90
93 92
93 94
93 95
93 96
18 19
18 20
18 21
19 81
19 20
19 21
90 87
90 88
90 89
90 92
90 96
20 21
20 22
20 23
21 22
21 23
21 24
81 34
81 38
81 78
81 79
81 80
81 83
22 23
22 24
22 25
23 24
23 25
23 26
24 25
25 26
25 27
25 28
26 27
26 28
26 29
27 28
27 29
27 30
28 53
28 29
28 30
28 31
29 30
29 31
29 32
30 33
30 97
30 31
30 32
53 50
53 51
53 52
53 54
53 56
31 33
31 32
32 33
32 34
32 35
33 34
33 35
33 36
97 92
97 94
97 95
97 96
97 98
34 35
34 36
34 37
35 36
35 37
35 63
36 37
36 38
36 39
37 38
37 39
37 40
63 41
63 60
63 61
63 62
63 65
63 64
38 40
39 40
39 41
40 73
40 43
41 43
41 44
73 57
73 70
73 71
73 72
73 74
73 76
43 44
43 60
44 45
79 76
79 77
79 78
79 80
60 57
60 58
60 61
60 62
45 65
45 48
65 62
65 66
65 67
65 68
65 98
48 49
48 50
48 51
83 80
83 85
83 86
69 66
69 67
69 68
69 70
69 71
49 50
49 51
49 52
50 51
50 52
50 59
51 66
51 52
51 54
52 54
59 56
59 57
59 58
59 61
59 62
66 64
66 67
54 56
54 57
56 57
56 58
57 58
57 64
58 86
58 61
64 61
64 62
64 67
86 85
86 87
86 88
61 62
67 68
67 70
68 71
68 92
98 95
98 96
70 71
70 72
71 72
71 74
92 89
92 94
72 74
72 75
74 75
74 76
74 77
75 76
75 77
75 78
76 77
76 78
77 78
77 80
78 80
85 87
85 88
87 88
87 89
88 89
96 94
96 95
94 95
1
