100 1 300
1 2
1 3
1 4
1 98
1 50
1 100
1 30
2 3
2 5
2 99
2 4
2 96
3 4
3 5
3 77
3 100
4 5
4 7
4 8
98 82
98 97
98 99
98 100
50 31
50 48
50 51
50 52
100 21
100 33
100 89
100 97
100 99
30 8
30 27
30 28
30 58
30 59
30 31
30 32
5 7
5 8
5 66
99 42
99 96
96 93
96 94
96 95
96 97
77 74
77 75
77 76
77 78
77 79
77 80
7 9
7 10
7 41
8 6
8 9
8 11
8 17
66 45
66 54
66 67
66 68
66 69
6 9
6 76
9 10
9 11
9 24
76 73
76 74
76 78
76 79
10 11
10 12
10 13
10 47
41 38
41 39
41 40
41 72
41 42
41 44
11 36
11 12
11 13
11 14
11 74
11 64
17 14
17 15
17 16
17 19
17 59
24 22
24 23
24 48
24 26
24 27
12 97
12 13
12 14
12 75
12 95
13 72
13 14
13 16
13 60
47 44
47 46
47 48
47 49
36 34
36 35
36 37
36 38
14 15
14 16
14 84
74 71
74 72
64 61
64 62
64 63
64 65
64 67
97 94
97 95
75 20
75 56
75 65
75 73
75 78
95 92
95 94
72 69
72 70
72 71
72 73
16 18
16 19
16 57
60 57
60 59
60 85
60 62
60 63
15 38
15 83
84 81
84 82
84 83
84 86
84 87
38 35
38 37
38 40
38 78
83 23
83 80
83 81
83 85
83 86
18 19
18 21
19 20
19 21
19 22
57 54
57 55
57 56
57 69
57 73
57 58
59 56
59 58
59 62
21 22
21 23
21 26
20 85
20 22
22 23
22 25
85 82
85 86
85 87
85 88
23 26
26 25
26 49
26 27
26 28
26 29
25 89
25 94
48 45
48 46
48 67
48 49
48 51
27 28
27 29
89 43
89 86
89 87
89 88
89 90
89 92
94 91
94 92
94 93
49 46
49 51
49 52
28 33
28 29
29 68
29 53
29 58
29 31
29 32
33 32
33 34
33 35
68 65
68 69
68 70
53 51
53 52
53 54
53 55
53 56
58 55
58 56
31 34
31 32
32 34
32 35
34 35
34 37
35 37
37 39
37 40
39 40
39 42
40 43
40 71
78 79
78 80
78 81
42 43
42 44
42 45
43 44
43 45
71 69
71 70
71 73
44 45
44 46
45 46
45 63
63 61
63 65
67 65
67 69
67 70
51 52
51 54
52 54
52 55
54 55
55 56
73 61
73 70
62 61
62 65
62 90
90 87
90 88
90 91
90 92
90 93
79 80
79 81
79 82
80 81
80 82
81 82
86 87
86 88
86 93
87 88
88 91
93 91
93 92
91 92
1
