1000 1 3000
1 2
1 3
1 4
2 642
2 4
2 999
2 1000
2 866
3 4
3 5
3 6
3 1000
3 584
3 473
4 5
4 6
4 7
4 971
4 526
642 641
642 643
642 644
642 918
999 258
999 996
999 997
999 998
999 1000
1000 154
1000 632
1000 638
1000 788
1000 997
1000 998
866 863
866 864
866 867
866 868
866 869
5 6
5 7
5 8
6 8
6 9
6 68
584 581
584 582
584 583
584 585
584 586
473 98
473 178
473 472
7 487
7 8
7 9
971 43
971 968
971 969
971 970
971 972
971 973
526 523
526 524
526 527
526 528
8 9
8 10
8 11
9 10
9 11
9 12
68 65
68 66
68 67
68 69
68 70
68 71
487 484
487 485
487 486
487 488
487 489
487 889
10 333
10 11
10 13
11 929
11 12
11 13
11 14
11 436
11 704
12 546
12 808
12 13
12 14
12 15
12 751
333 330
333 331
333 677
333 334
333 335
333 336
333 469
13 870
13 14
13 15
13 16
929 926
929 927
929 930
929 932
14 15
14 17
14 534
14 344
436 433
436 434
436 435
436 644
436 878
436 437
436 439
704 272
704 348
704 701
704 702
704 707
704 780
546 483
546 543
546 544
546 547
546 742
808 807
808 809
808 811
808 845
15 294
15 17
15 18
751 146
751 154
751 410
751 748
751 750
751 752
751 754
870 669
870 867
870 871
870 872
16 17
16 18
16 563
17 835
17 19
17 20
534 531
534 532
534 533
534 711
534 535
534 537
344 341
344 342
344 420
344 345
294 292
294 293
294 295
294 296
294 297
18 779
18 19
18 21
563 562
563 564
563 565
563 566
835 435
835 832
835 833
835 836
835 837
835 838
19 20
19 21
19 22
20 21
20 22
20 23
779 144
779 776
779 777
779 778
779 781
779 782
21 481
21 715
21 23
21 24
22 23
22 24
22 25
23 965
23 25
23 26
481 479
481 480
481 482
481 484
481 976
715 97
715 615
715 712
715 713
715 714
715 716
715 717
24 25
24 26
24 27
25 135
25 26
25 27
25 28
965 966
965 967
965 968
26 168
26 27
26 29
27 103
27 29
27 30
135 132
135 134
135 136
135 138
28 493
28 29
28 30
28 31
168 67
168 165
168 166
168 167
168 170
168 171
29 30
29 31
29 32
103 101
103 102
103 104
103 105
103 106
30 33
30 539
30 31
493 340
493 490
493 491
493 492
493 496
31 33
31 536
31 32
32 34
32 35
32 930
33 34
33 35
33 552
539 51
539 536
539 537
539 538
539 540
539 542
536 533
536 535
536 538
536 605
34 737
34 35
34 36
34 643
35 36
35 37
35 38
930 695
930 927
930 928
930 931
930 932
930 933
552 549
552 551
552 553
552 554
552 555
737 735
737 736
737 738
737 739
737 740
36 37
36 38
36 719
36 120
36 869
643 640
643 641
643 645
643 646
37 38
37 39
37 40
37 246
38 39
38 40
38 41
38 266
719 104
719 236
719 717
719 722
120 86
120 117
120 118
120 215
120 122
869 829
869 867
869 868
869 871
869 872
39 40
39 41
39 42
39 460
40 41
40 42
40 43
246 243
246 244
246 245
246 776
246 249
41 42
41 43
41 44
266 115
266 263
266 264
266 265
266 269
266 474
42 644
42 43
42 44
42 45
460 457
460 458
460 459
460 462
460 504
43 522
43 44
43 46
43 138
44 940
44 45
44 371
44 795
44 768
644 541
644 641
45 46
45 47
45 48
45 830
522 519
522 520
522 521
522 998
522 523
522 570
46 47
46 48
46 49
138 72
138 136
138 137
138 842
138 140
940 937
940 938
940 939
940 941
940 943
371 368
371 370
371 453
371 785
371 373
371 374
795 392
795 792
795 793
795 794
795 796
795 798
768 674
768 765
768 766
768 767
768 769
768 770
768 771
768 985
47 178
47 48
47 50
48 129
48 50
48 51
830 774
830 827
830 828
830 829
830 831
830 832
49 463
49 50
49 51
178 175
178 176
178 177
178 179
178 180
178 181
50 648
50 331
50 52
50 53
50 448
129 61
129 126
129 127
129 132
129 538
51 291
51 654
51 52
51 54
463 394
463 461
463 614
463 465
648 645
648 646
648 647
648 650
648 918
331 329
331 330
331 332
52 53
52 54
52 55
52 470
53 405
53 54
53 55
53 56
448 213
448 445
448 446
448 450
448 903
448 576
291 288
291 289
291 290
291 293
291 796
654 651
654 652
654 655
654 656
654 657
654 794
654 703
54 87
54 723
54 55
54 56
54 57
55 996
55 56
55 57
55 58
55 510
470 467
470 471
470 472
405 402
405 407
405 408
56 599
56 58
56 571
87 84
87 85
87 89
87 90
723 64
723 720
723 721
723 722
723 724
723 725
57 555
57 59
57 60
996 284
996 512
996 993
996 994
996 995
996 998
58 59
58 60
58 61
510 283
510 508
510 509
510 511
599 596
599 597
599 598
599 657
599 601
599 822
571 326
571 568
571 570
571 573
571 574
555 553
555 554
555 556
555 557
555 841
555 888
555 576
59 358
59 629
59 60
60 61
60 62
60 63
61 507
61 62
61 63
61 64
358 359
358 360
358 918
629 626
629 627
629 628
629 630
629 631
629 632
629 950
62 65
62 119
62 63
62 64
63 65
63 66
63 491
63 384
63 64
507 504
507 505
507 506
507 508
507 509
64 65
64 66
65 66
65 67
119 117
119 118
119 871
119 121
66 67
66 69
66 116
491 489
491 490
491 494
384 381
384 382
384 383
384 385
384 387
67 219
67 124
69 70
69 71
69 572
116 113
116 114
116 301
116 117
219 218
219 989
219 220
219 221
219 222
124 121
124 123
124 125
124 126
124 127
70 71
70 72
70 73
70 960
71 72
71 73
71 74
71 805
572 569
572 570
572 573
572 574
572 575
72 73
72 75
73 74
73 75
73 76
73 467
960 394
960 957
960 958
960 959
960 961
74 75
74 76
74 77
805 353
805 802
805 803
805 804
805 806
805 887
75 77
75 78
75 86
75 862
75 447
76 77
76 858
76 541
467 465
467 466
467 468
77 78
77 79
77 80
78 79
78 81
78 210
78 759
86 83
86 85
86 419
86 88
862 860
862 861
862 863
862 864
447 332
447 444
447 445
447 450
858 640
858 855
858 856
858 857
858 859
858 861
541 169
541 261
541 538
541 540
541 542
541 543
541 544
79 80
79 81
79 82
80 849
80 83
80 607
81 82
81 83
81 84
210 207
210 208
210 209
210 211
210 212
759 152
759 756
759 757
759 758
759 964
759 760
759 762
82 324
82 84
82 535
82 90
82 411
849 412
849 846
849 848
849 850
849 852
83 713
83 84
83 85
607 373
607 604
607 605
607 606
607 609
607 876
607 856
84 85
84 793
84 574
324 236
324 321
324 322
324 323
324 326
324 327
535 533
535 593
535 538
90 88
90 89
90 937
90 92
411 408
411 409
411 567
411 412
411 413
713 573
713 710
713 711
713 817
85 709
85 88
793 556
793 790
793 791
793 792
574 486
574 573
574 577
574 576
709 706
709 708
709 711
709 712
88 673
88 89
88 91
419 164
419 416
419 417
419 418
419 420
419 422
419 519
89 681
89 201
89 92
673 95
673 670
673 671
673 672
673 674
673 675
91 556
91 92
91 93
681 678
681 679
681 683
681 684
681 924
681 831
201 198
201 199
201 200
201 202
201 204
92 904
92 968
92 205
92 93
92 94
92 95
937 934
937 935
937 936
937 938
937 939
556 276
556 553
556 554
556 557
556 558
556 559
93 389
93 94
93 95
93 96
904 155
904 901
904 902
904 903
904 905
904 907
968 318
968 437
968 967
968 969
205 202
205 203
205 204
205 710
205 207
205 208
94 97
94 95
94 96
95 97
95 98
389 386
389 388
389 390
389 392
389 553
96 97
96 685
96 181
97 98
97 99
98 101
98 399
98 823
98 923
685 683
685 684
685 803
685 686
685 688
181 179
181 180
181 279
181 182
181 183
181 282
99 100
99 101
99 102
101 705
101 102
101 104
399 396
399 398
399 400
399 402
823 820
823 821
823 822
823 824
823 825
823 826
923 478
923 920
923 921
923 922
923 924
923 925
923 926
100 102
100 112
100 380
102 104
102 854
112 109
112 110
112 292
112 521
112 114
112 115
380 255
380 377
380 378
380 379
380 381
380 382
705 702
705 703
705 706
705 708
104 105
104 613
854 169
854 852
854 853
854 855
854 857
105 106
105 107
105 108
105 755
106 107
106 108
106 109
106 370
613 610
613 611
613 612
613 614
613 615
613 616
107 108
107 110
107 213
108 109
108 110
108 111
108 938
755 693
755 752
755 753
755 754
755 756
755 758
109 110
109 111
370 368
370 372
110 194
110 111
213 211
213 212
213 528
213 214
213 253
111 588
111 622
111 154
111 797
111 351
938 935
938 941
194 151
194 191
194 192
194 193
194 195
194 196
588 490
588 585
588 586
588 587
588 589
588 590
622 185
622 619
622 620
622 621
622 623
622 625
154 151
154 152
154 153
154 598
154 155
154 156
797 565
797 796
797 800
351 348
351 349
351 353
351 352
292 238
292 289
292 290
292 293
292 295
521 518
521 519
521 520
521 523
114 113
114 326
114 117
114 221
115 113
115 961
115 227
115 495
115 118
115 217
326 323
326 325
326 327
326 328
117 118
221 218
221 220
221 222
221 223
221 224
961 561
961 958
961 959
961 963
961 964
227 224
227 225
227 226
227 229
227 230
227 893
495 492
495 494
495 577
495 496
495 498
118 121
217 214
217 215
217 216
217 218
217 220
301 298
301 299
301 300
301 302
301 304
301 378
121 706
121 437
871 469
871 688
871 868
871 874
215 212
215 214
215 664
215 376
215 218
122 579
122 980
122 634
706 398
706 703
706 707
706 708
437 434
437 435
437 438
437 439
579 577
579 578
579 580
579 581
579 582
579 973
980 672
980 977
980 978
980 979
980 981
980 982
980 983
634 631
634 633
634 659
634 635
634 636
634 637
123 125
123 126
125 189
125 126
125 127
125 128
126 127
126 128
127 130
127 128
189 186
189 187
189 366
189 190
189 192
128 130
128 131
128 947
130 131
130 132
130 133
131 132
131 133
131 134
947 590
947 944
947 945
947 946
947 948
947 950
132 133
132 134
132 656
538 537
538 540
133 134
133 136
133 777
133 451
133 233
134 136
134 503
656 561
656 604
656 653
656 655
656 659
136 137
136 139
136 914
777 775
777 776
777 778
777 889
451 449
451 450
451 454
451 714
233 230
233 231
233 232
233 234
233 236
503 174
503 500
503 501
503 502
503 504
503 505
503 506
137 139
137 140
139 749
139 140
139 141
139 142
914 282
914 911
914 912
914 913
914 915
914 984
140 323
140 141
140 142
140 143
842 661
842 839
842 840
842 841
842 868
842 843
842 844
749 606
749 746
749 747
749 748
749 792
749 811
141 142
141 143
141 144
141 605
142 143
142 144
142 145
142 471
323 320
323 321
323 322
143 144
143 145
143 146
144 145
144 146
144 147
605 602
605 603
605 604
605 608
145 169
145 146
145 148
145 734
471 286
471 468
471 469
471 472
471 474
146 148
146 149
147 683
147 148
147 149
147 150
147 736
169 166
169 167
169 171
169 172
148 881
148 149
148 150
148 151
734 397
734 731
734 732
734 733
734 735
734 736
149 150
149 151
149 604
683 216
683 680
683 682
683 985
150 744
150 152
150 153
736 733
736 735
736 738
881 361
881 879
881 880
881 941
881 882
881 884
151 152
151 153
604 566
604 601
604 602
604 603
744 366
744 741
744 742
744 743
744 745
744 746
744 747
152 364
152 376
152 153
152 155
153 155
153 156
364 361
364 362
364 363
364 366
364 367
376 366
376 374
376 375
376 378
155 355
155 158
156 978
156 157
156 158
156 159
598 595
598 596
598 597
598 601
355 162
355 352
355 353
355 354
355 356
355 357
158 157
158 161
158 852
158 159
158 160
978 258
978 789
978 975
978 976
157 851
157 160
159 161
159 162
159 612
159 429
851 270
851 373
851 778
851 848
851 850
851 877
851 913
851 852
851 853
160 161
160 162
160 163
161 162
161 164
161 362
161 953
852 711
852 850
852 855
162 163
162 164
162 165
162 523
612 609
612 614
429 426
429 427
429 428
429 430
429 431
429 432
163 165
163 166
163 482
163 894
164 165
164 167
362 359
362 361
362 901
953 784
953 951
953 952
953 954
953 955
953 956
165 838
165 167
165 896
523 525
166 167
482 479
482 480
482 483
482 485
482 846
894 739
894 891
894 892
894 893
894 897
894 896
167 865
838 760
838 836
838 837
838 839
838 841
896 431
896 893
896 897
896 899
865 729
865 863
865 864
865 867
865 868
170 641
170 171
170 173
171 172
171 173
171 174
171 369
172 173
172 174
172 175
641 639
641 640
173 174
173 176
173 479
174 177
174 345
369 367
369 368
369 372
369 412
175 176
175 177
176 177
176 179
176 699
479 476
479 477
479 478
479 480
177 179
177 180
345 342
345 343
345 625
345 346
345 347
345 348
179 180
179 182
179 917
699 498
699 635
699 696
699 698
699 702
180 183
180 799
182 183
182 184
182 185
917 200
917 303
917 915
917 916
917 966
917 919
183 392
183 186
183 790
799 796
799 798
799 801
799 802
799 800
279 276
279 277
279 278
279 280
279 281
282 280
282 281
282 284
282 285
184 633
184 185
184 187
185 348
185 837
185 733
392 390
392 391
392 393
392 787
392 486
186 187
186 188
790 787
790 788
790 789
790 791
790 792
633 242
633 484
633 631
633 632
633 635
187 188
187 190
348 346
348 347
348 409
348 861
837 834
837 836
837 839
837 840
733 730
733 731
733 735
188 225
188 190
188 191
190 193
190 191
190 192
225 222
225 223
225 224
225 226
225 228
225 806
191 193
191 192
366 363
366 365
366 367
192 193
192 195
193 195
193 196
193 259
195 196
195 197
195 198
196 198
196 199
196 753
259 256
259 257
259 258
259 260
259 332
197 198
197 238
197 367
197 979
198 199
198 200
199 202
199 372
199 356
199 444
753 530
753 635
753 752
753 754
238 235
238 237
238 240
238 241
367 332
367 365
367 368
979 976
979 977
979 981
979 982
200 203
200 847
202 321
202 204
372 373
372 375
356 353
356 354
356 357
356 359
356 465
444 212
444 441
444 442
444 443
444 650
444 754
444 446
203 204
203 206
847 406
847 416
847 846
847 850
204 206
204 207
321 318
321 319
321 320
321 322
321 328
206 207
206 208
206 209
207 208
207 209
710 307
710 707
710 708
208 209
208 211
209 839
209 211
209 212
211 244
211 212
211 374
839 836
839 840
212 859
244 241
244 242
244 664
374 373
374 375
374 377
859 618
859 689
859 728
859 856
859 857
859 860
528 525
528 527
528 529
528 530
528 531
214 216
253 250
253 251
253 252
253 986
253 254
253 255
253 256
216 218
664 285
664 661
664 662
664 663
664 665
664 667
218 220
220 967
220 222
220 223
989 986
989 987
989 988
989 990
989 991
222 905
222 223
967 964
967 970
223 226
223 722
223 224
224 226
905 902
905 903
905 906
905 907
905 908
226 228
226 560
226 635
722 720
722 721
722 724
228 229
228 230
228 231
228 812
228 583
806 804
806 807
806 809
560 557
560 558
560 559
560 610
560 561
560 562
635 544
635 632
635 912
635 636
635 638
229 230
229 231
229 232
230 232
230 265
230 887
893 311
893 840
893 890
893 891
893 892
231 258
231 232
231 393
812 809
812 810
812 811
812 813
812 951
583 401
583 569
583 581
583 582
583 586
232 234
232 875
265 262
265 263
265 264
265 780
265 267
265 840
887 245
887 884
887 885
887 886
887 888
258 255
258 256
258 261
393 394
393 395
393 396
234 235
234 236
234 237
875 845
875 873
875 874
875 876
875 878
236 237
236 239
236 827
235 752
235 339
237 239
237 240
237 697
752 421
752 750
339 336
339 337
339 338
339 340
339 341
339 342
239 909
239 240
239 242
827 824
827 825
827 826
827 828
827 829
240 241
240 243
240 414
697 694
697 695
697 696
697 698
697 700
241 497
241 243
909 906
909 907
909 908
909 910
909 911
909 912
242 257
242 243
243 245
243 727
243 924
414 413
414 417
414 415
414 416
497 494
497 496
497 687
497 498
497 499
257 254
257 255
257 256
257 718
245 247
245 248
245 928
727 724
727 725
727 726
727 729
727 730
924 816
924 921
924 922
924 925
924 927
247 566
247 248
247 249
247 250
248 249
248 250
248 251
928 647
928 925
928 926
928 927
928 931
776 332
776 532
776 690
776 773
776 775
249 807
249 250
249 251
249 252
566 564
566 565
566 567
250 251
250 252
251 252
251 254
807 304
807 804
252 254
252 255
254 506
254 255
254 256
255 876
255 976
986 984
986 985
986 987
256 260
506 504
506 505
506 509
876 873
876 877
876 878
976 974
976 975
976 977
260 261
260 263
718 716
718 717
718 977
718 720
718 721
261 264
261 268
332 329
332 330
332 335
263 262
263 264
264 267
268 267
268 269
268 271
268 275
268 478
262 461
262 693
461 458
461 462
693 691
693 692
693 694
693 696
267 269
267 270
780 783
840 285
840 462
840 841
840 843
269 270
269 271
269 272
474 472
474 475
474 476
474 477
270 271
270 273
271 423
271 786
271 272
271 273
271 274
275 272
275 273
275 274
275 276
275 278
478 475
478 476
478 477
478 480
272 273
272 274
273 514
273 811
273 653
273 274
423 420
423 421
423 422
423 425
423 426
786 387
786 783
786 785
786 787
786 789
274 276
274 277
514 511
514 512
514 513
514 515
514 516
811 809
811 810
811 814
653 650
653 652
653 655
276 278
277 278
277 280
278 280
278 281
280 610
280 300
280 281
280 283
281 627
281 283
281 284
610 608
610 609
300 297
300 298
300 299
300 303
300 829
283 309
283 284
283 285
283 286
627 395
627 624
627 628
284 784
284 286
284 287
285 874
285 286
309 306
309 307
309 308
309 311
309 312
286 289
286 492
784 781
784 782
784 783
784 787
287 289
287 290
287 288
874 872
874 873
874 877
289 288
289 290
492 489
492 490
492 494
290 288
290 293
293 295
293 296
796 794
796 798
295 296
295 297
295 298
296 297
296 298
296 299
296 732
297 298
297 299
298 299
299 302
732 729
732 730
732 731
732 735
302 387
302 304
302 305
303 304
303 305
303 306
829 826
829 831
304 305
304 306
304 307
378 375
378 377
378 379
378 381
387 385
387 386
387 390
387 433
305 970
305 306
305 307
305 308
306 307
306 308
307 308
307 310
970 969
970 973
308 310
308 311
310 531
310 311
310 312
311 313
311 314
312 824
312 314
312 315
531 529
531 530
531 532
531 533
313 781
313 315
313 316
314 545
314 454
314 316
314 317
824 821
824 822
824 825
824 826
315 943
315 340
315 317
781 778
781 872
781 783
316 317
316 318
316 319
545 543
545 548
545 983
454 452
454 453
454 455
454 456
454 457
454 630
317 318
317 319
317 320
943 942
943 944
943 945
943 946
340 337
340 338
340 341
340 342
340 343
318 319
319 322
319 912
319 320
320 327
322 325
322 963
912 910
912 911
912 913
327 325
327 329
327 330
327 735
328 325
328 771
328 330
963 962
963 964
963 966
329 330
735 738
771 769
771 770
771 773
771 774
771 921
335 334
335 336
335 337
335 338
335 949
677 675
677 676
677 678
677 679
677 983
334 647
334 336
334 337
336 337
336 338
469 466
469 468
469 834
469 472
647 645
337 338
338 341
949 946
949 948
949 951
949 952
341 342
341 343
342 343
343 464
343 920
343 346
343 956
464 465
464 466
920 918
920 919
920 921
346 347
346 349
956 954
956 955
956 957
956 958
956 959
420 417
420 418
420 421
420 422
420 878
625 623
625 626
625 628
347 969
347 349
347 350
349 431
349 350
350 353
350 868
350 671
350 352
409 407
409 408
409 983
409 412
409 767
861 860
861 864
431 428
431 430
431 651
431 432
431 434
353 352
353 550
868 558
868 867
671 668
671 669
671 670
671 672
352 354
352 668
354 357
668 665
668 666
668 667
668 670
550 446
550 547
550 548
550 549
550 551
550 553
357 359
357 360
357 831
359 360
359 361
465 462
465 468
360 361
360 363
360 948
831 828
831 833
831 834
918 916
918 919
918 921
363 365
948 945
948 946
948 950
948 951
901 898
901 899
901 900
901 902
901 903
365 966
365 368
966 767
412 410
412 616
412 413
412 415
453 450
453 455
785 660
785 782
785 783
785 788
373 611
373 880
373 375
375 377
611 443
611 608
611 609
880 877
880 879
880 882
880 883
377 379
379 485
379 381
379 382
381 382
381 383
485 483
485 484
485 486
382 385
382 383
383 385
383 386
385 386
385 388
386 388
388 390
388 391
390 577
390 391
433 430
433 432
433 716
433 434
433 435
391 801
391 483
391 394
553 551
577 575
577 576
577 578
801 798
801 800
801 802
801 803
801 804
483 480
483 484
483 758
394 395
394 396
394 397
787 650
787 788
486 484
486 488
486 489
395 397
395 398
396 515
396 397
396 398
397 398
397 400
398 401
515 512
515 513
515 517
515 798
400 401
400 402
400 403
400 687
401 403
401 404
402 403
402 404
403 430
403 404
403 406
687 684
687 686
687 688
687 689
404 975
404 406
404 407
430 427
430 432
406 428
406 407
406 408
975 428
975 972
975 973
975 974
975 977
407 408
407 410
408 410
428 425
428 426
428 427
410 413
983 982
983 985
767 764
767 765
767 766
767 769
767 770
767 791
413 415
413 416
567 564
567 565
567 568
567 569
567 570
616 614
616 615
616 617
616 618
616 619
415 417
415 418
415 416
416 418
417 418
417 841
418 421
421 422
421 424
422 424
422 425
519 516
519 517
519 518
519 520
878 877
878 879
878 915
424 425
424 426
424 427
425 427
425 623
426 902
426 427
623 621
623 624
623 626
902 899
902 900
432 434
432 435
651 649
651 652
434 962
434 435
716 717
962 959
962 964
439 438
439 440
439 441
439 442
438 440
438 441
440 620
440 441
440 442
440 443
441 442
441 443
442 477
442 443
442 445
442 763
620 617
620 618
620 619
620 621
443 445
443 446
477 475
477 476
477 525
477 660
445 446
763 594
763 760
763 761
763 762
763 764
763 766
446 449
650 649
650 652
650 872
754 756
754 757
449 450
449 452
450 452
450 750
903 900
903 906
576 573
576 575
452 527
452 982
750 747
750 748
750 888
714 525
714 663
714 711
714 712
714 717
527 524
527 529
527 530
982 981
982 984
982 985
455 456
455 457
455 458
456 457
456 458
456 459
457 738
457 458
630 631
630 632
458 459
459 524
459 462
738 657
738 739
738 740
738 741
524 525
462 906
504 501
504 502
504 505
906 907
906 908
614 615
614 617
466 468
466 926
468 569
468 570
926 925
569 568
569 570
569 800
570 568
570 680
834 832
834 833
834 836
472 475
475 476
660 657
660 658
660 662
846 843
846 844
846 848
758 756
758 757
758 761
488 489
488 490
488 762
489 490
889 886
889 888
889 890
889 891
889 892
762 760
762 761
762 764
762 765
494 496
496 498
496 499
498 499
498 500
499 500
499 501
499 502
500 501
500 502
500 988
501 502
502 505
988 985
988 987
988 990
505 686
686 684
686 740
686 688
509 508
509 955
509 512
508 511
511 513
511 512
955 952
955 954
955 957
955 958
513 516
516 517
516 518
517 518
517 520
798 800
518 520
520 725
725 724
725 726
725 731
998 995
998 997
529 530
529 532
530 532
532 788
532 533
788 913
711 708
537 540
593 590
593 591
593 592
593 594
593 595
540 542
540 543
542 860
542 543
542 544
543 544
544 547
860 857
860 863
547 548
547 549
548 549
548 551
742 740
742 745
549 551
549 728
551 554
728 726
728 885
728 730
554 557
557 558
557 984
557 688
888 587
888 886
888 891
558 559
559 561
559 562
984 895
984 981
984 985
984 987
688 690
688 691
561 562
561 564
562 564
562 730
564 565
730 729
730 731
565 568
800 802
680 678
680 679
680 682
575 578
578 580
578 581
580 609
580 581
580 582
581 582
582 585
973 972
973 974
609 606
609 608
585 586
585 587
585 682
586 587
586 589
586 883
587 589
682 679
682 684
589 590
589 591
589 592
883 882
883 885
883 886
590 591
590 592
590 828
590 640
591 592
591 594
592 594
592 595
828 825
828 826
640 637
640 638
640 639
640 646
594 595
594 597
595 596
595 597
597 596
597 600
600 601
600 602
600 603
601 602
601 603
657 655
657 659
822 819
822 820
822 821
822 825
602 628
602 603
603 845
603 606
628 626
628 974
845 843
845 844
845 848
606 608
856 853
856 855
615 617
617 618
617 619
618 619
619 621
621 624
624 626
624 691
626 910
691 689
691 690
691 692
691 694
910 907
910 908
910 911
910 913
974 972
974 977
631 632
950 658
950 773
950 981
950 951
950 952
659 661
659 662
636 637
636 638
636 639
637 694
637 638
637 639
638 639
639 707
639 684
694 692
694 695
707 810
646 645
646 649
649 652
652 844
652 655
872 873
844 843
655 658
794 791
794 792
703 700
703 701
703 702
658 661
661 662
661 663
662 663
662 665
663 665
663 666
665 666
665 667
666 667
666 669
667 669
667 670
669 670
670 672
672 885
885 882
885 884
885 886
674 675
674 676
675 803
675 676
675 678
676 678
676 679
803 802
803 804
678 679
740 739
740 741
740 743
740 908
689 690
689 692
690 692
692 695
695 698
696 698
698 701
698 895
700 701
700 702
701 702
895 892
895 897
895 898
810 813
712 739
739 741
817 814
817 815
817 816
817 818
817 819
817 820
717 720
717 977
720 721
721 724
724 726
726 729
731 729
741 743
741 819
743 745
743 746
908 907
819 816
819 818
819 820
819 821
745 746
745 747
745 748
746 747
746 748
747 748
756 757
757 760
760 761
761 764
964 821
764 765
764 766
765 766
766 769
769 770
769 772
770 772
770 773
791 789
772 773
772 774
772 775
773 774
774 935
774 775
921 919
921 922
775 778
935 932
935 933
935 934
935 936
782 783
913 911
913 916
802 804
809 981
809 936
936 933
936 934
936 939
813 814
813 815
813 816
814 815
814 816
951 954
951 959
815 867
815 818
816 818
867 864
818 820
818 821
820 821
821 931
931 933
931 934
825 826
832 833
833 836
848 850
850 853
853 855
855 857
863 864
879 882
915 916
882 884
941 939
941 942
941 944
884 886
891 890
891 892
890 892
897 898
897 899
897 900
898 899
898 900
899 900
916 919
919 922
922 939
922 925
925 927
932 933
932 934
933 972
942 944
942 945
944 945
944 946
945 946
952 954
954 957
959 957
959 958
957 958
987 990
990 993
990 991
990 992
991 993
991 994
991 992
993 992
993 994
993 995
992 994
992 995
994 995
994 997
995 997
1
