1000 1 2000
1 2
1 3
1 999
1 1000
2 3
2 4
2 1000
3 5
3 840
999 818
999 998
999 1000
1000 998
4 5
4 6
4 13
5 6
5 7
840 305
840 838
840 839
840 841
840 842
6 7
6 808
13 11
13 12
13 14
7 9
7 8
808 806
808 807
808 809
808 810
9 8
9 10
9 11
8 10
10 11
10 12
11 12
12 545
545 544
545 546
545 547
14 15
14 16
15 17
15 188
15 16
16 97
16 18
17 18
17 19
188 186
188 187
188 190
97 98
97 99
18 19
18 20
18 686
19 20
19 21
20 21
20 22
686 684
686 685
686 688
21 22
21 23
22 23
22 24
23 25
23 24
24 25
24 335
25 26
25 27
335 333
335 334
335 337
335 336
26 27
26 28
27 28
27 29
28 29
28 30
29 30
29 31
30 31
30 32
31 33
31 32
32 33
32 34
33 34
33 35
33 283
34 35
34 36
35 36
35 37
283 282
283 284
36 37
36 38
37 38
37 39
37 912
38 39
38 40
39 41
39 40
912 910
912 911
912 913
40 41
40 42
40 311
41 42
41 43
41 95
42 43
42 44
311 309
311 310
311 313
43 44
43 45
95 93
95 94
95 96
44 45
44 46
45 46
45 47
46 47
46 48
47 708
47 48
47 49
47 694
48 49
48 50
48 907
708 706
708 707
708 709
49 50
49 51
694 693
694 696
50 51
50 52
907 905
907 909
51 52
51 53
52 53
52 54
53 535
53 54
53 55
54 55
54 56
535 534
535 537
55 57
55 56
56 57
56 58
57 58
57 59
58 424
58 473
58 59
58 60
59 60
59 61
424 422
424 423
424 425
473 471
473 475
60 61
60 62
61 62
61 63
62 63
62 64
63 65
63 64
64 65
64 649
64 816
65 66
65 67
649 349
649 647
649 648
649 651
816 595
816 814
816 815
66 67
66 68
66 691
67 68
67 69
68 69
68 230
691 689
691 690
691 692
69 70
69 71
230 228
230 229
230 231
230 232
70 914
70 72
71 73
71 72
914 898
914 915
914 916
72 73
72 74
73 74
73 75
74 75
74 191
75 76
75 77
191 189
191 190
191 193
191 192
76 585
76 77
76 78
77 617
77 79
585 586
78 79
78 80
617 615
617 616
617 618
617 619
79 81
79 80
80 81
80 82
81 82
81 83
81 326
82 83
82 759
83 84
83 85
326 324
326 325
326 327
759 265
759 757
759 758
759 761
84 85
84 86
85 86
85 87
86 87
86 88
87 89
87 88
88 89
88 90
89 90
89 91
90 91
90 92
91 92
91 93
92 93
92 94
93 94
94 96
96 98
96 533
98 99
98 100
98 623
533 197
533 531
533 532
533 534
99 100
99 101
100 205
100 102
100 215
623 621
623 622
623 625
101 102
101 103
205 203
205 204
205 206
205 858
102 103
102 104
215 137
215 213
215 217
103 105
103 104
104 105
104 106
105 106
105 107
106 107
106 108
107 235
107 109
108 109
108 110
235 233
235 236
235 237
109 110
109 111
110 111
110 880
111 113
111 654
880 879
880 881
880 882
113 112
113 114
113 115
654 124
654 652
654 653
654 655
654 896
112 114
114 115
114 116
115 116
115 117
115 692
116 117
116 118
116 800
117 118
117 119
692 690
692 693
118 119
118 120
800 798
800 799
800 801
119 121
119 120
120 121
120 122
120 166
121 122
121 123
121 755
122 123
122 124
166 165
166 167
123 124
123 125
755 753
755 754
755 756
124 143
125 126
125 127
143 141
143 145
143 144
126 127
126 128
127 129
127 128
128 129
128 130
129 130
129 131
130 131
130 132
131 132
131 133
132 133
132 134
133 134
133 135
134 135
134 136
135 443
135 136
136 137
136 138
443 441
443 442
443 539
443 445
137 138
137 139
138 139
138 140
139 140
139 141
140 141
140 142
141 142
142 395
142 144
395 301
395 393
395 394
395 396
395 397
144 145
144 146
144 389
145 146
145 147
146 555
146 148
389 388
389 391
147 148
147 149
555 553
555 554
555 556
555 557
148 149
148 150
149 150
149 151
150 857
150 151
151 153
151 152
857 855
857 856
857 858
857 859
153 152
153 154
153 155
152 154
154 155
154 156
155 156
155 157
156 157
156 158
157 971
157 159
158 159
158 160
971 385
971 969
971 970
971 972
159 488
159 160
160 161
160 162
488 486
488 489
488 490
161 162
161 163
162 163
162 164
163 164
163 165
164 165
164 781
165 167
781 635
781 779
781 780
781 783
167 169
167 168
169 168
169 170
169 171
168 170
170 171
170 172
171 172
171 173
172 173
172 174
172 792
173 174
173 175
174 560
174 176
792 790
792 791
792 917
792 793
175 177
175 176
560 202
560 558
560 559
560 561
176 177
176 516
177 178
177 179
177 332
516 514
516 515
516 517
516 518
178 179
178 180
178 363
179 180
179 181
332 330
332 331
332 334
180 181
180 182
363 361
363 362
363 364
181 182
181 183
182 183
182 184
183 185
183 184
184 185
184 186
185 186
185 187
186 187
187 189
189 231
189 190
190 192
231 229
231 232
192 193
192 194
193 194
193 195
194 195
194 196
194 469
195 196
195 197
196 197
196 198
469 467
469 468
469 471
197 198
197 199
198 199
198 200
199 201
199 200
200 201
200 202
201 327
201 202
201 530
202 203
202 204
327 325
327 329
327 328
530 528
530 529
530 532
203 204
204 234
204 896
234 232
234 233
234 236
896 894
896 895
896 897
896 898
206 502
206 207
206 208
858 856
858 913
858 859
502 500
502 501
502 504
207 209
207 208
208 209
208 210
209 210
209 211
210 211
210 212
211 212
211 213
212 213
212 214
213 645
214 718
214 216
645 643
645 644
645 991
645 647
718 716
718 717
718 719
718 720
216 217
216 218
216 607
217 665
217 219
218 462
218 220
218 991
607 605
607 606
607 609
665 663
665 664
665 666
665 667
219 220
219 221
462 303
462 460
462 461
462 526
462 464
220 221
220 222
220 960
991 989
991 990
991 993
221 222
221 223
222 825
222 224
960 958
960 959
960 961
223 225
223 224
825 823
825 824
825 826
825 827
224 226
224 303
225 226
225 227
226 227
226 677
303 301
303 302
303 305
303 791
303 304
227 228
227 420
677 675
677 676
677 678
677 679
228 229
420 418
420 419
420 421
420 809
232 233
236 237
236 238
237 238
237 239
238 239
238 240
239 241
239 240
240 241
240 242
240 666
241 242
241 909
242 243
242 244
666 664
666 667
909 908
909 910
909 911
243 244
243 245
244 481
244 583
244 245
244 246
245 246
245 247
481 479
481 480
481 482
583 581
583 584
246 279
246 247
246 248
247 249
247 248
279 277
279 278
279 280
248 249
248 993
248 751
249 250
249 251
993 992
993 994
993 995
751 749
751 750
751 753
250 251
250 252
251 252
251 253
252 253
252 254
253 254
253 255
254 255
254 256
255 257
255 256
256 257
256 258
257 258
257 259
258 259
258 260
259 260
259 261
260 261
260 262
261 262
261 263
262 782
262 263
263 265
263 264
782 780
782 783
782 784
265 264
265 266
265 403
264 266
266 267
266 268
266 472
403 401
403 402
403 404
403 405
267 268
267 269
268 269
268 270
472 470
472 471
472 474
269 270
269 271
269 814
270 271
270 272
271 273
271 272
814 342
814 812
814 813
272 273
272 274
273 274
273 275
274 275
274 276
275 276
275 277
276 277
276 278
277 278
278 280
280 281
280 282
281 282
281 669
282 284
669 667
669 668
669 670
669 671
284 285
284 286
285 286
285 287
286 618
286 288
287 289
287 288
618 616
618 619
618 620
288 289
288 290
289 290
289 291
290 291
290 292
291 292
291 293
292 293
292 294
293 294
293 295
294 916
294 295
294 296
295 519
295 296
916 918
296 297
296 298
296 435
519 517
519 518
519 521
519 520
297 298
297 299
297 867
298 299
298 300
435 433
435 434
435 437
299 300
299 301
299 774
867 865
867 866
867 869
300 301
300 302
774 772
774 773
774 776
302 304
304 305
304 306
305 307
791 789
791 790
306 865
306 307
307 308
307 309
307 799
865 863
865 864
865 866
308 309
308 310
309 310
799 797
799 798
310 312
312 313
312 314
313 314
313 315
314 315
314 316
315 316
315 317
316 317
316 318
317 541
317 319
318 319
318 320
541 539
541 540
541 542
541 543
319 321
319 320
320 321
320 322
321 322
321 323
322 323
322 324
323 324
323 325
324 325
325 534
534 532
329 328
329 330
329 331
328 330
330 331
331 333
333 334
334 336
336 337
336 338
337 338
337 339
338 339
338 340
339 340
339 341
340 341
340 342
341 461
341 343
342 393
461 459
461 460
461 463
343 345
343 344
393 391
393 392
393 394
393 918
345 344
345 346
345 347
344 346
346 347
346 348
347 348
347 349
348 349
348 350
349 855
349 350
349 351
350 351
350 352
855 853
855 854
351 353
351 352
352 353
352 354
353 354
353 355
354 641
354 355
355 356
355 357
641 639
641 640
641 642
641 643
356 505
356 357
356 358
357 358
357 359
505 503
505 504
505 507
358 359
358 360
359 361
359 360
360 361
360 362
361 362
362 364
364 365
364 366
365 366
365 367
366 367
366 368
367 369
367 368
368 369
368 370
369 370
369 371
370 371
370 372
371 372
371 373
372 500
372 373
372 374
373 374
373 375
500 498
374 627
374 375
374 376
375 377
375 376
627 625
627 626
627 629
376 377
376 378
376 924
377 378
377 379
377 582
378 379
378 380
924 802
924 922
924 923
924 925
379 380
379 381
582 580
582 581
582 584
380 381
380 382
380 414
381 382
381 383
382 383
382 384
414 412
414 413
414 752
383 385
383 384
384 385
384 386
384 454
385 386
385 387
385 793
386 387
386 388
454 452
454 453
454 456
387 675
387 388
793 795
388 390
675 673
675 674
675 676
390 391
390 392
391 576
391 392
392 568
576 574
576 575
576 577
568 566
568 567
568 569
568 570
394 396
918 919
396 397
396 398
397 398
397 399
398 590
398 743
398 400
399 401
399 573
399 400
590 588
590 589
590 591
590 592
743 741
743 742
743 744
400 401
400 402
401 402
573 571
573 572
573 574
402 404
404 405
404 406
405 406
405 407
406 407
406 408
407 409
407 408
408 409
408 410
409 410
409 411
410 411
410 412
411 412
411 413
412 413
413 415
415 417
415 416
752 750
752 753
752 754
417 416
417 418
417 419
416 418
418 419
419 421
421 422
421 423
809 807
809 810
809 811
422 423
423 425
423 915
425 426
425 427
915 913
915 937
426 427
426 428
427 428
427 429
428 657
428 430
429 430
429 431
657 629
657 655
657 656
657 658
657 659
430 431
430 432
431 433
431 432
432 433
432 434
433 434
434 436
436 437
436 438
437 438
437 439
438 439
438 440
439 441
439 890
439 440
440 441
440 442
441 442
441 688
890 888
890 889
890 891
442 444
688 687
688 690
444 445
444 446
539 537
539 538
539 540
445 446
445 447
446 447
446 448
447 449
447 448
448 449
448 450
449 450
449 451
450 451
450 452
451 452
451 453
452 453
453 455
455 457
455 456
456 457
456 458
457 458
457 459
458 459
458 460
459 460
463 465
463 464
526 524
526 525
526 527
464 465
464 466
464 564
465 466
465 624
466 788
466 468
564 562
564 563
564 565
624 622
624 626
624 636
788 786
788 787
788 789
788 790
468 467
468 470
470 471
474 475
474 476
475 476
475 477
476 477
476 637
477 478
477 479
637 636
637 638
637 639
478 479
478 480
479 480
480 482
482 483
482 484
483 484
483 485
484 485
484 486
484 634
485 486
485 487
486 487
634 632
634 633
634 635
487 489
487 961
489 490
489 491
961 959
961 962
961 963
490 491
490 492
491 492
491 493
492 493
492 494
493 494
493 495
494 906
494 496
495 497
495 496
906 904
906 905
906 929
906 908
496 497
496 498
497 745
497 650
497 498
497 499
498 499
745 744
745 900
745 747
650 648
650 652
499 780
499 501
780 778
780 779
501 503
503 504
504 506
506 507
506 508
506 712
507 508
507 509
508 509
508 510
712 710
712 711
712 714
509 510
509 511
510 955
510 512
511 513
511 512
955 953
955 954
955 956
955 957
512 513
512 514
513 514
513 515
514 515
515 517
517 518
518 520
520 521
520 522
521 522
521 523
522 523
522 524
523 524
523 525
524 525
525 527
527 529
527 528
529 528
529 531
531 532
537 536
537 538
536 538
538 540
540 542
542 543
542 544
543 584
543 876
543 544
544 546
584 775
584 586
876 874
876 875
876 878
546 547
546 548
547 548
547 549
548 549
548 550
549 550
549 551
550 551
550 552
551 553
551 552
552 553
552 554
553 554
554 556
556 557
556 558
557 558
557 559
558 559
559 561
561 562
561 765
562 563
765 763
765 764
765 766
765 767
563 565
565 566
565 567
566 567
567 569
569 570
569 571
569 870
570 953
570 571
571 572
870 868
870 869
870 872
953 951
953 952
953 954
572 574
574 575
575 577
577 578
577 579
578 579
578 580
579 580
579 581
580 581
775 773
775 777
775 776
586 587
586 588
587 588
587 589
588 589
589 884
884 882
884 883
884 885
884 886
591 593
591 592
592 593
592 594
593 594
593 595
594 595
594 596
595 596
595 597
596 597
596 598
597 598
597 599
598 599
598 600
599 601
599 600
600 601
600 602
601 602
601 603
602 603
602 604
603 604
603 605
604 605
604 606
605 606
606 938
938 936
938 937
938 939
938 940
609 608
609 610
609 611
609 925
608 610
610 611
610 612
611 612
611 613
925 923
925 926
612 614
612 905
612 771
613 614
613 615
614 615
614 616
905 903
905 904
771 769
771 770
771 773
615 616
619 620
619 621
620 621
620 622
621 622
625 626
626 628
636 635
636 638
628 629
628 630
629 630
630 631
630 632
631 633
631 632
632 633
633 748
633 860
748 746
748 747
748 749
860 859
860 861
860 862
635 785
785 783
785 784
785 786
785 787
638 639
638 640
639 640
640 642
642 643
642 644
643 644
644 646
646 949
646 647
646 648
647 648
949 947
949 948
949 950
651 652
651 653
652 653
653 655
655 802
655 656
802 801
656 658
658 659
658 660
659 660
659 661
660 661
660 662
661 662
661 663
662 844
662 664
662 987
663 664
844 842
844 843
844 845
844 846
987 985
987 986
987 988
667 668
668 670
670 671
670 672
671 673
671 672
672 673
672 674
673 674
674 676
676 678
678 679
678 680
679 681
679 680
680 681
680 682
681 682
681 683
682 683
682 684
683 684
683 685
684 685
685 687
687 689
689 690
693 695
695 697
695 696
696 697
696 698
697 698
697 699
698 794
698 699
698 700
699 700
699 701
794 795
700 701
700 702
701 702
701 703
702 703
702 704
703 705
703 704
704 705
704 706
705 706
705 707
706 707
707 709
709 710
709 711
710 711
711 713
713 714
713 715
714 891
714 716
715 716
715 717
891 889
891 892
891 893
716 717
717 719
719 813
719 720
720 721
720 722
813 811
813 812
813 815
721 722
721 723
722 723
722 724
723 725
723 776
724 725
724 726
725 726
725 727
776 777
776 778
726 727
726 728
727 729
727 728
728 729
728 730
729 730
729 731
730 731
730 732
731 732
731 733
732 733
732 734
733 734
733 735
734 735
734 736
735 737
735 736
736 737
736 738
737 738
737 739
737 997
738 739
738 740
739 740
739 741
997 995
997 996
997 998
740 741
740 742
741 742
742 744
744 746
746 747
900 898
900 899
900 901
747 749
749 750
753 754
754 756
756 757
756 758
757 758
758 760
760 761
760 762
761 762
761 763
762 763
762 764
763 843
763 764
764 766
843 841
843 842
766 767
766 768
767 769
767 768
768 769
768 770
769 770
770 772
772 773
777 778
777 779
778 779
783 784
784 786
786 787
787 789
789 790
917 919
795 796
795 797
796 797
796 798
797 798
801 803
803 804
803 805
804 805
804 806
805 806
805 807
806 807
810 811
810 812
811 812
815 817
817 818
817 819
818 819
819 820
819 821
820 821
820 822
821 822
821 823
822 823
822 824
823 824
824 826
826 827
826 828
826 944
827 828
827 829
828 829
828 830
944 942
944 943
944 945
829 830
829 831
830 831
830 832
831 833
831 832
832 833
832 834
833 834
833 835
834 835
834 836
834 878
835 836
835 837
836 837
836 838
878 877
878 879
837 838
837 839
838 839
839 841
841 842
845 846
845 847
846 963
846 847
846 848
847 849
847 950
847 848
963 962
963 964
848 849
848 850
849 850
849 851
950 948
950 951
850 851
850 852
851 852
851 853
852 853
852 854
853 854
854 856
859 861
913 911
861 862
861 863
862 863
862 864
863 864
864 866
866 868
868 869
869 871
871 873
871 872
872 873
872 874
873 874
873 875
874 875
875 877
877 879
879 881
881 882
881 883
882 883
883 885
885 886
885 887
886 887
886 888
887 889
887 888
888 889
892 893
892 894
893 894
893 895
894 895
895 897
897 898
897 899
899 901
901 902
901 903
902 903
902 904
903 904
929 927
929 928
929 930
929 931
908 910
910 911
937 935
937 936
937 939
919 921
919 920
921 920
921 922
921 923
920 922
922 923
926 927
926 928
927 928
928 930
930 931
930 932
931 932
931 933
932 933
932 934
933 934
933 935
934 935
934 936
935 936
939 940
939 941
940 941
940 942
941 942
941 943
942 943
943 945
945 946
945 947
946 947
946 948
947 948
951 952
952 954
954 956
956 957
956 958
957 958
957 959
958 959
962 964
964 965
964 966
965 966
965 967
966 967
966 968
967 969
967 968
968 969
968 970
969 970
970 972
972 973
972 974
973 974
973 975
974 975
974 976
975 977
975 976
976 977
976 978
977 978
977 979
978 979
978 980
979 980
979 981
980 981
980 982
981 982
981 983
982 983
982 984
983 985
983 984
984 985
984 986
985 986
986 988
988 989
988 990
989 990
990 992
992 994
994 995
994 996
995 996
996 998
1
