100 1 200
1 2
1 3
1 100
1 99
2 13
2 4
2 94
3 19
3 5
100 70
100 99
99 97
99 98
13 6
13 12
13 76
13 22
4 6
4 62
94 8
94 19
94 92
94 93
94 96
19 21
5 6
5 7
6 7
6 8
6 84
6 54
6 90
62 60
62 61
62 98
62 63
62 64
7 9
7 77
7 8
8 57
84 82
84 85
54 52
54 53
54 55
90 88
90 91
9 66
9 11
77 75
77 79
57 58
57 59
66 52
66 64
66 65
66 68
11 12
11 69
11 86
10 25
10 12
25 24
25 51
25 87
25 26
12 14
69 59
69 68
69 70
86 87
86 88
14 15
14 16
76 74
76 78
76 96
22 15
22 20
15 35
15 38
16 38
16 50
16 18
35 33
35 34
35 52
35 64
38 36
38 37
38 40
38 45
50 21
50 48
50 49
50 55
18 17
18 34
18 20
17 65
65 63
65 64
65 67
34 32
34 33
34 36
20 89
20 21
21 67
21 23
21 96
89 30
89 87
89 88
67 55
67 68
23 26
23 24
96 74
96 85
96 95
96 97
96 98
26 24
26 27
26 28
24 78
78 80
51 52
51 53
27 59
27 28
28 49
28 29
28 63
59 61
49 48
49 83
29 30
29 56
63 61
63 64
30 46
30 31
30 32
56 52
56 58
46 44
46 80
46 48
31 33
31 32
32 55
32 44
55 53
44 43
44 45
44 47
36 37
52 53
64 80
37 39
39 41
39 40
40 41
40 42
45 43
45 92
45 47
41 42
41 43
42 43
42 53
43 75
47 81
92 91
80 73
80 79
81 79
81 82
81 83
83 58
83 71
58 60
60 61
98 97
68 88
70 71
70 72
71 73
71 72
72 73
72 74
72 95
73 74
73 82
74 85
85 93
93 91
1
