100 1 200
1 2
1 3
1 100
1 99
1 39
2 3
2 8
2 94
3 4
3 5
3 33
100 80
100 91
100 98
99 59
39 38
39 92
39 40
8 6
8 7
8 9
94 30
94 93
94 95
94 96
4 58
4 29
4 6
4 80
5 6
5 7
33 31
33 32
33 34
33 82
33 85
58 56
58 57
58 59
58 61
29 27
29 28
29 30
29 87
6 7
80 75
80 79
80 98
7 71
7 13
71 73
71 72
13 11
13 12
13 65
9 10
9 11
10 11
10 12
10 67
11 12
11 97
12 14
67 26
67 65
67 66
67 68
67 87
97 69
97 98
14 15
14 16
65 53
65 63
65 64
15 28
15 53
15 16
16 17
16 18
28 27
53 51
53 52
53 54
53 55
17 35
17 18
17 91
17 32
18 20
18 78
35 34
35 36
35 37
91 89
91 92
32 30
32 31
32 55
20 19
20 21
20 22
20 86
78 76
78 77
78 79
78 92
19 21
21 22
21 23
22 43
22 23
86 84
86 87
23 25
23 24
43 24
43 41
43 42
43 44
43 45
43 59
25 26
25 85
24 26
26 27
85 79
85 83
85 84
87 88
31 82
31 90
82 51
82 81
90 88
90 89
90 92
55 56
34 36
36 37
36 72
36 41
37 49
37 38
72 41
72 70
72 74
41 40
41 54
49 47
49 50
49 51
38 40
40 42
92 93
42 44
54 52
54 60
44 45
44 46
45 46
45 47
59 57
59 61
46 64
46 48
47 95
47 48
64 62
64 63
64 66
48 50
48 83
95 96
50 52
50 70
83 75
83 81
70 57
70 68
70 69
60 61
60 62
56 57
61 62
62 96
62 63
96 98
66 68
68 75
75 73
75 74
75 77
73 74
74 76
74 93
76 77
77 79
79 81
88 89
1
