1000 1 1000
1 2
1 1000
2 3
1000 555
3 4
4 213
213 22
213 212
5 6
6 7
7 8
8 9
8 453
9 10
10 18
10 93
18 17
18 19
93 92
11 12
11 952
12 706
952 951
706 705
706 707
13 14
13 88
14 15
15 538
15 16
538 208
538 537
16 17
19 20
20 21
21 433
433 643
22 314
22 23
314 136
314 313
23 24
24 25
25 928
928 173
928 927
26 27
27 28
27 623
27 594
28 321
623 622
623 791
594 593
321 320
321 322
29 176
176 175
176 177
176 218
176 484
30 829
30 31
829 828
31 880
31 735
31 32
880 879
735 734
32 33
32 102
32 886
33 781
102 46
102 101
886 573
886 755
886 885
781 780
781 782
34 35
35 607
607 606
607 608
36 37
37 38
38 230
230 229
230 231
39 137
39 733
39 40
40 374
40 582
374 373
374 375
582 581
41 42
42 663
663 662
663 664
43 44
44 985
985 984
985 986
45 46
47 929
929 930
48 971
971 972
49 621
49 238
621 620
621 622
238 237
238 535
50 481
50 642
481 143
481 480
642 641
51 52
52 53
53 54
54 80
80 79
80 81
55 56
56 57
56 855
57 525
855 255
855 854
525 427
525 524
58 59
58 500
59 60
60 61
61 370
370 369
370 371
62 141
62 63
141 140
63 64
64 65
65 405
405 404
405 406
66 67
67 68
68 69
69 990
990 188
990 536
990 989
70 143
70 239
70 174
143 142
239 240
174 173
71 72
72 345
72 631
345 820
631 630
73 847
847 919
74 75
74 660
75 76
660 659
76 77
77 997
77 78
77 657
77 826
77 287
78 79
657 656
287 286
287 471
81 82
82 83
82 168
83 84
168 768
84 85
85 963
85 360
963 962
963 964
360 359
360 817
86 586
586 451
87 681
681 680
681 682
89 90
89 552
90 986
552 551
986 397
986 732
91 92
94 95
95 96
96 97
97 98
98 99
99 100
100 818
100 101
100 944
101 398
944 332
944 943
103 132
103 104
132 131
104 105
105 962
105 390
962 961
390 389
106 107
107 108
108 109
109 110
110 111
111 112
112 488
488 487
488 489
113 557
557 556
557 558
114 354
354 353
354 424
115 116
116 117
117 118
118 836
836 835
836 837
119 120
120 738
738 737
738 739
121 122
122 123
123 268
123 124
268 267
124 125
125 998
125 224
224 225
126 127
127 128
128 129
129 130
130 131
133 134
134 135
135 136
138 139
138 499
139 140
499 498
144 937
937 938
145 486
486 355
486 437
486 485
486 487
146 147
147 148
148 149
149 150
150 151
151 152
152 153
153 154
154 729
729 730
155 156
156 744
744 463
157 158
158 159
159 302
302 853
160 161
161 925
925 571
925 924
162 163
163 169
163 435
169 170
435 434
164 165
165 801
165 166
166 465
465 402
465 466
167 383
383 382
383 384
768 301
768 767
170 171
171 920
920 919
920 921
172 752
752 751
752 753
177 178
484 483
178 179
179 180
180 948
180 181
180 672
948 947
181 182
182 183
183 184
184 185
185 596
596 597
186 187
186 792
187 188
188 189
189 190
189 510
190 191
510 509
191 192
192 193
193 194
194 195
195 196
195 890
196 197
890 889
197 198
198 199
199 200
200 201
201 202
202 873
873 872
873 874
873 980
203 661
661 662
204 205
205 206
206 207
207 635
207 208
635 634
635 993
209 210
210 697
210 211
697 696
211 212
214 430
214 215
430 429
430 960
215 216
216 217
216 722
217 669
669 260
669 668
219 220
220 221
221 222
222 223
223 969
969 970
225 436
436 437
226 227
227 228
228 477
228 229
477 476
229 709
709 708
231 232
232 233
233 981
981 982
234 264
264 265
235 949
235 566
949 380
566 565
566 567
236 237
535 534
240 241
241 242
242 243
243 244
244 245
245 612
245 671
612 368
612 611
612 996
612 613
671 670
671 912
246 247
247 248
248 249
249 250
250 251
251 252
252 253
253 254
254 255
256 257
257 258
258 259
259 260
259 941
260 869
869 870
261 262
262 263
263 705
265 824
824 823
824 825
266 267
269 270
270 271
271 272
272 273
273 777
777 776
777 778
274 275
275 737
737 605
737 736
276 277
277 278
278 279
279 595
279 280
280 281
280 456
281 463
456 455
463 462
463 464
282 283
283 284
284 285
285 286
471 470
288 289
289 565
565 564
290 291
291 292
292 931
931 691
931 760
931 895
293 294
294 295
295 296
296 297
297 298
298 802
298 299
299 300
300 301
301 432
432 431
853 852
853 854
303 304
304 381
381 382
305 306
306 693
693 692
693 694
307 809
809 749
809 808
308 655
655 654
655 656
309 310
310 311
311 312
312 313
313 315
316 320
320 319
317 724
724 723
724 725
318 319
319 446
446 445
446 785
322 323
323 567
567 568
324 325
325 868
325 326
868 867
326 327
327 870
870 871
328 329
329 420
420 419
420 421
330 817
817 816
331 332
333 334
334 516
334 335
516 515
335 547
547 546
547 548
336 337
337 338
338 604
604 517
604 605
339 340
340 341
341 665
341 613
665 664
665 666
342 732
342 343
732 731
343 344
344 953
953 888
953 954
820 727
820 819
346 721
346 347
346 728
347 348
728 727
348 349
349 350
350 351
351 352
352 353
424 423
424 425
356 357
357 358
358 359
361 362
362 363
363 922
922 921
922 923
364 365
365 366
366 367
367 368
371 372
372 720
720 719
720 879
375 894
375 376
894 447
894 893
376 751
751 750
377 378
378 379
378 800
379 380
380 716
716 715
384 762
762 739
762 761
762 763
385 386
386 387
387 388
388 389
388 475
391 679
679 678
679 680
392 393
392 603
392 968
393 394
603 602
968 967
394 457
394 395
395 396
396 397
399 400
400 401
401 402
403 404
403 799
799 798
406 407
407 408
408 409
409 906
409 410
906 905
410 411
411 412
412 413
413 414
414 415
415 416
416 417
417 418
418 850
418 419
850 849
421 422
422 447
425 426
426 810
810 504
810 540
810 652
427 428
428 908
428 429
908 632
908 907
960 959
643 644
434 778
778 704
438 439
439 440
440 441
441 513
513 512
513 514
513 523
442 443
443 444
444 741
444 445
741 740
448 449
449 739
450 451
451 452
452 478
478 479
454 455
458 459
459 460
460 461
461 462
464 553
464 900
553 543
900 899
900 901
466 467
467 468
468 469
469 470
472 473
472 559
473 474
559 558
474 504
504 505
504 688
479 480
482 483
483 830
489 700
700 576
700 699
490 491
491 492
492 493
493 494
494 995
494 495
995 994
495 496
496 497
497 498
501 502
502 503
503 903
903 619
903 804
903 902
505 570
688 687
570 569
570 571
506 507
507 508
507 701
508 509
511 512
512 788
788 787
514 515
523 522
518 544
544 545
519 520
520 521
521 522
526 527
527 528
528 529
529 530
530 531
531 532
532 533
533 534
537 977
977 976
539 887
887 888
541 542
542 543
545 546
548 549
548 702
549 550
550 637
550 782
550 551
637 636
554 555
558 645
645 644
560 561
561 888
562 563
563 564
568 578
578 577
578 579
578 784
571 572
572 573
574 575
575 576
576 577
579 580
784 783
580 581
583 584
584 585
585 939
939 938
939 940
587 588
588 589
589 590
589 695
590 591
695 694
591 592
592 593
597 598
598 719
719 718
599 600
600 601
601 602
608 609
609 610
610 611
614 615
615 616
616 617
617 618
618 619
619 862
862 861
791 790
624 625
625 730
625 875
875 833
875 874
875 876
626 627
627 628
628 629
629 630
632 756
633 634
993 992
638 639
639 640
640 765
765 764
765 766
646 647
647 648
648 649
649 650
650 651
651 652
653 654
658 659
666 667
667 668
912 911
673 674
674 675
675 676
676 677
677 678
682 683
683 684
684 685
685 686
686 687
689 803
803 927
690 691
692 936
936 881
936 935
694 991
694 846
846 845
698 699
703 704
707 708
710 711
711 755
755 754
712 713
713 714
714 715
717 718
879 878
725 812
725 726
812 811
726 727
727 743
743 742
734 795
795 794
745 883
883 882
883 884
746 747
747 748
748 749
749 750
753 754
757 758
758 759
759 760
763 764
766 767
769 770
770 771
771 772
772 773
773 864
864 863
864 865
774 775
775 776
779 780
786 787
789 790
793 794
796 797
797 798
927 926
804 930
804 805
805 806
806 807
807 808
813 814
814 815
815 816
821 822
822 823
825 926
827 865
827 828
831 832
832 833
834 835
835 970
837 838
838 839
839 840
840 841
841 842
842 843
843 844
843 914
844 845
914 913
919 918
848 849
851 852
856 857
857 858
858 859
859 860
860 861
866 867
871 872
980 979
876 884
884 885
877 878
891 892
892 893
895 896
896 897
897 898
897 999
898 899
901 902
902 942
942 972
904 905
909 910
910 911
915 916
916 917
917 918
923 924
932 933
933 934
934 935
940 965
965 964
965 966
945 946
946 947
950 951
954 955
955 956
956 957
957 958
958 959
966 967
973 974
974 975
975 976
978 979
982 983
983 984
987 988
988 989
1
