1000 1 2000
1 3
1 123
1 999
1 1000
3 2
3 4
3 5
3 822
123 121
123 122
123 124
123 125
999 998
999 1000
1000 2
1000 959
1000 998
2 4
4 6
4 327
5 409
5 7
822 820
822 821
822 834
822 823
6 854
6 7
327 325
327 328
327 329
327 853
409 407
409 408
409 410
409 411
7 9
7 763
7 8
854 852
854 855
854 856
9 8
9 10
9 11
763 761
763 762
763 765
8 10
10 546
10 11
10 853
11 12
11 13
546 826
853 307
853 851
853 852
12 13
12 14
13 14
13 15
14 954
14 15
15 17
15 16
954 952
954 953
954 955
954 956
17 18
17 19
17 340
16 986
16 406
986 985
986 987
986 988
406 61
406 71
406 405
406 598
406 919
18 19
18 20
19 518
19 842
19 20
19 21
19 600
340 338
340 339
340 341
20 244
20 22
518 50
518 57
518 516
518 517
518 784
842 278
842 840
842 843
21 148
21 22
600 599
600 601
244 159
244 242
244 243
244 557
244 246
244 280
22 265
22 595
22 23
148 28
148 146
148 147
148 149
265 80
265 264
265 267
595 593
595 626
595 597
23 25
23 430
25 24
25 26
25 478
430 428
430 429
430 431
430 432
24 26
26 620
26 27
26 28
26 733
478 106
478 477
478 479
620 618
620 619
620 621
27 28
27 29
27 793
28 643
28 30
733 731
733 907
733 734
29 30
29 31
793 557
793 792
793 795
643 641
643 642
643 644
643 919
30 31
30 32
31 33
31 32
32 34
32 415
33 35
33 925
34 35
34 36
415 414
415 417
415 612
35 67
35 37
925 923
925 924
925 926
925 927
36 38
36 847
36 500
67 66
67 68
67 69
67 421
37 709
37 38
37 971
38 551
38 40
847 845
847 846
847 849
500 456
500 498
500 499
500 501
500 502
500 594
709 330
709 707
709 708
709 710
709 711
971 973
551 549
551 550
551 553
551 552
40 39
40 41
40 42
39 618
618 139
618 616
41 42
41 43
42 43
42 44
42 113
42 344
43 44
43 45
44 45
44 46
113 111
113 112
113 114
344 342
344 345
45 46
45 47
46 290
46 47
46 496
47 49
47 287
290 288
290 289
290 291
496 495
496 497
496 498
49 48
49 266
49 51
287 285
287 286
287 879
287 862
287 288
48 50
48 163
50 51
50 52
163 161
163 162
163 164
266 264
266 267
266 268
51 52
51 53
52 53
52 54
53 54
53 55
54 55
54 56
55 370
55 56
56 721
56 58
370 368
370 371
370 372
721 719
721 720
721 722
721 723
58 72
58 439
58 60
58 127
57 140
57 59
140 138
140 139
140 142
59 570
59 60
59 61
72 70
72 71
72 73
439 438
439 441
439 440
60 155
60 122
127 128
570 84
570 296
570 568
61 62
155 153
155 154
155 156
155 157
122 121
122 124
62 63
62 64
63 65
63 64
64 66
64 84
65 185
65 66
65 456
66 194
66 195
84 82
84 83
84 85
185 183
185 184
185 186
185 187
456 454
456 455
194 192
194 193
194 195
194 196
195 193
195 197
68 69
68 70
69 501
69 70
69 71
421 419
421 420
421 423
70 71
501 324
501 499
501 502
73 806
73 74
73 659
73 636
806 804
806 808
74 678
74 76
74 977
659 240
659 658
659 755
659 660
636 452
636 634
636 635
636 693
636 637
678 677
678 800
76 75
76 77
76 78
977 150
977 975
977 978
75 77
77 78
77 79
77 94
78 79
78 80
79 81
79 412
79 80
94 92
94 256
80 81
81 82
81 814
412 410
412 411
412 413
82 106
82 83
814 812
814 813
814 815
814 816
106 104
106 105
106 107
83 85
85 86
85 87
86 528
86 341
86 88
87 89
87 88
528 480
528 527
341 342
341 343
88 105
88 658
89 90
89 91
105 103
105 104
105 107
658 251
658 657
658 660
90 91
90 92
91 92
91 965
91 126
92 93
92 591
965 247
965 302
965 963
965 966
965 967
126 124
126 125
126 128
93 887
93 422
591 590
591 592
887 413
887 667
887 885
887 886
887 889
422 420
422 801
422 423
256 221
256 254
256 257
95 653
95 96
653 651
653 855
653 654
653 655
96 97
96 98
97 99
97 232
98 99
98 100
99 100
99 101
232 230
232 231
232 233
232 882
100 173
100 102
100 199
101 102
101 103
173 171
173 172
173 577
173 174
173 175
102 103
102 104
199 197
199 198
199 201
103 104
107 108
107 109
107 366
108 229
108 109
108 110
109 110
109 111
366 364
366 365
366 368
229 227
229 228
229 230
110 522
110 111
111 112
522 520
522 521
522 523
522 534
112 114
114 348
114 115
114 116
348 346
348 347
348 355
348 350
115 116
115 117
116 117
116 118
117 141
117 947
117 118
117 119
118 585
118 119
118 760
141 945
141 142
947 948
119 121
119 120
585 583
585 584
585 586
585 587
760 590
760 732
760 758
760 759
121 120
120 275
120 766
275 273
275 882
275 277
766 764
766 765
766 958
766 768
124 125
125 931
931 367
931 460
931 929
931 930
931 932
128 129
128 130
128 598
129 130
129 131
129 941
130 922
130 131
130 132
598 596
598 597
598 994
131 132
131 133
941 939
941 940
941 942
922 164
922 920
922 921
922 923
132 213
132 133
132 134
133 134
133 135
213 211
213 821
213 214
134 838
134 135
134 648
135 136
135 137
135 970
135 301
838 178
838 836
838 837
838 840
648 358
648 541
648 647
648 650
136 137
136 138
136 983
136 754
137 138
137 139
970 968
970 969
970 972
301 246
301 299
301 302
138 644
138 139
138 533
983 981
983 982
983 984
754 753
754 755
139 268
644 542
644 642
644 645
533 531
533 532
533 534
268 267
268 269
268 270
142 143
142 144
945 943
945 944
945 946
143 145
143 144
144 145
144 146
144 278
145 146
145 147
146 147
278 276
278 277
278 514
147 149
149 150
149 151
150 151
150 152
151 153
151 152
152 153
152 154
153 154
153 463
154 156
463 461
463 462
463 465
156 399
156 984
156 157
156 158
157 875
157 158
157 159
399 353
399 354
399 397
399 398
399 400
984 967
984 985
158 900
158 159
158 160
875 873
875 874
875 876
159 161
159 274
900 557
900 898
900 899
160 161
160 162
161 162
274 272
274 273
274 276
162 164
164 166
166 165
166 205
166 167
166 168
165 167
167 169
167 168
205 203
205 204
205 207
168 169
168 170
169 170
169 171
170 171
170 172
170 253
171 172
172 752
253 252
253 801
253 547
253 979
752 751
752 753
752 846
577 575
577 576
577 579
174 175
174 632
175 177
175 735
632 231
632 339
632 630
632 633
632 634
177 176
177 178
177 179
177 652
735 734
735 737
735 877
735 736
176 178
178 891
179 180
179 181
179 672
179 352
652 324
652 650
652 651
652 841
891 889
891 890
891 892
891 893
180 345
180 181
180 182
181 182
181 183
672 670
672 671
672 674
352 350
352 351
352 353
345 347
182 821
182 183
183 272
183 184
183 189
821 401
821 819
272 270
272 271
184 186
189 187
189 188
189 567
189 191
186 187
186 188
187 834
188 190
834 584
834 832
834 833
190 646
190 191
190 192
567 565
567 566
567 569
191 193
191 976
191 192
646 645
646 647
192 193
976 623
976 974
976 975
196 197
196 198
197 198
198 200
200 201
200 202
201 202
201 203
202 825
202 204
203 204
825 823
825 824
825 826
825 827
204 206
204 263
206 207
206 208
263 262
263 645
207 209
207 208
208 209
208 210
209 210
209 211
209 536
210 211
210 212
211 212
211 916
536 534
536 988
212 617
212 214
916 914
916 915
916 918
617 260
617 615
617 616
617 619
214 215
214 216
215 217
215 216
216 217
216 431
217 218
217 219
431 239
431 429
431 432
431 433
218 219
218 220
219 220
219 221
219 490
220 764
220 222
221 530
221 222
221 223
490 488
490 491
490 831
764 762
764 765
222 223
222 224
530 529
530 868
530 934
530 532
223 225
223 952
223 224
224 225
224 226
225 545
225 226
225 227
952 950
952 951
226 820
226 228
545 480
545 543
545 544
545 637
227 228
820 818
820 819
820 908
228 230
230 231
231 282
282 280
282 284
233 234
233 235
882 880
882 883
882 884
234 235
234 236
235 236
235 237
235 512
236 413
236 237
236 238
237 238
237 239
512 510
512 511
512 802
413 411
238 369
238 239
238 240
239 240
369 368
369 371
240 714
240 242
240 441
714 712
714 713
714 716
714 768
242 241
242 243
441 442
441 443
241 243
243 245
245 769
245 247
557 555
557 556
557 826
246 919
246 248
280 279
769 767
769 770
769 771
247 249
919 589
919 917
919 921
248 249
248 250
249 250
249 492
250 387
250 455
250 251
492 493
492 494
387 385
387 386
387 535
455 453
455 454
455 656
455 531
251 252
251 728
252 254
728 379
728 726
728 727
728 730
254 255
801 799
801 800
801 803
547 548
979 978
979 980
979 981
255 372
255 622
372 373
372 374
622 621
622 623
622 624
257 258
257 259
257 509
258 489
258 259
258 260
259 260
259 261
509 260
509 343
509 507
509 508
509 713
489 487
489 488
489 491
260 262
261 757
261 262
262 264
757 689
757 756
757 758
757 759
645 687
645 693
267 269
269 523
269 270
269 271
270 271
523 521
523 525
271 273
276 277
277 279
279 281
514 296
514 513
281 283
281 325
283 284
283 688
325 323
325 326
284 285
284 286
284 768
688 625
688 686
688 687
688 689
688 927
285 307
286 288
768 767
768 869
307 305
307 306
307 308
307 309
288 289
288 292
879 750
879 880
862 860
862 861
862 863
862 864
289 291
292 291
292 293
291 293
293 294
293 295
294 295
294 296
295 297
295 296
296 297
296 298
297 298
297 299
297 747
298 299
298 300
299 459
747 745
747 746
747 748
300 428
300 630
459 457
459 458
459 460
459 461
428 426
428 427
428 429
630 628
630 629
630 631
302 303
303 305
303 304
305 304
305 306
305 782
304 624
624 623
624 625
624 626
306 308
782 780
782 783
308 309
308 310
309 311
309 872
310 311
310 312
311 313
311 740
311 312
872 871
872 873
872 874
312 313
312 391
313 314
313 315
740 738
740 739
740 741
391 389
391 393
391 392
314 315
314 316
315 316
315 317
315 863
316 318
316 359
317 318
317 319
863 565
863 614
863 861
318 319
318 320
359 357
359 358
359 361
359 559
319 321
319 320
320 321
320 322
320 918
321 322
321 323
321 664
322 323
322 324
918 917
918 920
323 831
664 526
664 662
664 666
831 829
831 830
831 832
326 982
326 328
982 835
982 980
982 981
328 329
328 330
329 649
329 330
329 331
330 331
649 647
649 650
331 332
331 333
332 333
332 334
333 334
333 335
334 335
334 336
335 337
335 336
336 338
336 559
337 338
337 339
338 886
559 380
559 558
559 561
559 560
339 903
339 791
886 884
886 885
886 888
903 901
903 902
903 904
791 789
791 790
791 792
791 828
342 677
343 396
677 392
677 675
677 679
396 394
396 395
396 397
396 398
347 346
347 349
349 350
349 351
355 357
350 351
351 353
353 354
354 356
356 357
356 358
357 358
358 360
360 361
360 362
361 362
361 656
361 951
362 363
362 364
656 654
656 655
951 663
951 949
363 364
363 365
364 365
365 367
367 368
371 373
371 586
373 374
373 375
586 584
586 587
586 588
374 375
374 376
375 377
375 376
376 378
376 404
377 378
377 400
378 379
378 380
404 403
404 912
404 405
400 398
400 401
400 402
400 670
379 380
380 382
382 381
382 383
382 384
381 383
383 385
383 384
384 385
384 386
385 386
386 388
388 389
388 390
535 448
535 534
535 537
389 390
390 470
390 392
470 468
470 469
470 471
470 472
392 393
393 394
393 742
394 395
742 741
742 743
742 744
395 499
499 497
397 398
401 402
402 403
402 596
670 668
670 669
403 405
596 597
405 407
912 910
912 911
912 913
912 914
407 408
408 410
410 411
414 840
414 416
840 839
416 417
416 418
416 897
417 418
417 419
612 611
612 613
612 614
418 419
418 420
897 895
897 896
897 899
419 420
423 425
423 424
425 424
425 426
425 427
424 852
852 850
852 851
426 427
427 710
710 708
710 711
710 712
432 433
432 434
433 434
433 435
434 435
434 436
435 436
435 437
436 556
436 437
436 438
437 868
437 438
556 554
556 555
438 440
868 866
868 867
868 870
440 593
440 442
593 592
593 594
442 443
442 444
443 444
443 445
444 993
444 935
444 749
444 445
444 446
445 446
445 447
993 991
993 992
993 994
935 774
935 933
935 934
935 937
749 748
749 751
446 447
446 448
447 449
447 448
448 449
448 450
448 481
449 450
449 451
450 451
450 452
481 479
481 480
481 482
451 452
451 453
452 453
453 454
454 473
473 472
473 475
531 529
531 532
457 458
458 460
460 461
460 462
460 511
461 462
461 911
462 770
511 510
911 909
911 910
770 771
770 772
465 464
465 466
465 467
465 552
464 893
893 892
893 894
893 895
466 467
466 468
466 475
467 468
467 469
552 550
552 554
468 469
475 474
475 477
469 471
471 744
471 472
472 497
744 743
744 746
744 896
497 495
497 498
474 476
476 477
476 829
477 479
829 827
829 830
479 723
723 722
723 724
723 725
482 483
482 484
483 484
483 485
484 485
484 486
485 486
485 487
486 487
486 488
487 488
491 493
491 605
493 494
493 495
605 603
605 604
605 606
605 607
494 949
494 495
949 948
949 950
498 584
584 582
584 583
502 503
502 616
594 592
594 628
503 873
503 716
503 504
616 615
873 874
716 715
716 876
504 506
504 691
506 505
506 507
506 508
691 689
691 690
691 692
691 693
505 507
507 508
508 657
508 663
508 510
657 655
663 661
663 662
663 665
713 638
713 712
713 715
802 800
802 803
802 804
513 515
515 516
515 517
516 517
517 519
519 521
519 520
784 783
784 785
521 520
534 532
525 524
525 526
525 527
524 526
526 527
527 529
934 932
934 933
537 538
537 539
988 987
988 989
988 990
538 539
538 540
539 540
539 541
540 541
540 542
541 543
542 544
543 544
544 708
544 729
708 706
708 707
729 727
729 731
637 635
637 876
637 638
826 824
826 828
826 960
548 549
548 550
549 603
603 601
603 602
603 876
553 554
553 555
554 564
554 555
564 563
564 565
558 560
560 561
560 562
561 562
561 563
562 609
562 573
563 707
609 607
609 608
609 610
609 611
609 794
573 571
573 572
573 574
573 575
707 705
707 706
565 566
566 758
566 568
758 756
568 569
569 571
569 739
571 572
571 871
739 737
739 738
739 741
572 574
871 870
574 950
574 575
574 576
575 576
950 948
576 578
578 579
578 580
579 580
579 581
580 581
580 582
581 869
581 582
582 583
869 870
587 588
587 589
588 589
588 859
589 590
859 857
859 858
859 860
859 861
590 592
592 923
923 921
628 626
628 627
628 629
626 627
597 599
599 601
994 992
994 995
994 996
601 602
601 610
602 604
610 608
610 611
604 606
876 874
876 877
876 878
606 607
606 608
607 608
611 613
794 792
794 795
613 614
613 615
614 615
619 621
621 623
623 901
901 899
901 902
625 627
627 629
629 631
631 633
631 697
633 985
633 634
633 635
697 695
697 696
697 698
697 699
634 635
635 888
888 889
693 683
693 692
693 695
638 639
639 641
639 640
641 640
641 642
640 642
687 685
687 686
650 651
651 812
812 810
812 811
841 839
841 902
841 843
855 969
855 856
654 867
654 655
867 865
867 866
660 661
660 662
755 753
755 756
661 662
665 666
665 667
666 667
666 668
667 668
667 669
668 669
668 776
669 671
776 774
776 775
776 777
776 870
671 673
673 674
673 978
674 676
674 830
978 980
676 675
676 778
676 796
830 828
830 832
778 777
778 779
778 780
796 795
796 797
796 798
679 681
679 680
800 798
800 799
681 680
681 997
681 682
681 828
680 682
682 683
682 684
997 995
997 996
997 998
828 827
683 685
684 685
684 686
685 686
927 926
927 929
927 928
690 692
690 966
692 694
966 964
966 967
694 695
694 696
695 696
696 698
698 699
698 968
699 700
699 701
699 973
968 781
968 969
700 701
700 702
701 702
701 703
973 972
973 975
702 703
702 704
703 705
703 704
704 705
704 706
705 706
711 824
711 816
824 823
824 881
816 785
816 815
816 817
816 818
715 858
715 843
715 717
858 856
858 857
843 844
717 718
717 719
718 719
718 720
719 720
720 722
722 724
724 725
724 726
725 726
725 727
726 727
730 731
730 732
731 732
732 734
734 736
907 905
907 906
907 909
736 737
736 738
737 738
877 878
741 743
743 745
745 746
746 748
896 894
896 895
896 898
748 750
750 751
751 753
846 844
846 845
846 848
759 761
761 762
765 767
958 956
958 957
958 960
771 772
771 773
772 773
772 774
773 774
773 992
992 990
992 991
775 777
777 779
779 780
779 781
780 781
781 783
783 785
785 787
787 786
787 788
787 789
786 788
788 789
788 790
789 790
790 792
795 797
797 798
797 799
798 799
803 804
803 805
804 805
805 955
805 807
955 953
955 956
955 957
807 809
807 808
808 809
808 810
809 810
809 811
810 811
811 813
813 815
815 817
817 818
817 819
818 819
908 906
908 909
908 910
881 880
881 883
960 961
960 962
832 833
833 835
835 836
835 910
836 837
910 909
837 839
902 904
844 845
848 849
848 850
849 850
849 851
850 851
856 857
969 967
860 861
864 865
864 866
865 866
866 946
946 944
946 948
878 926
878 880
926 924
926 928
883 884
883 885
884 885
889 890
890 892
892 894
894 895
898 899
904 905
904 906
905 906
913 914
913 915
914 915
915 917
920 921
928 929
928 930
929 930
930 932
932 933
937 936
937 938
937 939
936 938
938 939
938 940
939 940
940 942
942 943
942 944
943 944
956 957
957 959
959 961
961 962
961 963
962 963
962 964
963 964
964 987
987 989
972 974
974 975
980 981
989 990
989 991
990 991
995 996
996 998
1
