1000 1 3000
1 2
1 3
1 998
1 1000
1 725
2 3
2 4
2 5
2 999
2 1000
3 5
3 1000
3 842
3 628
3 537
3 741
998 569
998 612
998 667
998 676
998 995
998 996
998 1000
1000 997
1000 999
725 525
725 723
725 724
725 726
725 727
725 728
4 6
4 7
4 916
5 6
5 8
5 744
5 578
999 170
999 997
842 43
842 56
842 600
842 840
842 841
842 843
628 490
628 625
628 626
628 627
628 630
537 535
537 536
537 936
537 538
741 738
741 739
741 742
741 743
741 744
741 811
6 422
6 7
6 8
6 9
7 8
7 9
7 10
916 913
916 914
916 915
916 917
916 918
916 919
8 9
8 10
8 11
8 778
8 504
744 742
744 743
744 746
744 747
578 575
578 577
578 579
578 581
578 785
422 419
422 420
422 513
422 424
9 10
9 844
9 250
9 764
9 902
10 11
10 12
10 13
10 607
11 13
11 14
11 745
11 639
778 30
778 776
778 777
778 781
504 501
504 502
504 503
504 979
504 506
504 507
844 841
844 843
844 845
844 846
250 203
250 247
250 248
250 249
250 983
250 251
764 762
764 763
764 765
764 766
764 767
902 323
902 600
902 899
902 900
902 901
902 903
902 905
12 13
12 14
12 144
13 521
13 15
13 175
607 148
607 604
607 605
607 606
607 609
607 610
14 972
14 15
14 16
745 742
745 743
745 747
745 748
745 847
639 316
639 636
639 641
639 684
639 640
144 141
144 142
144 324
144 720
144 147
144 347
521 159
521 519
521 520
521 522
521 523
521 904
15 16
15 18
15 248
175 130
175 172
175 173
175 174
175 176
175 376
972 498
972 971
972 973
972 975
16 682
16 17
16 18
16 19
16 540
18 19
18 20
18 21
18 55
248 246
248 247
248 811
248 249
248 480
682 679
682 684
682 685
17 322
17 70
17 392
17 809
17 109
17 20
17 476
19 20
19 21
19 22
540 27
540 298
540 363
540 538
540 539
540 541
322 93
322 319
322 320
322 323
322 361
322 491
322 477
70 67
70 68
70 69
70 72
70 73
70 805
392 310
392 389
392 390
392 391
392 484
392 394
809 806
809 807
809 810
809 811
809 812
109 107
109 108
109 238
109 111
109 112
20 21
20 22
20 23
476 286
476 473
476 474
476 475
476 497
21 265
21 22
21 23
21 24
55 53
55 56
55 57
22 82
22 23
22 24
22 25
22 219
22 413
23 644
23 463
23 24
23 25
265 263
265 266
265 716
265 473
24 834
24 25
24 26
24 27
24 703
24 694
82 79
82 81
82 872
82 877
82 84
25 551
25 586
25 27
219 62
219 216
219 217
219 218
219 233
219 220
413 411
413 412
413 820
413 414
413 416
644 617
644 642
644 643
644 645
644 646
644 647
463 460
463 461
463 462
463 808
463 465
463 466
834 451
834 833
834 835
26 812
26 724
26 27
26 29
26 543
27 28
27 29
703 227
703 700
703 702
703 705
703 704
694 691
694 692
694 693
694 695
694 732
694 958
551 258
551 549
551 550
551 963
551 552
551 554
586 150
586 163
586 583
586 584
586 585
586 587
586 589
586 821
812 810
812 811
812 814
812 815
724 722
724 723
724 756
29 360
29 30
29 31
543 161
543 541
543 542
543 545
543 546
543 929
543 910
28 893
28 30
28 31
893 75
893 619
893 890
893 891
893 892
893 894
893 896
30 33
30 913
30 31
31 33
31 930
31 996
31 997
31 541
31 314
31 32
360 357
360 358
360 359
360 707
360 393
360 362
33 34
33 35
33 976
913 98
913 801
913 911
913 912
913 914
913 915
930 483
930 927
930 928
930 932
996 209
996 447
996 993
996 994
996 995
997 441
997 931
541 257
541 264
541 539
541 858
541 544
314 208
314 527
314 922
314 315
314 317
32 162
32 35
32 574
32 312
32 768
162 72
162 159
162 163
162 164
162 165
162 428
162 895
35 36
35 37
35 38
574 571
574 572
574 573
574 872
574 912
574 894
574 576
312 310
312 311
312 617
312 313
312 315
768 561
768 765
768 766
768 767
768 769
768 770
768 771
34 163
34 36
34 37
976 512
976 878
976 973
976 974
976 975
976 977
976 979
163 160
163 164
163 166
163 391
163 944
163 608
36 196
36 38
36 593
36 449
36 246
36 983
36 383
36 646
37 38
37 39
37 40
37 684
38 39
38 40
38 41
38 565
196 193
196 197
196 389
196 346
593 590
593 591
593 592
593 717
593 594
593 596
449 446
449 447
449 448
449 450
449 452
246 143
246 193
246 243
246 897
246 675
246 710
246 249
983 980
983 981
983 982
983 984
983 985
383 380
383 385
383 386
383 554
646 493
646 548
646 643
646 649
39 40
39 42
39 421
40 41
40 487
40 438
684 325
684 681
684 683
684 870
684 756
41 257
41 42
41 44
565 562
565 566
565 568
42 44
42 45
42 760
421 190
421 418
421 995
421 424
487 338
487 486
487 489
487 944
487 575
438 436
438 945
438 439
438 440
438 441
257 254
257 256
257 258
257 598
44 43
44 770
44 388
44 45
44 47
45 43
45 420
45 904
45 47
45 48
45 900
760 345
760 758
760 759
760 761
760 762
760 763
43 728
728 326
728 627
728 726
728 727
728 879
770 353
770 637
770 767
770 769
770 771
770 772
770 773
770 924
388 354
388 385
388 386
388 387
388 659
47 49
47 50
47 155
420 418
420 423
420 986
904 184
904 750
904 901
904 903
904 905
48 46
48 325
48 51
48 278
900 898
900 899
900 903
46 514
46 837
46 921
514 96
514 512
514 515
514 932
514 517
514 915
837 835
837 838
837 839
837 840
921 445
921 484
921 919
921 920
921 924
49 524
49 297
49 748
49 50
49 52
50 818
50 52
50 53
155 126
155 152
155 154
155 262
155 184
155 156
155 157
155 158
325 323
325 326
325 327
51 711
51 173
51 53
51 54
278 276
278 279
278 280
278 281
524 293
524 522
524 523
524 753
297 294
297 296
297 298
297 299
297 634
748 72
748 746
748 747
748 749
748 750
52 852
52 53
52 54
818 687
818 816
818 817
818 820
818 821
53 777
53 56
711 286
711 496
711 709
711 713
711 714
711 885
173 170
173 171
173 172
173 176
173 280
54 301
54 56
54 57
54 608
852 849
852 850
852 853
852 854
852 855
777 182
777 534
777 660
777 774
777 775
777 779
777 780
777 915
56 57
56 58
56 59
301 299
301 300
301 303
301 304
57 452
57 176
57 59
57 60
608 605
608 606
608 609
608 610
58 523
58 59
58 61
58 992
59 769
59 802
59 825
59 731
59 61
452 346
452 450
452 451
452 453
176 174
176 528
176 177
176 178
176 179
176 367
60 891
60 62
60 63
523 520
523 522
523 931
523 525
523 723
61 143
61 62
61 63
61 64
992 77
992 198
992 276
992 989
992 991
769 457
769 766
769 767
769 771
802 799
802 800
802 801
802 803
802 874
802 931
825 494
825 645
825 822
825 823
825 824
825 827
825 828
731 353
731 729
731 730
731 734
891 436
891 888
891 889
891 890
891 892
62 256
62 63
62 64
63 65
63 66
63 64
143 140
143 142
143 324
143 495
64 65
64 66
64 67
64 789
64 281
256 253
256 254
256 258
256 394
256 473
65 68
65 106
65 427
65 511
65 697
66 67
66 68
66 69
67 68
67 69
67 932
789 480
789 734
789 786
789 788
789 905
789 790
789 792
281 279
281 280
281 282
281 283
68 71
68 380
106 107
106 108
106 343
427 424
427 426
427 740
427 428
427 430
511 415
511 508
511 509
511 510
511 513
511 803
511 750
697 696
697 698
697 699
697 700
69 71
69 72
932 381
932 640
932 935
71 73
71 74
71 120
380 377
380 378
380 584
380 381
72 324
72 74
72 75
73 74
73 75
73 76
805 804
805 807
805 808
74 76
74 77
74 841
120 117
120 118
120 648
120 121
120 122
120 123
324 223
324 321
324 323
324 327
75 76
75 77
75 793
76 78
76 753
76 796
77 78
77 79
77 978
841 831
841 839
841 840
841 937
793 790
793 791
793 792
793 882
793 889
793 794
793 796
78 161
78 645
78 335
78 80
753 752
753 754
753 755
753 756
796 794
796 795
796 797
796 798
796 799
79 80
79 211
79 349
978 184
978 975
978 977
978 979
978 980
978 981
161 158
161 160
161 164
645 307
645 642
645 643
645 647
645 648
335 101
335 332
335 333
335 334
335 679
335 336
335 437
80 241
80 838
80 81
80 306
211 209
211 210
211 212
211 214
349 294
349 346
349 347
349 526
349 350
349 351
241 235
241 238
241 240
241 295
241 564
241 243
241 244
838 307
838 369
838 538
838 713
838 836
838 840
81 83
81 84
306 279
306 303
306 304
306 305
306 308
306 309
306 815
83 674
83 970
83 84
83 86
84 85
84 86
84 87
84 442
872 224
872 865
872 875
877 316
877 375
877 573
877 874
877 875
877 876
877 879
674 195
674 212
674 221
674 564
674 671
674 672
674 673
674 677
970 673
970 967
970 968
970 969
970 971
970 973
86 85
86 87
86 88
86 89
85 888
85 88
87 88
87 89
87 90
87 415
442 293
442 439
442 440
442 493
442 444
888 765
888 886
888 889
888 890
88 89
88 90
88 91
89 130
89 90
89 92
89 443
90 165
90 104
90 92
90 93
415 228
415 412
415 414
91 92
91 93
91 94
130 128
130 129
130 132
130 133
130 627
92 589
92 94
92 95
443 311
443 441
443 446
165 164
165 166
165 167
165 168
165 419
104 101
104 102
104 103
104 105
104 826
93 94
93 95
94 97
94 354
94 704
94 96
589 321
589 587
589 588
589 835
589 590
589 591
589 719
95 98
95 358
95 213
95 631
95 320
97 96
97 98
97 99
97 100
97 948
354 272
354 340
354 352
354 353
354 355
354 356
354 357
704 213
704 410
704 701
704 702
704 706
96 907
96 656
96 440
98 99
98 101
358 355
358 356
358 357
358 361
358 490
213 146
213 210
213 214
213 216
213 633
631 519
631 630
631 776
631 632
631 633
320 111
320 317
320 319
320 321
907 906
907 908
907 909
907 910
656 653
656 654
656 655
656 657
656 658
440 437
440 439
440 643
99 100
99 101
99 102
99 305
100 101
100 102
100 103
948 343
948 398
948 945
948 947
948 949
948 950
101 553
101 650
101 336
102 386
102 105
102 890
305 302
305 303
305 485
305 308
103 105
103 821
103 214
553 552
553 554
553 555
553 556
650 184
650 647
650 649
650 651
650 652
336 577
336 338
336 339
386 384
386 385
386 389
386 654
105 417
105 780
105 619
105 108
105 887
105 313
890 300
890 547
890 819
890 887
890 889
890 892
821 819
821 823
821 824
214 289
214 869
214 791
214 470
214 215
214 217
826 117
826 243
826 245
826 823
826 824
826 827
826 829
417 416
417 419
417 917
780 497
780 781
780 782
619 455
619 616
619 621
619 649
108 942
108 111
108 782
108 469
108 984
887 222
887 884
887 885
887 964
313 310
313 848
313 315
313 316
313 859
107 110
107 122
343 341
343 342
343 346
110 389
110 526
110 112
110 113
110 662
110 217
122 119
122 121
122 123
122 124
122 125
942 381
942 941
942 944
111 113
111 539
782 239
782 779
782 781
782 784
782 785
469 466
469 467
469 468
469 847
469 472
984 404
984 982
984 986
984 987
238 236
238 239
238 371
112 113
112 114
112 115
389 124
389 387
389 390
526 423
526 527
526 528
526 529
526 831
113 404
113 115
113 116
113 783
662 183
662 661
662 663
662 951
217 216
217 220
539 536
539 538
539 939
539 542
114 929
114 116
114 117
114 701
115 356
115 548
115 116
404 402
404 403
404 405
404 406
404 407
404 669
116 580
116 117
116 118
783 506
783 781
783 784
783 786
929 391
929 926
929 928
117 950
117 119
701 181
701 698
701 699
701 700
701 943
701 702
356 355
356 357
356 501
548 368
548 486
548 501
548 546
548 550
580 479
580 577
580 579
580 581
580 582
118 207
118 119
950 596
950 947
950 952
119 277
119 121
207 153
207 204
207 205
207 206
207 208
207 210
277 225
277 274
277 275
277 845
277 279
121 123
121 124
648 489
648 647
648 733
648 736
123 792
123 125
123 126
124 362
124 623
124 125
124 126
125 647
125 372
125 127
792 263
792 428
792 790
792 791
792 794
792 885
126 129
126 482
126 127
362 359
362 364
362 365
623 204
623 620
623 621
623 622
623 624
623 626
647 178
647 649
372 373
372 374
372 375
127 129
127 908
127 332
127 408
127 128
129 128
129 132
129 966
129 979
482 480
482 481
482 484
482 485
908 670
908 905
908 906
908 909
908 910
332 329
332 330
332 331
332 333
332 334
408 406
408 407
408 584
408 756
408 409
128 131
131 132
131 134
131 857
132 133
132 134
132 240
966 963
966 964
966 965
966 968
966 969
979 134
979 977
979 981
133 451
133 134
133 135
133 136
133 169
627 624
627 626
627 629
627 630
134 135
134 137
134 429
857 854
857 858
857 859
857 860
240 237
240 242
240 243
451 453
135 136
135 137
135 138
136 583
136 137
136 139
169 166
169 168
169 170
169 747
137 867
137 139
137 140
137 500
429 426
429 430
429 431
429 432
138 140
138 508
138 232
583 183
583 581
583 582
583 585
139 522
139 140
139 141
139 315
867 470
867 864
867 865
867 869
867 870
140 545
140 493
140 765
500 192
500 497
500 498
500 499
500 501
500 507
508 506
508 509
508 990
508 640
232 229
232 230
232 231
232 233
232 234
232 235
232 750
522 519
522 520
522 681
522 986
141 547
141 142
141 817
315 274
315 316
315 317
315 318
545 407
545 542
545 544
545 547
545 560
545 767
545 957
493 491
493 492
493 494
493 495
765 762
765 763
765 767
547 546
547 749
547 816
142 333
142 145
142 502
817 814
817 815
817 816
817 819
817 820
333 330
333 331
333 334
333 924
145 195
145 581
145 146
145 763
502 499
502 501
502 503
495 276
495 492
495 497
720 185
720 717
720 718
720 719
720 722
720 723
147 149
147 150
147 861
347 344
347 348
347 350
195 192
195 193
195 194
195 197
195 761
581 348
581 579
581 582
146 653
146 148
146 149
763 174
763 761
763 762
763 766
653 651
653 652
653 654
653 655
148 150
148 151
149 659
149 150
149 151
149 152
150 151
150 604
861 846
861 859
861 862
861 863
861 864
151 153
151 154
151 925
659 273
659 657
659 658
659 660
659 661
152 967
152 153
152 154
604 602
604 603
604 605
604 606
153 474
153 156
153 927
154 652
154 156
154 157
925 190
925 790
925 830
925 922
925 923
925 982
925 928
967 755
967 964
967 965
967 968
474 339
474 471
474 472
474 475
474 477
156 935
156 828
156 157
156 158
927 552
927 924
927 926
927 928
652 651
652 654
157 158
157 159
157 160
262 259
262 260
262 261
262 263
262 264
184 181
184 182
184 183
184 186
158 961
158 159
935 933
935 936
935 937
935 938
828 742
828 827
828 831
159 348
159 718
159 759
159 160
160 986
961 787
961 960
961 962
961 963
961 964
348 346
348 603
718 716
718 814
718 721
759 756
759 758
759 761
759 762
986 374
986 870
986 985
164 202
164 784
164 693
428 344
428 425
428 430
895 892
895 897
895 898
166 167
166 883
391 295
391 390
391 393
391 394
944 191
944 194
944 941
944 943
944 945
944 947
202 199
202 200
202 205
202 879
784 318
784 781
784 785
784 786
784 787
693 503
693 692
693 696
693 985
167 641
167 579
167 431
167 188
168 170
168 171
419 365
419 416
419 418
419 436
419 695
883 800
883 880
883 884
883 912
641 261
641 638
641 640
641 643
641 654
579 289
579 350
579 576
579 582
431 432
431 434
188 185
188 186
188 187
188 851
188 189
188 190
188 191
170 171
170 658
170 601
171 172
171 174
747 505
747 746
747 749
747 750
658 283
658 655
658 781
658 660
601 598
601 599
601 602
601 603
172 174
172 212
174 606
212 209
212 616
212 215
212 401
280 279
280 283
606 603
376 373
376 374
376 375
376 709
376 377
376 378
528 527
528 530
528 531
177 178
177 179
177 180
178 198
178 180
178 181
178 839
179 180
179 181
179 182
367 364
367 365
367 366
367 369
367 370
180 426
180 751
180 181
180 182
198 200
198 201
181 865
181 801
181 183
839 836
839 840
182 185
426 425
426 855
426 567
751 749
751 752
751 754
865 862
865 863
865 864
865 866
865 868
801 799
801 800
183 185
183 186
185 680
185 186
186 309
186 189
680 677
680 678
680 679
680 681
680 683
309 308
309 310
309 311
309 536
189 187
189 668
189 190
189 192
187 331
187 190
331 328
331 329
331 330
331 373
331 955
190 829
190 191
851 311
851 377
851 848
851 849
851 910
851 853
851 854
191 194
191 456
191 192
668 300
668 666
668 669
668 670
668 671
192 193
192 194
192 716
829 856
829 830
829 832
194 197
456 453
456 454
456 455
456 457
456 458
716 713
716 714
716 715
716 717
197 199
197 459
197 494
761 267
761 534
761 758
761 788
346 344
346 345
346 850
199 200
199 201
459 344
459 458
459 460
459 461
494 491
494 492
494 496
494 497
200 201
200 847
201 203
201 366
201 210
201 820
201 221
847 629
847 743
847 848
847 850
203 885
203 374
366 363
366 364
366 365
366 368
366 369
210 208
210 209
820 822
221 218
221 220
221 488
221 952
221 222
221 223
221 224
205 204
205 206
205 208
879 876
879 977
879 880
879 881
885 884
885 886
374 371
374 373
374 715
374 377
204 274
274 272
274 273
274 609
206 208
206 209
206 823
208 871
823 822
871 529
871 709
871 868
871 869
871 873
871 874
871 882
616 613
616 614
616 615
616 683
215 853
215 216
215 218
401 402
401 403
216 218
633 632
633 635
633 636
289 286
289 287
289 288
289 290
869 866
869 868
869 870
791 788
791 790
470 368
470 467
470 468
470 472
470 473
853 850
853 854
853 855
853 856
218 220
220 779
220 910
220 222
220 223
233 231
233 234
233 235
779 296
779 334
779 776
910 909
910 912
222 225
222 223
222 224
223 226
223 373
223 568
223 224
488 485
488 486
488 489
488 491
952 951
952 953
952 955
224 225
224 226
224 227
224 272
224 433
225 227
225 715
225 690
226 227
226 228
226 229
373 352
373 370
373 371
373 940
568 457
568 567
568 569
568 570
227 229
227 230
227 957
272 269
272 270
272 271
433 513
433 833
433 873
433 436
715 712
715 714
715 717
715 926
690 534
690 687
690 688
690 689
690 691
690 692
228 229
228 230
228 231
229 230
229 231
230 231
230 434
957 403
957 432
957 698
957 954
957 955
957 956
957 959
231 234
434 432
434 435
434 436
434 437
234 235
234 236
234 237
235 468
235 567
750 734
750 749
750 756
236 237
236 239
237 291
237 560
237 445
468 466
468 467
468 471
567 564
567 566
567 569
567 570
239 302
239 255
239 416
291 288
291 290
291 292
291 293
291 294
560 557
560 558
560 559
560 685
560 562
445 444
445 446
445 447
371 368
371 369
371 370
302 303
302 304
255 252
255 253
255 254
255 258
255 678
416 414
416 418
416 635
242 243
242 244
242 245
243 244
243 245
295 293
295 296
564 400
564 562
564 563
244 787
244 245
244 247
245 897
245 247
787 786
787 788
787 790
247 275
897 894
897 896
897 898
897 899
675 672
675 673
675 678
675 859
710 707
710 708
710 709
710 712
710 995
249 337
249 375
249 252
275 276
275 378
811 808
811 810
480 261
480 477
480 478
480 479
480 483
337 334
337 850
337 339
337 340
375 377
375 858
252 679
252 856
252 253
252 254
251 696
251 664
251 254
696 695
696 698
696 699
664 387
664 663
664 665
664 666
254 253
679 677
679 678
856 854
856 855
856 858
856 859
253 807
807 804
807 806
807 810
258 260
258 261
678 676
678 677
678 681
394 393
394 396
394 397
473 471
473 472
473 475
598 595
598 596
598 597
598 599
598 600
260 263
260 617
260 691
261 259
261 264
261 585
259 299
259 959
299 296
299 298
299 683
299 300
959 886
959 919
959 956
959 958
959 960
263 264
617 614
617 615
691 405
691 406
691 689
691 692
264 266
264 624
585 552
585 582
585 584
585 588
266 577
266 268
266 269
266 977
266 756
624 625
624 626
577 575
577 576
577 949
268 269
268 271
268 785
268 507
269 267
269 270
269 271
977 974
977 975
756 754
267 270
267 622
267 307
270 365
270 271
622 620
622 621
622 625
622 757
307 304
307 308
307 310
271 785
271 273
785 786
785 788
507 379
507 505
507 509
507 510
365 363
365 364
365 368
273 276
276 353
276 370
276 279
609 610
609 612
609 654
378 708
378 379
378 381
353 351
353 455
370 369
370 479
279 282
845 843
845 846
845 848
282 424
282 283
282 284
282 285
283 284
283 285
424 425
424 491
284 285
284 286
284 287
285 471
285 286
285 287
286 287
287 290
287 550
287 288
471 870
471 472
471 960
290 288
290 292
290 293
290 355
290 854
550 430
550 549
550 552
292 293
292 294
292 344
292 444
293 296
355 352
294 296
344 341
344 342
344 804
444 345
444 441
444 803
444 446
444 447
296 298
296 549
298 450
298 300
549 546
634 632
634 636
634 637
450 448
450 453
683 483
683 681
683 686
683 786
683 695
303 304
304 843
843 840
843 846
485 483
485 484
485 486
485 529
308 310
308 311
815 657
815 813
815 816
310 994
310 311
310 949
311 499
536 534
536 538
994 991
994 993
994 995
949 671
949 946
949 947
499 497
499 498
499 501
848 846
848 850
316 317
316 318
316 319
859 833
859 860
527 525
527 709
527 757
922 919
922 920
922 923
922 924
317 774
317 319
318 321
318 552
318 319
319 321
774 771
774 772
774 773
774 775
774 776
774 969
774 831
321 713
713 689
713 712
713 954
323 326
361 359
361 363
361 364
361 989
491 489
491 490
477 475
477 478
477 479
326 328
326 329
327 903
327 328
327 329
327 330
328 329
328 330
329 525
329 990
903 901
903 906
990 804
990 987
990 988
990 991
955 953
955 954
955 958
924 923
437 435
437 436
437 439
338 339
338 341
339 340
339 341
850 849
340 342
340 409
341 342
342 345
409 406
409 410
409 412
409 960
804 632
804 803
350 649
350 555
350 351
603 602
603 605
351 860
351 941
351 516
351 352
649 518
649 651
555 556
555 557
555 558
555 721
860 858
860 862
860 863
941 938
941 939
941 940
941 943
516 513
516 515
516 517
516 518
516 596
352 918
918 917
918 968
918 920
455 453
455 454
357 387
501 498
501 503
387 384
387 799
490 461
490 492
707 705
707 706
707 708
707 709
707 752
707 870
393 390
393 933
393 395
393 396
393 576
363 364
989 987
989 988
989 991
479 478
479 481
479 535
940 875
940 937
940 938
940 943
377 379
858 432
858 855
709 706
709 712
379 566
379 381
379 382
708 559
708 705
708 706
381 798
381 625
381 886
381 382
381 384
566 934
566 569
382 385
382 520
382 798
798 795
798 797
798 799
798 800
625 626
886 884
886 889
384 385
385 642
520 517
520 518
554 556
554 557
642 643
654 602
654 651
654 880
799 559
799 797
799 800
390 605
605 481
605 602
484 483
933 909
933 936
395 397
395 398
395 721
396 397
396 686
396 399
576 573
576 575
397 398
397 399
397 400
398 399
398 754
721 719
721 722
721 723
686 685
686 687
686 688
686 689
399 836
399 400
399 402
399 410
400 962
400 483
400 402
400 403
754 489
754 755
836 835
402 403
402 405
410 407
410 411
410 412
962 960
962 964
962 965
483 481
483 866
483 486
483 663
403 405
405 740
405 618
405 406
406 407
669 666
669 667
669 722
669 827
669 671
669 672
740 738
740 739
740 742
740 743
618 531
618 620
618 621
412 411
412 414
960 958
411 414
414 563
563 561
563 643
563 947
635 637
635 638
917 914
917 919
917 920
436 435
695 692
423 425
423 757
995 465
995 993
513 512
513 515
425 822
757 755
757 946
757 758
822 819
822 824
430 432
430 486
486 489
833 830
833 831
873 874
873 875
873 876
435 660
435 621
660 657
660 663
621 460
621 620
439 441
945 868
643 640
446 447
446 448
803 800
803 806
447 510
447 562
447 448
448 938
510 509
510 512
562 559
562 561
938 939
453 454
453 600
454 457
600 597
600 599
600 939
457 460
458 460
458 968
460 461
460 462
968 702
968 969
461 462
461 464
462 464
462 465
464 465
464 466
464 467
465 939
465 466
465 467
808 806
808 810
466 676
466 467
939 685
939 936
939 937
676 677
472 475
870 868
475 478
478 481
497 496
535 519
535 532
535 533
535 534
535 898
866 863
866 864
866 868
663 661
663 767
529 532
489 492
575 572
496 594
496 498
594 591
594 592
594 901
594 596
498 673
673 670
673 671
673 672
503 506
506 505
506 509
509 878
509 512
640 637
640 638
640 953
878 875
878 876
878 881
512 515
515 517
515 531
517 519
517 816
915 914
531 530
531 532
531 534
531 544
518 519
596 595
596 597
816 814
681 733
931 928
931 934
723 722
831 832
530 532
530 533
532 533
532 534
533 534
533 542
544 542
544 546
898 896
898 899
898 901
936 846
936 934
936 937
767 766
749 746
749 752
963 630
963 964
963 965
556 557
556 558
556 559
557 558
557 559
558 559
558 561
558 665
665 629
665 714
685 687
685 688
947 946
934 937
569 570
569 571
570 881
570 571
570 572
570 573
571 572
571 573
881 863
881 884
572 573
573 629
629 626
629 630
912 909
912 911
912 914
894 892
894 896
582 592
592 590
592 591
592 595
588 587
588 590
588 591
587 590
587 688
590 591
688 687
688 689
835 832
719 717
719 722
595 597
717 714
901 899
597 599
599 602
610 611
610 612
610 613
612 611
612 614
612 615
611 613
611 614
613 614
613 615
614 615
615 758
758 755
630 632
776 773
776 775
636 637
636 638
637 638
638 956
956 953
956 954
956 958
953 951
733 730
733 732
733 734
733 736
736 735
736 737
736 738
736 739
655 657
880 882
661 973
973 671
973 971
973 974
666 667
714 712
667 670
670 671
671 672
827 824
827 830
687 689
692 737
737 734
737 735
737 738
737 928
985 982
985 987
985 988
732 729
732 730
732 734
732 832
698 699
698 700
699 700
699 702
700 702
702 705
943 946
705 706
706 965
965 964
752 755
926 923
814 813
726 727
726 729
727 729
727 730
729 730
734 832
734 846
734 830
832 909
846 800
735 738
738 739
739 742
742 743
755 981
981 980
981 982
788 790
771 772
771 773
772 773
772 775
773 775
969 971
905 906
794 795
794 797
882 884
889 892
795 797
797 800
874 875
874 876
810 813
813 875
909 906
862 863
862 864
863 864
896 899
911 914
919 920
920 923
982 980
971 974
974 975
987 988
988 991
991 993
1
