1000 1 1000
1 2
1 1000
2 3
3 38
38 37
38 39
4 5
5 6
6 7
7 60
60 59
60 61
8 825
825 824
825 826
9 10
9 999
10 11
11 12
12 13
13 308
13 14
308 307
14 138
138 137
138 139
15 312
15 16
312 311
16 17
16 123
17 18
17 864
123 122
18 165
864 398
864 863
165 164
165 741
165 166
19 20
20 21
21 22
22 23
23 24
24 25
24 104
25 154
104 103
154 153
154 155
26 984
984 983
984 985
27 28
27 608
28 609
28 29
29 30
30 642
642 641
642 643
31 32
32 33
33 34
34 35
34 771
35 36
771 770
36 37
39 404
404 403
404 405
40 41
41 42
42 440
440 439
440 441
43 44
44 338
44 45
338 663
45 46
46 47
47 306
47 48
306 305
48 49
49 50
50 180
180 179
180 973
51 52
52 53
53 54
54 55
55 56
56 57
57 502
502 501
502 503
58 59
59 380
59 875
380 379
875 874
61 717
61 62
717 716
62 63
63 64
64 65
65 66
66 67
66 371
67 68
371 370
68 69
69 70
70 71
71 975
71 72
975 458
72 73
72 946
73 74
946 945
74 75
75 809
75 76
76 77
76 656
77 164
656 655
164 163
164 937
78 503
78 79
79 80
80 81
81 82
82 794
794 631
794 793
83 84
83 976
84 85
85 951
85 816
951 190
951 950
816 815
816 965
86 332
332 331
332 689
87 574
87 88
574 573
88 89
89 90
90 91
91 92
92 93
93 94
94 95
95 438
438 437
438 439
96 97
97 98
98 99
99 723
99 100
99 677
723 722
100 101
677 676
101 102
102 103
105 988
988 987
988 989
106 113
113 112
113 114
107 108
107 854
108 109
854 795
854 853
109 110
110 647
647 358
647 648
111 112
114 115
115 937
116 117
117 965
117 118
965 964
118 119
119 120
120 410
410 409
410 411
121 122
124 125
125 126
126 458
127 128
128 129
129 130
130 131
131 132
132 133
132 598
133 134
134 135
135 266
135 136
266 265
136 137
139 140
140 196
196 195
196 197
141 142
142 454
454 453
454 455
143 144
144 585
144 743
585 584
743 742
743 744
145 146
146 147
147 337
147 148
148 149
149 150
150 151
151 873
873 872
873 874
152 153
155 156
156 157
157 158
158 159
159 160
160 161
160 395
161 162
161 523
395 394
162 163
741 740
166 167
167 543
167 168
543 542
168 169
169 170
170 171
170 907
171 172
172 173
172 886
173 982
886 885
982 427
982 981
174 175
175 176
176 177
177 349
349 348
349 350
178 690
178 589
690 689
690 899
589 588
589 590
179 495
495 494
495 546
495 967
973 972
973 974
181 182
181 240
182 819
240 239
819 818
819 820
183 212
183 941
212 211
212 213
941 940
184 407
407 406
407 408
185 186
186 187
187 243
243 242
243 244
188 189
189 190
190 756
756 234
191 192
192 193
192 710
193 906
193 620
906 905
620 619
620 621
194 195
197 198
198 199
199 200
200 201
200 247
201 202
247 246
202 203
203 204
204 205
205 206
206 207
207 208
208 209
209 210
210 211
211 776
776 775
213 214
214 215
215 216
216 217
217 251
251 250
251 252
218 219
219 832
832 831
832 833
220 754
220 221
754 753
221 222
222 223
223 932
223 484
932 931
932 933
484 483
224 225
225 226
226 227
227 228
228 229
229 230
230 649
649 648
649 650
231 232
232 233
233 234
234 554
235 831
831 830
236 237
237 238
238 687
687 325
687 686
687 688
241 242
244 245
245 246
248 249
248 898
249 250
898 897
252 796
252 493
252 974
796 431
493 492
253 836
253 254
253 840
254 286
254 255
840 457
840 839
286 285
255 256
256 257
257 258
258 259
258 472
259 260
472 471
260 772
260 261
261 525
261 262
525 524
262 263
263 264
264 265
267 268
268 269
269 270
270 879
270 471
879 363
879 878
471 470
271 272
272 273
273 274
274 275
275 276
276 277
277 651
651 650
651 652
278 279
279 861
861 411
861 860
861 862
280 281
280 800
281 282
800 799
282 283
283 284
284 285
287 288
288 289
289 290
290 291
291 292
292 978
292 351
978 977
978 979
293 425
293 294
425 424
294 295
295 296
296 297
297 298
298 299
299 584
584 583
300 301
301 302
302 604
604 603
604 605
303 304
304 305
309 488
488 487
488 489
310 311
313 314
313 837
314 315
315 699
699 698
699 700
316 317
317 318
318 319
319 899
320 321
321 322
322 323
323 324
324 325
326 327
327 328
328 329
329 813
813 801
813 814
330 331
689 688
333 334
334 335
335 391
335 336
391 390
336 805
805 804
805 806
663 662
339 340
339 375
340 341
375 374
375 557
341 342
342 343
343 344
344 345
345 346
346 667
667 666
667 668
347 348
350 680
680 679
680 681
352 353
353 354
354 355
355 356
356 357
357 358
359 360
360 361
361 362
362 363
364 365
364 510
365 960
510 509
960 959
960 961
366 367
367 368
368 369
369 370
369 482
369 607
482 378
482 481
607 498
607 606
607 625
372 373
373 374
557 556
376 377
377 378
381 382
382 383
383 384
384 385
385 386
386 387
387 388
388 389
389 390
392 393
393 394
396 397
396 447
397 398
447 446
399 400
400 401
401 402
402 403
403 926
405 406
408 409
412 664
664 665
664 745
413 414
414 415
415 416
416 417
417 418
417 943
418 419
943 727
943 942
419 420
420 421
421 422
422 423
423 424
426 427
427 428
428 429
429 430
430 431
431 432
432 433
433 434
434 435
435 436
436 925
436 437
925 924
441 442
442 443
443 444
444 445
445 446
448 449
449 450
450 451
451 452
452 453
455 456
456 457
459 460
460 461
461 971
461 462
971 835
971 970
462 463
463 464
464 465
465 466
466 467
467 669
669 668
669 670
468 469
469 470
473 474
474 475
475 476
476 968
968 969
477 478
478 520
520 519
520 521
479 577
577 576
577 578
480 481
485 629
485 486
629 597
629 628
629 657
486 487
489 490
490 491
491 492
546 545
967 966
496 497
496 915
496 998
497 498
915 914
998 997
499 500
500 501
504 645
645 644
645 646
505 601
505 506
601 600
506 507
507 508
508 509
508 928
928 842
928 927
511 512
512 513
513 514
514 522
514 515
522 521
515 516
516 742
517 518
518 519
526 527
527 528
528 529
529 530
529 808
530 531
808 807
531 532
532 533
533 534
534 535
535 536
536 537
537 538
538 539
539 540
540 541
541 542
544 545
547 548
548 549
549 550
550 551
551 552
552 553
553 785
785 784
785 786
555 556
558 559
559 560
560 561
561 562
562 563
563 564
564 565
565 566
566 567
567 568
568 569
568 955
569 570
955 954
570 571
571 572
572 573
573 590
575 958
958 957
958 959
578 579
579 580
580 581
581 582
582 583
586 863
863 862
587 588
591 592
592 593
593 594
594 655
595 596
595 894
596 597
894 893
599 600
602 603
605 812
605 606
812 811
625 624
610 611
611 612
612 613
613 614
614 615
615 616
616 617
617 618
618 619
621 622
622 755
622 623
623 624
626 627
627 628
630 631
631 632
632 633
633 634
634 701
701 700
701 702
635 636
636 637
637 638
638 639
639 640
640 641
643 644
646 848
848 847
848 849
652 653
653 654
654 821
821 820
821 822
658 659
659 660
660 814
814 815
661 662
665 666
745 744
670 671
671 672
672 673
673 674
674 675
675 676
678 679
681 682
682 683
683 684
684 685
685 686
691 692
692 693
693 694
694 847
847 846
695 696
696 697
697 698
702 703
703 865
703 704
704 705
705 706
706 707
707 708
708 709
709 910
910 909
910 911
711 712
712 713
713 714
714 715
715 716
718 995
995 994
995 996
719 720
720 721
720 833
720 934
721 722
934 933
724 733
724 725
733 732
725 726
726 727
728 729
729 730
730 731
731 732
734 735
735 736
736 737
737 738
738 739
739 740
739 917
917 916
746 747
747 748
747 782
748 749
782 781
749 750
750 751
751 752
752 753
757 758
758 759
759 760
760 761
761 762
762 763
763 764
764 773
764 765
765 766
766 767
767 768
768 769
769 770
774 775
777 778
778 779
779 780
780 781
783 784
786 787
787 788
788 789
789 790
790 791
791 798
791 792
798 797
792 793
802 803
803 804
806 807
810 811
817 818
822 823
823 824
826 827
827 828
828 829
828 936
829 830
936 935
834 843
843 844
838 839
841 842
844 845
845 846
849 850
850 851
851 852
852 853
855 856
856 857
857 858
858 859
859 860
866 867
867 868
868 996
868 869
869 870
870 871
871 872
876 877
877 878
880 881
881 882
882 883
883 884
884 885
887 888
888 889
889 890
890 891
891 892
892 893
895 896
896 897
900 901
901 902
902 903
903 904
904 905
908 909
911 912
912 913
913 914
918 919
919 920
920 921
921 922
922 923
923 924
929 930
930 931
938 939
939 940
944 945
947 948
948 949
949 950
952 953
953 954
956 957
961 962
962 963
963 964
969 970
972 979
980 981
985 986
986 987
989 990
990 991
991 992
992 993
993 994
1
