1000 1 3000
1 2
1 3
1 4
1 998
1 999
1 1000
2 3
2 5
2 999
2 597
2 119
3 4
3 5
3 6
3 631
4 5
4 6
4 165
4 635
998 995
998 997
998 999
998 1000
999 180
999 996
999 997
1000 757
1000 779
1000 899
1000 997
5 6
5 7
5 8
5 164
597 270
597 595
597 596
597 598
597 599
119 116
119 118
119 528
119 122
6 7
6 8
6 9
6 696
631 298
631 318
631 628
631 629
631 630
631 632
165 35
165 162
165 163
165 164
165 166
165 168
165 507
635 632
635 633
635 634
635 681
635 637
635 638
7 9
7 10
7 441
8 9
8 11
8 875
8 166
164 162
164 163
164 455
164 904
164 345
9 10
9 11
9 830
696 201
696 693
696 694
696 695
696 697
10 11
10 12
10 13
441 326
441 341
441 438
441 439
441 440
441 442
441 444
11 967
11 12
11 14
875 371
875 872
875 873
875 876
875 877
166 163
166 167
166 247
830 612
830 827
830 828
830 829
830 833
830 831
830 832
12 13
12 14
12 15
12 500
12 728
13 103
13 14
13 15
13 16
967 882
967 964
967 965
967 966
967 969
967 970
14 15
14 17
14 853
14 406
14 448
15 993
15 18
15 116
500 421
500 428
500 498
500 499
500 503
728 38
728 42
728 200
728 725
728 726
728 727
728 811
728 729
103 101
103 102
103 104
103 105
103 591
103 207
103 248
16 385
16 850
16 18
16 19
17 549
17 18
17 20
853 850
853 851
853 852
853 854
853 856
406 404
406 405
406 580
406 407
406 408
448 445
448 446
448 447
448 450
448 530
993 127
993 197
993 990
993 992
993 994
18 46
18 19
18 20
18 21
18 959
116 115
116 117
116 153
385 382
385 383
385 384
385 386
385 387
385 388
850 697
850 847
850 848
850 852
19 723
19 21
19 22
549 546
549 550
549 551
549 552
549 941
549 572
549 678
20 21
20 22
20 23
46 43
46 44
46 47
46 48
21 176
21 22
21 23
959 958
959 961
959 960
723 720
723 721
723 724
723 725
723 726
22 23
22 24
22 25
22 318
23 24
23 25
23 26
176 173
176 174
176 175
176 391
176 177
176 178
176 280
24 25
24 26
24 27
25 26
25 27
25 28
318 315
318 316
318 321
318 676
318 319
26 325
26 27
26 28
27 28
27 29
27 30
28 29
28 30
28 31
325 323
325 324
325 326
325 327
325 328
29 831
29 30
29 31
29 32
30 33
30 31
30 32
31 34
31 932
31 81
31 32
831 104
831 828
831 829
831 833
831 834
32 34
32 35
32 739
33 34
33 885
33 760
34 35
34 36
34 37
34 499
932 845
932 929
932 930
932 931
932 933
81 78
81 79
81 80
81 83
81 84
81 120
35 38
35 275
35 572
739 190
739 410
739 736
739 737
739 738
739 741
885 152
885 388
885 882
885 884
885 886
885 888
760 742
760 757
760 758
760 759
760 762
760 763
36 37
36 38
36 39
37 38
37 39
37 40
499 45
499 120
499 496
499 497
499 498
499 692
38 40
38 41
38 229
275 272
275 273
275 274
275 706
275 276
275 277
275 278
572 131
572 570
572 571
572 574
39 40
39 41
39 216
40 41
40 42
40 43
41 42
41 43
41 44
229 226
229 227
229 228
229 230
229 231
216 213
216 214
216 215
216 398
216 217
216 218
216 219
216 414
42 419
42 43
42 44
43 44
43 45
44 47
44 764
419 417
419 418
419 420
419 422
419 440
45 47
45 48
47 48
47 49
47 50
764 532
764 761
764 762
764 763
764 765
764 766
48 362
48 49
48 50
48 51
49 50
49 51
49 52
50 51
50 52
50 53
362 360
362 361
362 803
362 364
362 951
51 564
51 53
51 855
52 403
52 53
52 55
52 602
53 676
53 54
53 55
53 56
564 290
564 561
564 563
564 565
564 566
564 567
855 207
855 852
855 854
855 856
855 857
403 400
403 402
403 483
403 994
403 404
403 405
55 54
55 56
55 57
55 58
602 521
602 599
602 600
602 601
602 872
602 603
676 673
676 674
676 717
676 913
54 470
54 56
54 57
56 57
56 58
56 59
470 469
470 843
470 472
470 473
57 888
57 58
57 59
57 60
58 846
58 624
58 60
58 61
59 140
59 205
59 62
888 574
888 695
888 886
888 887
888 890
60 206
60 61
60 62
60 63
846 843
846 844
846 845
846 848
846 849
624 621
624 622
624 623
624 709
624 625
624 627
61 62
61 63
61 64
140 137
140 138
140 141
140 142
140 143
205 202
205 203
205 204
205 208
205 914
205 695
62 65
62 949
62 63
62 64
206 203
206 204
206 207
206 209
63 65
63 274
63 64
64 66
64 67
64 509
65 66
65 67
65 68
949 234
949 392
949 592
949 946
949 948
949 952
274 271
274 273
274 276
274 277
274 346
66 67
66 68
66 69
67 68
67 69
67 70
67 276
509 321
509 506
509 510
509 511
509 512
68 71
68 363
68 673
69 737
69 71
69 72
70 161
70 71
70 72
70 73
276 273
276 277
276 279
71 72
71 73
71 74
363 360
363 361
363 364
363 365
363 366
673 310
673 670
673 671
673 672
673 801
673 675
737 735
737 736
737 738
737 740
72 74
72 75
72 839
161 158
161 159
161 160
161 162
161 163
73 292
73 74
73 75
73 76
74 75
74 76
74 77
74 437
75 76
75 78
75 473
839 309
839 674
839 836
839 840
839 841
292 289
292 291
292 758
292 313
292 769
76 77
76 78
76 79
77 78
77 79
77 438
437 434
437 435
437 436
437 439
437 440
78 803
78 79
78 80
473 471
473 518
473 849
473 474
473 475
79 80
79 82
438 435
438 439
438 440
803 800
803 805
803 806
80 83
80 751
82 947
82 83
82 84
82 447
83 84
83 85
83 86
751 748
751 749
751 750
751 752
751 753
751 754
84 99
84 85
84 86
120 117
120 118
120 921
120 121
120 122
947 607
947 944
947 945
947 946
947 948
447 444
447 445
447 446
447 449
447 450
85 648
85 856
85 854
85 87
85 88
85 763
86 247
86 87
86 88
86 89
99 96
99 98
99 100
99 102
99 559
648 645
648 646
648 647
648 649
648 650
856 287
856 416
856 854
856 986
856 858
856 859
854 836
854 852
87 335
87 468
87 88
87 89
87 90
88 324
88 715
88 89
88 90
88 950
763 761
763 765
247 244
247 246
247 248
247 250
89 380
89 90
89 92
335 147
335 332
335 333
335 334
335 867
335 336
335 337
468 248
468 465
468 466
468 467
468 578
90 882
90 91
90 92
90 93
90 190
324 322
324 323
324 326
324 327
324 642
715 709
715 712
715 713
715 714
715 718
950 948
950 952
950 953
380 377
380 378
380 381
380 382
380 383
92 91
92 671
92 94
92 95
882 791
882 879
882 881
882 883
91 930
91 94
93 94
93 95
93 96
190 188
190 189
190 193
190 919
190 191
930 632
930 927
930 928
930 929
930 931
94 97
94 353
94 890
94 95
671 243
671 483
671 485
671 668
671 669
671 670
95 97
95 98
95 96
96 97
96 117
96 255
97 98
97 835
97 100
353 350
353 352
353 354
353 355
353 568
890 887
890 892
890 893
98 100
98 101
98 425
98 131
117 115
117 170
117 118
255 252
255 253
255 254
255 258
255 494
255 375
835 114
835 832
835 833
835 834
835 836
835 837
835 838
100 102
100 226
100 616
100 180
101 102
101 104
425 422
425 423
425 424
425 426
425 534
131 128
131 129
131 130
131 132
131 134
102 104
102 105
102 837
559 556
559 558
559 936
559 560
559 561
559 562
226 223
226 224
226 228
226 721
616 613
616 614
616 618
616 619
180 177
180 178
180 179
180 946
180 181
180 182
104 547
104 106
104 107
104 272
105 929
105 106
105 107
105 108
837 834
837 838
837 840
591 588
591 589
591 590
591 593
591 594
207 204
207 965
207 625
248 246
248 250
248 251
547 544
547 545
547 546
547 550
547 898
547 860
106 554
106 107
106 108
106 109
107 109
107 110
107 986
272 269
272 270
272 271
272 273
272 798
929 926
929 927
929 928
108 109
108 110
108 111
554 551
554 552
554 553
554 685
554 556
554 557
109 110
109 111
109 112
110 111
110 112
110 113
986 634
986 819
986 983
986 984
986 985
986 987
111 112
111 113
111 114
112 113
112 114
112 115
112 308
113 173
113 115
113 464
114 497
114 115
114 185
115 118
308 306
308 307
308 310
308 311
308 991
173 171
173 172
173 174
173 175
464 461
464 462
464 463
464 465
464 466
464 467
497 305
497 495
497 777
497 863
185 182
185 183
185 284
185 186
185 187
118 838
118 121
153 151
153 152
153 168
153 154
153 155
153 156
170 167
170 168
170 169
170 171
170 172
838 836
838 840
838 877
121 122
121 123
121 704
528 525
528 527
528 529
528 530
528 531
122 123
122 124
122 125
921 918
921 920
921 922
921 923
123 348
123 198
123 382
123 124
704 701
704 702
704 703
704 705
704 706
704 707
124 302
124 125
124 126
124 127
125 417
125 298
125 126
125 127
125 128
348 345
348 346
348 349
348 350
348 351
198 195
198 196
198 197
198 199
198 200
198 912
382 328
382 367
382 379
382 381
382 725
302 299
302 300
302 301
302 303
302 304
126 129
126 748
126 128
127 130
127 811
127 245
127 128
417 414
417 415
417 416
417 706
417 420
298 295
298 296
298 297
298 301
298 334
128 129
128 491
128 660
128 668
129 130
129 132
748 745
748 746
748 747
748 749
748 750
130 132
130 133
811 808
811 809
811 810
811 908
811 813
811 814
811 975
245 242
245 243
245 836
245 246
491 489
491 490
491 492
491 493
660 409
660 657
660 658
660 659
660 661
660 662
660 663
668 332
668 665
668 666
668 667
668 669
132 133
132 134
132 135
133 134
133 135
133 375
134 135
134 136
134 137
135 136
135 137
135 138
375 172
375 372
375 373
375 374
375 377
375 378
136 296
136 137
136 138
136 333
136 795
137 139
137 471
138 139
138 141
296 293
296 295
296 297
333 330
333 331
333 332
333 334
795 792
795 793
795 794
795 796
795 797
795 798
139 141
139 142
139 463
139 343
139 347
471 368
471 444
471 469
141 646
141 142
141 143
142 143
142 144
142 145
142 539
463 460
463 462
463 465
343 340
343 341
343 342
343 813
343 344
343 345
343 346
343 822
347 344
347 345
347 381
347 349
347 350
143 529
143 484
143 144
143 145
143 146
646 643
646 644
646 645
646 647
646 649
144 935
144 145
144 146
144 147
145 146
145 147
145 148
539 256
539 536
539 537
539 538
539 542
529 526
529 527
529 531
529 532
484 481
484 482
484 486
484 487
146 147
146 148
146 149
146 859
935 933
935 934
935 938
935 984
147 300
147 148
148 909
148 149
148 150
148 151
148 534
149 622
149 150
149 151
149 152
859 857
859 858
859 861
859 862
300 297
300 299
300 301
300 303
909 427
909 906
909 907
909 912
150 868
150 152
150 800
151 152
151 154
534 531
534 532
534 533
534 902
534 535
534 536
622 620
622 621
622 826
152 154
152 155
868 865
868 866
868 869
868 870
868 871
800 798
800 799
800 801
800 802
154 155
154 156
154 157
155 156
155 157
155 158
168 167
168 802
168 707
168 786
156 532
156 157
156 158
156 159
157 942
157 598
157 478
157 159
157 160
158 159
158 160
532 530
532 531
532 533
159 995
159 639
159 160
942 939
942 940
942 944
942 945
598 336
598 595
598 596
598 599
598 600
598 601
478 475
478 476
478 477
478 713
478 479
160 162
160 163
995 301
995 992
995 994
995 996
639 244
639 636
639 637
639 638
639 641
639 642
639 640
162 163
162 456
162 773
456 453
456 454
456 455
456 457
456 459
773 241
773 770
773 771
773 772
773 775
773 984
455 452
455 454
455 457
455 458
904 901
904 903
904 905
904 907
904 937
345 342
345 494
507 504
507 505
507 506
507 508
507 510
167 169
169 171
169 172
169 698
802 488
802 700
802 799
802 801
802 804
802 805
802 814
707 604
707 705
707 706
707 709
707 710
786 467
786 783
786 784
786 787
786 788
171 172
171 174
171 992
172 174
172 175
698 699
698 701
174 175
174 177
992 989
992 991
175 177
175 178
177 323
177 179
177 320
178 179
178 181
178 472
391 388
391 389
391 394
391 479
280 279
280 281
280 282
280 283
280 351
323 320
323 321
323 322
179 181
179 182
320 319
320 321
320 560
181 182
181 183
181 184
472 469
472 474
472 475
182 913
182 183
182 184
946 223
946 943
946 944
946 945
946 948
183 186
183 928
184 801
184 186
184 187
184 574
913 910
913 911
913 912
913 951
186 374
186 187
186 188
186 189
186 862
928 925
928 926
928 927
928 931
801 798
801 799
801 919
187 301
187 818
187 189
574 571
574 573
574 577
574 689
574 662
574 575
574 576
284 281
284 282
284 286
284 287
374 322
374 371
374 372
374 373
374 376
188 189
188 191
189 924
189 900
862 860
862 861
862 865
862 863
301 299
301 303
818 421
818 815
818 816
818 817
818 819
818 820
818 821
191 193
191 194
191 915
191 192
924 922
924 923
924 925
924 926
924 927
900 299
900 897
900 898
900 901
900 902
193 192
193 194
193 195
193 196
919 916
919 917
919 920
919 922
194 192
194 195
194 196
194 197
194 851
915 912
915 914
915 916
915 917
192 195
192 399
195 579
195 196
399 396
399 397
399 398
399 400
399 402
196 197
196 199
197 200
197 256
851 848
851 849
851 852
579 576
579 577
579 578
579 580
579 581
579 582
199 201
199 202
199 781
200 201
200 203
256 253
256 254
256 257
256 258
256 259
912 485
912 910
912 911
912 914
201 769
201 202
201 204
202 203
202 204
781 778
781 779
781 780
781 783
781 784
781 843
203 204
203 605
769 766
769 767
769 768
769 771
769 772
204 401
605 603
605 822
605 607
401 398
401 400
401 453
401 404
208 683
208 209
208 211
208 980
914 240
914 599
914 722
914 872
914 911
914 917
695 692
695 693
695 694
695 697
209 210
209 211
209 212
965 430
965 879
965 962
965 963
965 964
965 966
625 461
625 623
625 626
625 627
625 628
625 755
683 210
683 378
683 681
683 682
683 684
683 685
211 233
211 367
211 883
211 214
980 977
980 979
980 981
980 982
980 983
210 212
210 213
210 632
212 213
212 214
212 215
213 214
213 215
632 633
233 230
233 231
233 232
233 234
233 235
233 236
367 365
367 366
367 716
367 369
367 443
883 880
883 884
883 886
214 215
214 217
215 217
215 218
217 218
217 219
217 220
218 219
218 220
218 221
398 395
398 396
219 220
219 221
219 222
414 411
414 412
414 415
220 989
220 957
220 562
220 221
220 222
221 222
221 223
221 224
222 225
222 977
222 223
989 987
989 988
989 991
957 228
957 560
957 954
957 955
957 956
957 960
562 771
562 563
562 565
562 916
223 806
223 224
224 225
224 227
224 845
225 227
225 228
225 985
225 508
977 974
977 975
977 976
977 978
977 979
806 804
806 807
806 809
227 230
227 430
845 842
845 843
845 844
845 848
228 230
228 231
985 982
985 983
985 984
985 987
985 988
508 505
508 506
508 510
508 511
721 719
721 720
721 722
721 724
230 232
230 530
430 427
430 429
430 432
430 433
231 899
231 232
231 234
232 234
232 235
530 527
530 531
530 533
899 897
899 898
899 901
899 902
234 235
234 236
235 236
235 237
235 238
236 237
236 238
236 239
236 650
237 238
237 239
237 240
238 239
238 240
238 241
238 886
239 240
239 241
239 242
650 504
650 647
650 649
650 652
650 653
240 241
240 242
241 242
241 244
886 884
886 887
242 939
242 243
242 377
244 243
244 637
939 762
939 936
939 937
939 938
939 941
243 719
243 560
377 376
377 378
377 379
719 717
719 718
719 720
719 722
560 557
560 558
560 563
560 664
637 634
637 636
637 638
637 640
836 833
836 834
246 249
246 892
249 652
249 250
249 251
249 252
892 889
892 891
892 893
892 895
250 450
250 251
250 252
251 614
251 827
251 252
251 253
251 254
652 649
652 651
652 653
652 916
252 317
252 253
252 254
450 418
450 449
450 451
450 452
450 844
614 490
614 611
614 612
614 617
827 824
827 825
827 826
827 829
253 360
254 257
317 314
317 315
317 316
317 708
317 990
317 768
360 357
360 358
360 359
360 361
257 258
257 259
257 260
257 279
258 962
258 259
258 261
258 785
494 492
494 493
494 495
494 496
259 260
259 261
259 262
260 706
260 261
260 263
260 313
279 277
279 278
279 428
279 281
279 768
962 744
962 960
962 961
962 963
962 964
261 263
261 264
261 332
785 782
785 783
785 784
785 787
785 788
262 263
262 264
262 265
706 397
706 703
706 705
263 264
263 265
263 266
313 311
313 314
313 315
264 265
264 266
264 267
332 329
332 330
332 331
332 475
265 266
265 267
265 268
265 477
266 482
266 517
266 267
266 878
266 568
267 268
267 599
267 735
268 269
268 270
268 271
477 475
477 476
477 620
477 480
482 479
482 480
482 481
482 483
482 485
517 514
517 515
517 516
517 519
517 520
517 681
878 876
878 877
878 879
878 880
568 281
568 565
568 566
568 567
568 569
599 506
599 596
599 601
599 608
735 732
735 733
735 734
735 738
735 736
269 270
269 271
270 271
270 273
271 273
798 796
798 797
277 685
277 278
346 349
278 654
278 725
685 682
685 684
685 686
685 687
654 653
654 655
654 657
654 911
725 722
725 724
725 726
725 727
428 426
428 427
428 429
428 431
281 282
281 283
281 790
768 765
768 766
768 767
768 770
282 420
282 283
282 285
283 677
283 630
283 285
351 349
351 350
351 642
351 352
790 603
790 787
790 788
790 789
790 791
790 793
420 418
420 421
420 422
285 286
285 287
285 288
677 416
677 674
677 675
677 678
677 679
677 680
677 688
630 412
630 627
630 628
630 629
630 903
286 289
286 287
286 288
287 289
287 290
287 842
287 981
287 288
288 289
288 290
288 291
288 726
289 290
289 699
290 291
290 644
290 293
290 390
842 840
842 841
842 843
981 744
981 978
981 979
981 984
291 293
291 294
726 617
726 724
726 727
699 434
699 697
699 701
699 702
644 641
644 642
644 643
644 645
293 294
293 295
293 657
390 295
390 389
390 680
390 393
294 295
294 297
294 338
758 755
758 757
758 775
758 759
295 297
657 655
657 658
297 299
338 336
338 337
338 339
338 340
338 341
338 948
334 331
334 675
334 337
303 304
303 305
303 306
304 305
304 306
304 307
305 306
305 533
306 968
306 307
307 309
307 310
533 531
533 535
533 536
968 966
968 969
968 970
968 971
309 311
309 312
310 311
310 312
311 312
311 314
991 879
991 988
312 976
312 314
312 315
314 315
314 316
976 461
976 973
976 975
976 978
976 979
315 316
316 319
319 321
319 322
708 416
708 705
708 709
708 710
708 805
990 469
990 987
990 988
321 322
326 327
326 329
327 328
327 330
327 392
642 640
642 641
642 643
328 550
328 330
328 443
329 330
329 331
329 606
330 331
392 394
392 395
550 548
550 551
550 552
443 440
443 442
443 444
443 445
443 446
331 711
606 557
606 603
606 604
606 609
606 608
711 709
711 710
711 713
711 714
475 474
675 672
675 674
675 678
337 339
337 340
867 797
867 864
867 866
867 869
867 870
336 339
339 340
339 341
339 342
340 341
340 342
341 342
341 344
342 344
344 679
344 432
813 810
813 812
813 814
813 815
822 819
822 820
822 821
822 823
822 824
679 678
679 705
679 681
679 682
432 429
432 431
432 434
432 435
349 510
349 350
349 352
381 378
381 379
381 638
381 383
381 384
350 352
510 511
510 512
352 354
352 355
354 355
354 356
354 357
354 741
355 356
355 620
355 879
356 357
356 358
356 359
357 358
357 359
741 738
741 740
741 742
741 744
620 617
620 618
620 619
620 623
879 876
879 877
879 880
879 881
358 359
358 361
359 361
359 666
361 376
666 615
666 663
666 665
666 667
666 669
376 373
376 378
376 379
364 931
364 551
364 400
364 618
951 953
951 954
365 483
365 368
365 784
366 369
366 978
366 503
931 933
931 934
551 548
551 552
400 397
400 402
618 615
618 617
618 619
618 621
483 480
483 481
483 485
368 649
368 369
368 370
368 371
784 782
784 783
369 370
369 371
369 372
978 896
978 975
503 501
503 502
503 691
503 505
503 506
716 713
716 714
716 717
716 718
649 647
370 371
370 372
370 373
371 372
371 373
372 982
373 945
982 979
982 983
982 984
945 943
945 944
379 384
384 383
384 386
384 387
383 386
638 636
638 640
386 387
386 388
386 389
387 388
387 389
387 902
388 389
389 738
902 901
902 903
902 905
738 740
680 678
680 681
680 752
680 727
393 394
393 395
393 396
394 396
394 397
394 634
394 542
479 476
479 481
479 480
395 452
395 397
396 397
634 633
634 636
542 540
542 541
542 545
542 544
452 449
452 451
452 453
452 454
402 404
402 535
402 413
453 451
453 454
453 537
404 865
404 405
404 407
535 536
535 537
535 538
535 860
413 410
413 411
413 412
413 415
413 416
994 996
994 997
405 407
405 408
405 956
865 863
865 864
865 866
407 408
407 409
407 410
408 409
408 410
408 411
956 953
956 954
956 955
956 958
580 577
580 578
580 581
580 582
580 583
409 410
409 411
410 411
410 412
411 412
412 415
415 418
415 416
422 423
422 424
440 439
440 480
421 423
421 814
423 424
423 426
814 812
814 815
424 426
424 910
426 427
426 429
910 907
910 908
910 911
427 429
429 431
431 775
431 433
431 434
433 434
433 435
433 436
775 772
775 774
775 776
775 778
775 805
434 651
434 435
435 436
436 938
436 439
651 593
651 653
938 937
938 940
938 941
439 442
442 615
442 444
442 445
444 445
444 446
615 612
615 613
445 446
446 449
449 451
451 454
844 841
844 847
454 457
537 538
537 540
457 458
457 459
457 460
458 459
458 460
458 461
459 460
459 461
459 462
460 461
460 462
462 810
462 465
810 807
810 808
810 809
465 466
465 467
466 467
466 469
466 608
467 973
467 469
608 607
608 610
973 794
973 970
973 971
973 972
973 974
973 975
578 555
578 575
578 576
578 577
578 581
843 840
843 841
474 565
474 476
518 515
518 516
518 519
518 520
518 521
849 847
849 848
849 852
565 563
565 566
565 567
565 672
713 710
713 712
713 714
485 486
485 488
486 487
486 488
486 489
487 488
487 489
487 490
488 489
488 490
489 524
489 490
489 492
489 661
490 493
490 594
524 522
524 523
524 526
524 527
492 493
492 495
661 658
661 659
661 969
661 663
493 495
493 496
493 817
493 797
594 592
594 593
594 595
594 596
495 496
495 498
496 498
496 702
817 816
817 820
797 796
498 501
702 705
702 703
777 774
777 776
777 778
777 779
777 780
863 861
863 866
863 916
501 502
501 504
692 689
692 690
692 691
692 693
692 694
502 903
502 585
502 848
504 505
903 901
903 905
585 582
585 583
585 584
585 586
585 587
585 588
848 847
691 688
691 690
691 693
691 694
505 506
511 513
511 514
511 512
512 514
512 515
512 840
513 514
513 515
513 516
514 515
514 516
514 536
515 516
840 841
516 519
536 538
519 520
519 521
519 522
520 521
520 522
520 523
681 684
521 522
521 523
522 523
522 525
523 525
523 526
525 526
525 527
525 880
526 621
526 527
880 877
880 881
621 619
621 623
538 540
538 541
860 857
860 858
540 541
540 543
541 543
541 544
543 545
543 546
543 561
543 544
544 545
544 546
545 546
545 548
546 548
561 558
561 563
548 555
548 567
898 895
898 896
898 897
898 901
555 552
555 553
555 556
555 558
567 566
567 569
552 626
941 940
941 943
941 944
626 623
626 627
626 628
626 629
553 556
556 557
556 558
557 558
936 933
936 934
936 937
936 974
563 566
664 662
664 663
664 665
664 667
664 767
771 770
771 772
916 918
566 569
672 669
672 670
569 996
569 570
569 571
996 755
996 997
570 571
570 573
571 573
573 575
573 576
575 577
575 609
575 576
576 577
689 686
689 687
689 688
689 746
689 690
662 659
662 665
609 607
609 610
609 611
581 582
581 583
581 584
582 583
582 584
583 584
583 586
584 586
584 587
586 587
586 589
586 757
587 588
587 589
587 590
588 589
588 590
589 590
589 592
757 754
757 756
757 759
590 592
590 593
592 593
592 595
593 595
593 596
595 718
595 596
718 717
718 720
718 896
600 601
600 603
601 603
601 604
603 874
604 607
872 869
872 870
872 871
872 874
874 731
874 871
874 873
874 876
607 610
610 612
610 747
610 792
610 793
611 612
611 613
747 619
747 745
747 749
747 750
792 736
792 789
792 794
793 791
793 794
793 796
613 815
613 796
815 812
815 816
796 794
796 799
617 754
754 752
754 753
754 755
623 918
826 629
826 823
826 824
826 825
826 828
826 829
918 917
918 920
709 710
709 712
627 628
627 629
628 629
755 752
755 756
633 636
640 641
640 643
641 643
643 645
645 647
647 881
881 884
653 655
653 656
655 656
655 658
656 812
656 659
656 687
911 908
658 659
812 809
687 684
687 686
687 688
687 690
663 665
969 966
969 970
969 971
969 972
665 667
667 669
667 670
767 765
767 766
767 770
669 670
717 714
717 720
688 686
705 703
682 684
752 749
752 750
727 724
727 729
727 730
684 686
690 693
746 743
746 744
746 745
746 749
693 694
694 697
697 753
697 700
753 750
753 756
700 701
700 703
701 964
701 703
964 963
964 966
710 712
805 804
805 808
712 714
720 722
896 893
896 894
896 895
896 897
722 724
729 730
729 731
729 732
730 731
730 732
730 733
731 756
731 732
731 733
731 734
732 733
732 734
733 734
733 736
756 759
734 809
734 736
809 807
809 808
740 742
740 743
742 743
742 744
742 745
743 744
743 745
744 745
749 750
759 761
759 762
761 762
762 765
765 766
770 772
772 774
774 776
774 804
984 983
984 987
776 961
776 778
776 779
778 779
778 780
961 958
961 960
961 963
779 782
780 782
780 783
782 783
787 788
787 789
788 789
788 791
789 791
791 794
808 807
908 905
908 906
908 907
975 972
975 974
816 819
819 821
820 821
820 823
821 823
821 824
821 889
823 824
823 825
824 825
889 887
889 891
825 828
828 829
829 832
832 833
832 834
833 834
877 876
857 858
858 861
861 864
864 866
866 869
869 870
869 871
870 871
870 873
871 873
873 876
876 952
952 954
952 955
884 887
891 893
891 894
893 894
893 895
894 897
894 895
895 897
905 906
905 907
907 906
937 934
917 920
920 922
920 923
922 923
922 925
923 925
923 926
925 926
925 927
926 927
933 934
974 971
974 972
940 943
943 944
953 954
953 955
954 955
955 958
958 960
960 963
963 966
970 971
970 972
971 972
987 988
1
