100 1 300
1 3
1 4
1 98
1 13
1 99
1 100
3 2
3 4
3 5
3 6
3 100
4 2
4 5
4 6
4 7
4 43
98 2
98 72
98 95
98 96
98 97
98 100
13 10
13 11
13 12
13 14
13 15
13 16
13 52
99 2
99 96
99 97
99 100
100 2
100 97
2 5
2 26
5 6
5 7
5 8
5 82
26 23
26 24
26 25
26 27
26 31
6 7
6 8
6 9
7 8
7 9
7 10
43 41
43 42
43 45
43 46
8 9
8 10
8 11
82 25
82 80
82 81
82 83
82 84
9 10
9 11
9 12
10 11
10 12
11 12
11 14
12 38
12 14
12 15
14 15
14 16
14 17
38 35
38 37
38 39
38 54
38 87
38 91
15 16
15 17
15 51
16 17
16 18
16 19
52 49
52 50
52 51
52 53
52 54
17 18
17 19
17 20
51 48
51 49
51 50
51 53
51 54
18 19
18 20
18 21
19 21
19 22
19 56
19 53
20 21
20 22
20 23
21 34
21 22
21 24
22 23
22 24
22 25
56 53
56 55
56 57
56 58
56 59
53 50
53 54
23 55
23 25
34 31
34 32
34 33
34 35
34 36
34 37
24 25
24 27
25 33
25 28
55 54
55 57
55 58
27 80
27 29
27 30
33 28
33 30
33 31
33 32
28 29
28 30
28 31
31 29
31 30
31 32
80 36
80 77
80 78
80 79
80 81
80 83
29 30
29 32
30 32
32 35
35 36
35 37
36 37
36 39
37 39
37 40
39 40
39 41
39 42
40 71
40 41
40 42
54 57
87 41
87 86
87 88
87 89
91 88
91 89
91 90
91 92
91 93
91 94
41 44
42 44
42 45
71 69
71 70
71 72
71 73
71 74
71 79
44 45
44 46
44 47
45 46
45 48
45 85
46 47
46 48
46 49
47 48
47 49
47 50
48 49
48 50
48 60
85 69
85 83
85 84
85 86
85 88
49 68
49 50
60 58
60 59
60 61
60 63
68 65
68 66
68 67
68 69
68 70
57 84
57 58
57 59
58 59
58 61
59 61
59 62
84 72
84 81
84 83
84 86
61 62
61 63
61 64
62 65
62 63
62 64
63 65
63 66
63 64
64 65
64 66
64 67
65 66
65 67
66 67
66 69
67 69
67 70
69 70
69 72
70 72
70 73
72 73
72 75
73 74
73 75
73 76
74 75
74 76
74 77
79 76
79 77
79 78
79 81
75 76
75 77
75 78
76 77
76 78
77 78
78 81
81 83
83 86
86 89
86 96
88 89
88 90
89 90
89 92
96 93
96 94
96 95
96 97
90 92
90 93
92 93
92 94
92 95
93 94
93 95
94 97
94 95
95 97
1
