1000 1 2000
1 2
1 3
1 1000
2 890
2 4
3 674
3 4
3 5
3 176
1000 592
1000 998
890 889
890 891
890 892
4 6
4 842
674 63
674 238
674 673
5 985
5 6
5 7
176 175
176 749
176 566
176 726
6 7
6 8
6 880
6 119
6 156
842 841
842 843
842 844
985 555
985 717
985 983
985 984
985 986
7 387
7 9
7 684
8 9
8 603
880 878
880 944
880 881
119 117
119 121
156 134
156 155
156 180
156 884
387 385
387 386
387 389
9 10
9 11
684 469
684 685
684 686
603 152
603 577
603 601
603 602
603 652
10 12
10 78
11 12
11 13
12 13
12 14
78 76
78 79
78 80
13 741
13 14
13 15
14 15
14 16
741 555
741 739
15 783
15 16
15 17
15 403
16 17
16 980
783 727
783 781
17 689
17 18
403 401
403 476
980 904
980 978
980 979
980 981
689 530
689 687
689 688
689 690
18 331
18 47
18 19
18 600
331 329
331 330
331 332
331 333
47 45
47 746
47 48
19 20
19 872
600 601
20 431
20 21
20 438
20 796
872 529
872 870
872 873
431 429
431 433
431 904
21 419
21 22
21 23
438 436
438 437
438 774
438 439
796 390
796 794
796 797
419 417
419 420
22 87
22 23
22 270
23 25
23 24
87 85
87 86
87 89
87 88
270 268
270 269
270 271
25 24
25 26
25 27
24 26
26 234
26 848
26 733
27 28
27 29
27 916
234 232
234 233
234 235
234 236
848 73
848 847
848 850
848 853
733 731
733 732
733 846
733 735
28 29
28 30
29 30
29 31
916 616
916 740
916 914
916 915
30 886
30 31
30 32
31 33
31 32
886 885
886 944
32 214
32 511
33 465
33 35
214 212
214 213
214 281
214 216
214 665
511 351
511 510
511 846
511 512
465 370
465 392
465 463
465 464
35 36
35 37
34 210
34 752
210 51
210 208
210 209
210 212
752 750
752 751
752 753
752 754
36 38
36 489
36 139
37 38
37 39
38 918
38 40
489 487
489 491
489 509
139 81
139 137
139 138
139 140
39 40
39 879
39 246
39 217
39 861
918 233
918 917
918 920
40 42
40 202
40 473
40 574
879 877
879 878
879 881
246 248
217 216
217 218
217 219
861 862
42 41
42 185
42 43
42 44
202 200
202 201
202 204
202 445
473 219
473 472
473 652
473 475
574 49
574 572
574 573
41 922
922 857
922 920
922 921
922 936
922 924
185 183
185 187
43 564
43 45
44 92
44 45
44 46
564 153
564 181
564 562
564 563
564 566
45 531
45 46
92 93
46 208
46 48
531 529
531 530
531 532
208 206
208 209
48 49
48 578
746 478
746 748
49 50
49 51
578 377
578 576
578 577
578 580
50 265
50 51
50 52
51 244
51 53
265 263
265 556
52 53
52 54
244 242
244 243
244 650
244 245
53 54
53 543
53 310
54 545
54 55
543 541
543 542
543 544
310 308
310 309
310 996
310 311
310 312
545 544
545 546
545 547
55 57
55 672
57 56
57 58
57 59
672 673
672 953
56 58
58 59
58 60
59 60
59 124
60 876
60 411
124 122
124 125
124 126
124 968
876 66
876 877
876 878
411 409
411 410
411 412
411 413
61 62
61 63
62 551
62 64
63 65
63 763
551 394
551 509
551 549
551 550
64 65
64 66
65 66
65 67
763 762
763 764
763 765
66 604
66 67
67 68
67 69
67 610
604 260
604 602
68 493
68 69
68 70
69 853
69 150
610 608
610 609
610 611
493 491
493 492
493 915
70 204
70 71
70 72
853 852
853 854
853 855
853 990
150 149
150 151
150 152
204 461
204 206
71 73
71 72
72 73
72 987
72 992
73 75
987 854
987 986
987 989
992 678
992 991
992 993
75 325
75 76
75 701
74 76
74 148
76 77
148 147
148 713
148 149
325 323
325 500
701 449
701 699
701 700
701 702
701 703
77 854
77 740
854 757
854 793
854 855
854 863
740 738
740 875
79 81
79 80
80 81
80 82
81 82
81 83
82 83
82 84
83 84
83 85
83 781
84 85
84 86
85 86
85 958
85 950
781 779
781 780
86 340
86 88
958 956
958 957
958 959
950 949
950 975
950 952
340 94
340 338
340 339
340 590
88 89
88 162
88 904
89 90
89 91
89 519
162 160
162 161
162 163
904 902
904 903
904 906
90 642
90 626
91 771
91 93
519 517
519 518
519 520
642 570
642 641
642 643
642 776
626 227
626 624
626 627
626 628
771 769
771 770
771 772
771 773
93 94
93 95
94 424
94 875
94 95
95 97
95 96
424 386
424 422
424 423
424 482
424 552
875 719
875 873
875 877
875 974
97 99
97 869
96 874
96 182
96 345
96 790
874 172
874 873
182 628
182 184
345 343
345 344
345 346
790 788
790 789
790 996
790 792
99 98
99 100
99 404
99 705
869 215
869 867
869 868
869 870
869 871
98 100
98 207
100 102
100 623
100 722
100 883
207 205
207 206
207 209
207 536
404 402
404 405
404 406
404 695
705 704
705 978
705 707
102 101
102 103
102 104
623 248
623 622
623 625
722 456
722 720
883 143
883 882
883 995
101 103
103 105
103 104
104 105
104 106
104 658
105 106
105 107
106 107
106 108
658 657
658 659
658 910
107 108
107 109
107 482
108 109
108 110
109 706
109 110
482 480
482 481
482 484
110 284
110 112
706 258
706 704
706 707
706 708
284 283
284 501
284 285
112 111
112 113
112 114
111 113
113 114
113 191
114 115
114 116
114 159
191 189
191 190
191 969
191 192
115 116
115 368
116 118
116 330
159 157
159 557
159 160
368 367
368 369
368 884
118 117
118 257
118 120
330 328
330 329
330 772
330 332
330 625
330 900
117 670
670 887
670 671
257 256
257 258
257 259
120 121
120 122
121 442
121 122
121 123
121 636
122 123
442 440
442 443
442 896
123 125
123 470
636 635
636 638
125 518
125 127
125 334
470 714
470 598
470 472
470 479
126 127
126 128
968 348
968 967
968 970
518 516
518 520
127 271
127 851
334 332
334 333
334 737
334 336
128 129
128 130
271 269
271 905
271 273
271 681
851 311
851 849
851 850
851 852
129 131
129 560
130 194
130 131
131 132
131 133
131 910
560 558
560 559
560 561
560 562
194 192
194 193
194 833
194 668
132 581
132 134
132 815
132 133
133 453
133 923
581 572
581 579
581 580
134 731
134 703
134 136
815 816
453 452
453 454
453 455
923 924
923 925
731 729
731 730
703 262
703 702
136 138
136 338
135 750
135 414
750 748
750 749
750 751
414 412
414 725
414 416
138 137
138 565
338 336
338 337
338 339
137 784
784 782
784 785
565 286
565 566
565 567
140 836
140 142
140 760
140 154
836 430
836 596
836 835
836 838
836 925
142 141
142 354
142 143
142 144
760 758
760 762
154 153
154 155
154 599
141 143
143 775
143 144
143 145
354 352
354 353
354 680
144 145
144 577
144 840
775 516
775 773
145 146
145 147
577 576
577 579
577 676
577 624
840 183
840 838
840 839
146 787
146 859
147 149
787 785
787 786
787 788
787 973
859 286
859 413
859 858
859 877
859 860
149 151
713 517
713 711
713 712
713 715
713 830
151 153
151 152
152 153
153 155
155 157
599 196
599 451
599 597
599 613
157 158
180 178
180 179
180 724
180 181
884 882
884 885
884 926
158 997
158 160
997 532
997 995
997 998
160 161
160 589
160 792
557 480
557 556
161 163
589 588
589 590
792 791
792 907
163 819
163 924
819 736
819 817
819 820
924 925
924 926
164 764
164 166
764 762
764 951
764 766
166 165
166 168
166 362
166 827
165 167
167 168
167 946
167 282
168 233
168 170
168 976
168 468
362 360
362 361
362 999
362 888
827 825
827 826
827 828
827 829
946 944
946 945
946 947
282 280
282 751
282 283
233 231
233 235
170 169
170 171
170 172
170 680
976 974
976 978
468 466
468 467
468 469
169 171
171 173
171 496
172 173
172 174
680 507
680 679
680 682
173 174
173 175
496 494
496 495
496 497
496 498
174 907
174 175
175 177
907 905
907 906
907 908
907 909
177 178
177 179
177 898
749 747
749 748
749 751
566 568
726 291
726 724
726 725
726 727
178 179
179 651
898 743
898 897
651 649
651 650
651 652
651 653
651 814
724 723
181 456
181 183
456 455
456 802
456 457
183 184
628 627
628 629
628 630
184 807
184 500
184 186
807 295
807 805
807 808
807 809
500 498
500 499
500 501
186 187
186 188
187 188
187 189
188 189
188 190
189 190
190 501
501 422
501 499
501 502
501 503
969 526
969 877
969 970
969 971
192 673
673 675
193 195
195 965
195 197
833 646
833 832
833 834
833 921
668 364
668 666
668 667
668 669
965 488
965 964
965 966
965 967
197 196
197 583
197 715
197 595
197 467
196 198
198 847
198 199
583 582
583 584
583 621
583 817
583 919
715 264
715 549
715 903
595 593
595 594
595 921
595 825
595 832
467 466
467 469
847 261
847 845
199 213
199 326
199 200
213 212
213 966
213 745
326 295
326 328
200 201
201 803
201 506
803 367
803 801
803 804
803 805
506 504
506 505
506 507
445 443
445 444
445 446
445 447
203 355
203 205
203 995
203 383
355 353
355 356
355 357
205 415
995 993
995 994
383 381
383 382
383 384
461 459
461 460
461 711
415 417
415 416
209 866
209 301
536 534
536 535
536 537
866 714
866 734
866 751
866 864
866 865
301 299
301 302
301 754
212 211
211 405
405 406
405 407
966 964
966 967
745 744
745 747
745 761
281 279
281 280
281 428
216 215
216 970
665 663
665 664
665 666
665 667
215 520
215 287
520 420
520 522
287 285
287 288
970 971
970 972
218 219
218 220
219 220
220 253
220 221
220 222
253 251
253 252
253 738
221 222
221 223
222 223
222 224
223 225
223 972
224 225
224 612
224 725
225 227
225 806
225 679
972 973
972 974
612 611
612 614
725 723
725 889
227 226
227 229
806 312
806 804
679 471
679 677
679 681
226 393
226 228
393 391
393 843
228 229
228 230
229 230
229 231
230 231
230 232
231 232
232 485
485 483
485 484
485 486
485 487
235 236
235 237
235 276
236 237
236 238
237 238
237 239
276 274
276 275
276 278
238 818
238 239
239 241
239 843
239 240
818 477
818 816
818 820
241 240
241 242
241 243
241 717
843 841
843 845
240 242
242 248
243 509
717 716
248 247
248 250
509 353
509 418
509 507
509 508
509 528
650 648
650 649
650 652
245 247
245 888
247 249
888 255
888 912
888 889
249 250
249 251
250 251
250 252
251 830
252 254
830 828
830 829
830 831
830 832
254 255
254 256
738 736
738 737
738 739
255 321
256 258
321 319
321 320
321 322
321 323
258 772
259 260
259 944
772 770
772 774
260 262
260 834
944 942
944 943
262 261
262 263
262 264
834 831
834 832
834 856
261 263
263 264
264 800
800 801
800 802
556 554
556 555
556 558
266 267
266 268
267 268
267 269
268 554
554 553
554 555
905 906
273 272
273 274
273 275
273 533
681 552
272 947
272 631
272 768
947 945
947 948
947 949
631 388
631 530
631 629
631 630
631 632
768 546
768 671
768 766
768 767
274 316
274 275
275 927
275 288
533 532
533 663
316 314
316 315
316 317
927 719
927 925
927 926
288 289
288 290
278 850
278 279
278 280
277 666
277 279
666 664
666 667
666 669
279 280
280 959
959 957
959 961
428 426
428 427
428 429
428 430
751 948
283 582
582 580
582 584
285 780
780 779
780 782
286 481
481 480
289 290
289 933
290 292
290 486
290 307
290 863
933 931
933 932
933 934
933 935
292 785
292 293
486 333
486 484
307 305
307 306
307 309
863 862
863 865
863 864
291 662
291 982
662 660
662 663
662 664
982 721
982 953
982 981
785 786
785 917
293 302
293 472
302 300
302 329
302 304
472 471
472 474
294 295
294 296
295 296
295 300
296 297
296 298
300 298
300 527
297 299
297 352
298 714
298 299
299 499
352 350
352 353
714 716
499 315
499 498
527 525
527 528
754 755
754 756
329 327
329 328
304 303
304 305
304 306
303 305
305 306
306 308
306 743
308 309
743 742
743 744
309 311
311 454
311 844
311 312
311 313
996 994
996 998
312 313
312 314
454 805
844 845
313 314
313 315
314 808
314 433
314 315
808 809
433 497
433 435
317 643
317 319
643 644
643 645
319 318
319 320
318 320
320 322
322 323
322 324
322 622
323 324
324 613
324 917
324 695
622 592
622 620
622 621
917 915
695 584
695 693
695 694
695 696
328 327
327 942
942 512
942 940
942 941
332 333
625 444
900 899
900 901
333 335
335 337
335 336
737 736
737 967
336 337
337 416
416 417
416 418
339 341
341 342
341 343
341 439
590 588
590 591
590 592
342 507
342 344
343 858
439 585
439 782
439 441
507 505
344 346
858 409
858 598
858 856
858 857
858 932
346 347
346 348
347 667
347 348
347 349
348 350
349 350
349 351
350 351
351 353
351 747
353 893
747 748
893 686
893 891
356 357
356 358
357 358
357 778
357 757
358 359
358 360
778 777
778 779
757 755
757 756
757 758
359 361
359 360
360 361
361 363
361 973
361 434
361 887
363 364
363 365
973 971
973 974
434 432
434 435
887 885
999 401
999 998
364 422
364 697
365 384
365 366
365 367
365 822
422 421
697 696
697 698
697 699
384 382
384 385
366 367
366 480
822 820
822 821
822 824
480 478
369 370
369 828
370 371
370 639
828 683
828 826
828 829
371 769
371 640
639 637
639 638
639 641
639 640
769 446
769 767
769 770
640 638
640 641
640 908
372 373
372 374
373 805
373 849
373 375
373 479
374 707
374 376
805 804
849 398
375 377
375 376
479 974
707 708
707 709
376 377
376 378
376 587
377 378
377 379
378 379
378 380
587 586
587 588
379 380
379 381
380 381
380 567
381 558
567 569
567 568
558 559
385 386
386 523
523 521
523 522
523 524
389 388
389 390
389 575
390 515
390 391
390 392
390 860
390 799
575 446
575 573
575 576
515 513
515 517
391 492
391 392
392 498
392 576
860 462
860 908
860 862
799 797
799 801
492 490
498 497
394 395
394 396
394 776
395 396
395 397
396 397
396 398
396 663
776 774
776 841
397 398
397 399
398 962
398 399
663 661
399 401
399 913
399 400
962 653
962 948
962 960
962 961
401 400
401 402
913 911
913 912
913 914
400 402
402 698
698 699
698 700
476 474
476 477
476 478
406 407
406 408
407 409
407 408
408 656
408 821
409 443
656 629
656 654
656 655
656 657
821 820
821 823
443 432
443 441
410 412
412 441
413 692
441 440
441 919
692 690
692 693
692 694
692 712
417 418
417 678
418 902
678 547
678 677
902 903
420 421
421 423
423 425
425 426
425 427
552 544
552 550
552 553
426 634
426 427
427 429
634 632
634 633
634 635
429 430
430 457
457 455
457 810
457 459
497 495
435 436
435 437
436 437
437 685
437 529
685 683
685 686
685 687
529 528
774 773
585 584
585 586
919 920
919 921
896 516
896 894
896 895
896 897
896 936
444 676
444 446
676 675
446 447
447 449
447 448
449 448
449 939
449 475
448 450
450 451
450 452
450 735
939 937
939 938
939 940
475 477
475 712
451 452
451 671
452 711
735 734
735 736
671 669
671 809
711 709
711 710
711 712
455 502
502 503
502 954
802 801
802 804
810 809
810 811
810 812
459 458
459 460
459 629
459 758
458 460
460 462
629 627
462 463
463 661
463 464
661 659
661 660
464 466
464 753
753 710
469 795
469 471
795 786
795 794
795 797
598 596
598 597
474 909
474 798
652 653
909 911
909 953
798 797
798 817
477 478
712 710
484 483
487 488
488 490
490 491
491 521
491 894
894 895
915 914
494 541
541 539
541 540
541 542
503 505
503 504
954 952
954 953
954 955
505 504
508 510
510 512
528 526
512 513
846 696
846 845
513 514
514 516
514 870
870 868
870 871
870 971
522 524
524 525
524 526
525 559
525 526
526 630
532 534
534 535
535 537
537 538
537 539
538 539
538 540
538 963
539 540
540 542
963 961
963 964
542 544
546 547
546 548
547 548
548 549
548 550
549 550
553 555
553 813
813 811
813 812
813 814
561 562
561 563
562 563
563 641
563 820
568 569
568 570
569 570
569 571
570 572
570 637
571 826
571 573
572 573
637 635
826 824
573 816
816 814
579 580
621 619
621 620
621 739
586 588
591 593
591 592
592 593
593 594
594 596
596 793
921 920
825 823
825 824
832 831
793 791
601 602
602 881
881 882
605 606
605 607
606 607
606 608
607 609
607 702
608 609
609 734
702 700
702 704
734 732
611 736
614 615
614 616
615 617
615 616
616 617
616 618
617 618
617 619
618 619
618 620
619 620
632 633
633 635
908 653
908 906
644 645
644 646
645 873
645 646
646 647
873 871
647 649
647 648
649 648
653 655
814 812
655 654
655 657
657 971
659 660
669 682
682 683
953 951
953 952
953 955
675 677
686 983
686 688
687 688
983 981
983 984
688 690
690 691
690 956
691 693
691 951
956 955
693 694
951 949
951 952
694 696
699 700
699 892
892 742
892 891
978 977
708 709
708 835
709 710
835 837
716 718
903 901
718 719
718 720
719 720
720 721
721 940
721 723
940 938
889 891
727 729
727 728
729 728
729 730
728 730
730 852
730 732
742 744
742 975
744 975
761 759
761 762
948 949
755 756
756 877
759 794
765 766
765 767
766 767
767 831
831 829
841 839
777 779
788 789
789 791
801 901
901 899
811 812
823 824
856 855
856 857
837 838
837 839
838 839
925 926
855 857
990 988
990 989
990 991
932 930
932 931
932 934
862 864
864 949
865 867
867 868
871 977
977 979
926 928
912 911
912 914
895 897
897 899
936 934
936 935
936 938
928 929
928 930
929 930
929 931
930 931
930 979
934 935
935 937
937 938
941 943
943 945
955 957
961 960
984 986
986 988
988 989
989 991
991 993
993 994
1
