100 1 300
1 2
1 3
1 4
1 98
1 99
1 100
1 95
2 3
2 100
2 5
2 99
2 4
2 61
3 4
3 5
3 6
3 40
3 42
3 90
4 7
4 81
4 86
98 17
98 42
98 84
98 95
98 96
99 96
99 97
99 100
100 15
100 29
100 97
95 17
95 55
95 93
95 94
5 71
5 8
5 10
5 15
61 58
61 59
61 60
61 85
61 62
6 7
6 8
6 9
40 37
40 39
40 41
40 42
42 39
42 41
42 44
90 87
90 88
90 89
90 91
90 92
7 49
7 8
7 9
7 79
7 48
7 17
7 63
81 69
81 78
81 79
81 80
81 82
81 83
81 84
86 19
86 49
86 65
86 82
86 83
86 84
86 89
71 47
71 68
71 73
8 9
8 10
8 46
10 9
10 11
10 12
10 13
15 12
15 13
15 14
15 66
15 70
15 18
15 28
9 11
9 12
9 31
49 29
49 43
49 82
49 50
79 13
79 76
79 77
79 78
79 80
48 45
48 46
48 47
48 74
48 78
48 51
17 14
17 16
17 20
63 60
63 62
63 97
63 92
63 64
46 36
46 44
46 45
46 74
46 47
11 12
11 13
11 18
11 62
12 13
12 20
31 28
31 29
31 30
31 34
31 51
31 32
13 44
13 14
13 85
13 26
18 20
18 21
18 56
18 60
62 59
62 64
20 19
20 21
20 22
20 23
44 41
44 43
44 45
44 73
14 92
14 94
85 56
85 83
85 88
26 23
26 24
26 25
26 28
26 29
92 29
92 54
92 89
92 91
92 93
94 43
94 77
94 91
94 96
66 64
66 65
66 67
66 68
66 69
66 80
66 93
70 37
70 67
70 68
70 69
70 72
70 73
28 25
28 27
28 29
28 30
16 72
16 19
72 69
72 73
72 74
72 75
19 21
19 22
21 83
21 47
21 22
21 23
56 54
56 55
56 97
56 58
56 59
60 59
22 57
22 23
22 25
23 24
23 30
83 84
47 45
47 50
57 55
57 58
57 59
57 96
25 24
25 38
25 27
25 29
25 30
24 27
30 27
30 38
30 82
27 29
38 35
38 36
38 37
38 97
38 39
82 80
34 32
34 33
34 35
34 36
34 52
34 89
34 58
51 50
51 53
51 54
32 33
32 35
33 35
33 76
35 37
35 89
76 73
76 74
76 75
76 77
76 78
36 68
36 37
52 50
52 53
52 54
89 53
89 87
89 91
58 55
58 59
37 53
68 65
68 67
68 69
68 87
53 50
53 54
97 50
97 96
39 41
41 43
73 75
74 59
78 75
78 80
54 88
54 55
88 91
96 93
64 65
64 67
67 69
67 84
80 77
93 91
84 87
75 77
1
