100 1 200
1 2
1 3
1 100
1 99
2 100
2 4
2 64
3 4
3 5
100 98
100 99
99 20
99 48
99 97
99 98
4 5
4 6
64 62
64 63
64 65
64 66
5 67
5 6
6 7
6 8
67 27
67 65
67 66
67 68
67 69
7 9
7 8
8 9
8 10
9 10
9 11
10 12
10 38
11 50
11 12
11 13
12 13
12 14
38 36
38 37
38 39
38 40
50 49
50 52
13 14
13 15
14 15
14 16
15 43
15 16
16 18
16 82
43 28
43 41
43 42
43 44
18 17
18 34
18 39
18 76
18 57
82 49
82 80
82 84
17 76
76 70
76 74
76 75
76 79
34 32
34 33
34 35
39 41
39 98
57 56
57 58
57 59
19 20
19 21
20 22
21 22
21 23
22 23
22 24
23 25
23 24
24 37
24 44
24 25
24 26
25 26
25 27
37 35
37 36
44 42
44 45
44 95
26 27
26 28
27 29
28 81
28 29
28 30
29 30
29 31
81 70
81 79
81 80
81 83
30 31
30 32
31 33
31 32
32 33
33 56
56 54
56 55
56 58
35 36
40 41
40 42
41 69
98 96
98 97
69 68
69 70
69 71
45 46
45 47
95 94
95 96
46 93
46 47
46 48
47 49
47 48
93 91
93 92
93 94
48 90
49 51
49 55
90 88
90 89
90 91
90 92
51 52
51 53
55 54
52 53
52 54
53 89
53 54
89 87
89 88
89 91
58 59
58 60
59 60
59 61
60 61
60 62
61 62
61 63
62 63
63 65
65 66
66 68
68 86
86 84
86 85
86 87
86 88
71 73
71 72
73 72
73 74
73 75
72 74
74 79
75 77
79 77
79 78
79 80
77 78
78 80
83 84
83 85
84 85
85 87
87 88
91 92
92 94
94 96
96 97
1
