100 1 200
1 97
1 2
1 99
97 95
97 98
97 99
2 100
2 3
2 4
2 73
99 20
99 98
99 100
100 80
100 98
3 81
3 4
3 5
3 70
4 5
4 6
73 71
73 72
73 74
81 80
81 82
5 6
5 7
70 68
70 72
6 7
6 8
7 56
7 8
8 66
8 9
8 10
8 19
56 54
56 55
56 69
56 57
56 58
66 64
66 65
66 67
9 10
9 11
10 11
10 12
19 17
19 18
19 50
11 12
11 13
12 13
12 86
13 14
13 15
86 84
86 85
86 87
86 88
14 15
14 16
15 17
15 16
16 17
16 18
17 18
18 24
18 90
18 28
18 96
24 22
24 23
24 25
24 26
90 88
90 89
90 92
28 26
28 27
28 30
96 94
96 95
96 98
50 31
50 48
50 49
50 51
50 52
20 21
21 22
21 23
22 23
23 25
23 51
25 26
25 27
25 38
51 49
51 53
26 27
27 29
27 60
38 36
38 37
38 40
29 49
29 60
60 58
60 59
60 62
30 31
30 32
49 47
49 48
31 33
32 33
32 34
33 34
33 35
34 35
34 36
35 36
35 37
36 37
37 39
39 41
39 40
40 41
40 42
40 67
41 69
41 42
41 43
41 53
42 43
42 44
67 65
67 69
69 68
43 44
43 45
53 54
44 45
44 46
45 46
45 47
46 47
46 48
47 48
52 54
52 88
54 55
88 87
88 89
55 57
57 58
57 59
58 85
59 61
85 63
85 83
85 84
85 87
61 62
61 63
62 79
62 63
62 64
63 64
79 77
79 78
79 80
64 75
75 74
75 76
75 77
72 71
72 74
74 76
76 77
76 78
77 92
77 78
78 80
92 91
92 93
80 82
82 83
82 84
83 94
94 93
94 95
87 89
89 91
91 93
93 95
1
