100 1 200
1 25
1 2
1 100
1 99
25 23
25 47
25 26
25 27
2 3
2 4
100 18
100 56
100 99
99 30
99 73
99 98
3 4
3 9
3 44
3 26
4 5
4 6
4 14
9 11
44 43
44 45
44 46
26 24
26 50
5 81
5 6
6 33
6 7
6 80
6 22
14 12
14 13
14 16
14 83
81 79
81 80
81 82
81 83
33 31
33 34
7 8
7 18
7 63
80 78
80 82
22 20
22 45
22 85
8 74
8 91
8 31
18 16
18 17
63 43
63 61
63 62
63 65
74 72
74 73
74 75
74 76
91 90
91 92
91 93
31 29
31 30
11 10
11 27
11 12
10 12
12 13
12 38
27 75
27 29
13 15
38 36
38 59
15 17
15 66
16 17
83 82
83 84
17 88
17 32
66 56
66 65
66 67
66 68
88 86
88 87
88 90
32 97
32 92
19 20
19 21
20 21
21 89
21 86
21 79
89 75
89 87
86 49
86 84
86 85
86 87
79 58
79 77
79 78
79 92
45 43
45 46
45 93
85 84
85 87
23 24
24 96
96 94
96 95
96 97
96 98
47 46
47 49
50 49
50 98
50 51
50 52
50 95
75 67
75 77
75 82
29 28
29 30
28 30
30 46
46 48
97 48
97 98
92 56
92 90
92 93
92 94
34 76
34 35
34 36
76 77
35 36
35 37
36 87
37 73
37 39
73 71
73 72
39 41
39 40
59 57
59 60
59 61
41 40
41 42
41 43
40 42
42 43
42 48
48 49
48 64
93 95
64 62
64 65
51 53
51 82
52 53
52 54
95 94
53 71
53 55
82 84
54 69
54 55
71 69
71 70
71 72
55 57
55 56
69 67
69 68
69 70
57 58
58 60
60 61
60 67
61 62
67 65
68 70
70 72
77 78
1
