100 1 200
1 57
1 3
1 100
1 99
57 56
57 58
57 59
3 2
3 4
3 17
100 2
100 99
99 97
2 89
89 88
89 90
89 91
4 5
4 6
4 79
17 42
17 19
5 6
5 7
6 8
6 9
6 16
79 11
79 67
79 77
79 78
7 9
7 91
7 8
8 28
8 10
8 12
9 10
9 11
16 14
16 50
16 18
91 90
91 92
28 26
28 27
28 30
10 33
10 11
10 12
10 94
12 13
12 14
12 84
11 39
33 21
33 31
33 32
33 35
33 94
39 37
39 41
39 92
13 71
13 15
14 63
84 47
84 82
84 83
84 85
84 86
71 25
71 58
71 70
71 72
15 51
15 55
15 74
15 92
63 61
63 62
63 65
63 64
51 49
51 52
51 53
55 38
55 53
55 56
74 72
74 73
74 75
74 76
74 87
92 53
92 90
92 98
50 27
50 34
50 48
50 49
50 54
18 34
18 69
18 19
42 40
42 41
42 43
42 44
19 20
19 21
19 97
34 32
34 35
69 67
69 68
69 70
20 21
20 22
21 22
97 95
97 96
22 43
22 26
43 66
43 44
43 45
26 24
26 25
26 27
23 25
23 24
24 56
56 54
56 58
27 29
29 30
29 31
30 31
30 32
31 52
31 87
31 58
52 98
52 54
87 85
87 86
87 88
58 59
35 36
35 37
36 37
36 38
36 82
37 38
38 40
82 80
82 81
40 41
40 76
41 46
41 60
76 53
76 75
46 44
46 45
46 47
46 48
60 59
60 61
44 45
66 64
66 65
66 68
45 47
47 49
48 49
54 53
98 96
59 61
61 96
96 95
62 64
64 65
65 67
67 68
68 70
70 72
72 73
73 75
75 77
77 78
78 80
80 81
81 83
81 93
83 85
93 95
85 86
88 90
1
