1000 1 2000
1 2
1 27
1 999
1 434
2 186
2 4
2 1000
27 25
27 26
27 29
999 997
999 998
999 1000
434 137
434 432
434 433
434 435
434 436
186 100
186 188
4 3
4 854
4 304
1000 107
1000 998
3 5
3 651
3 560
5 6
5 7
651 649
651 759
560 558
560 559
560 659
560 793
854 852
854 855
854 892
304 305
304 580
6 7
6 8
7 373
7 8
8 108
8 696
8 960
373 46
373 73
373 371
373 372
373 929
373 375
108 106
108 107
108 353
108 109
696 694
696 697
696 698
960 958
960 959
960 961
960 962
9 11
9 596
11 10
11 13
11 987
11 925
596 597
596 598
10 529
10 12
529 443
529 528
529 531
12 746
12 448
13 454
13 15
13 148
13 75
13 646
987 578
987 985
987 986
925 815
925 840
925 923
925 926
746 744
746 745
746 747
746 748
448 446
448 447
448 449
448 450
454 453
454 455
454 456
15 509
15 16
148 146
148 147
148 913
75 74
75 76
646 107
646 645
646 664
646 829
14 741
14 853
14 903
14 912
741 740
741 742
741 743
853 851
853 852
853 855
903 901
903 902
903 905
903 904
912 430
912 910
912 911
912 913
509 507
509 510
509 511
16 17
16 18
17 18
17 19
18 582
18 493
18 19
18 574
19 20
19 21
582 581
582 848
582 660
493 491
493 492
493 494
493 495
574 573
574 575
20 684
20 782
20 849
20 341
20 22
21 22
21 23
684 658
684 682
684 683
782 641
782 780
782 783
849 352
849 931
341 339
341 340
341 343
22 894
22 23
22 24
23 25
23 24
894 514
894 892
24 26
24 285
25 26
25 851
26 28
285 47
285 121
285 283
285 286
28 29
28 910
29 197
29 348
29 30
910 193
910 908
910 909
910 911
197 195
197 196
197 199
197 467
197 436
348 287
348 346
348 349
348 350
30 566
30 539
566 271
566 564
566 565
566 568
539 472
539 537
539 538
539 540
539 541
31 33
31 871
33 35
33 364
33 980
33 665
871 483
871 730
871 870
871 872
32 34
32 254
34 35
34 36
34 807
34 323
34 822
254 252
254 334
254 342
35 36
35 37
35 97
364 354
364 362
364 363
364 366
364 970
980 978
980 979
980 981
665 162
665 663
665 664
665 816
665 666
665 667
36 37
36 38
807 57
807 805
807 806
807 809
323 321
323 322
323 649
822 43
822 820
822 821
822 823
37 38
37 39
97 95
97 96
97 99
97 203
38 39
38 781
38 942
39 599
39 544
781 779
781 780
781 783
942 627
942 940
942 941
942 944
599 244
599 259
599 525
599 598
599 761
599 600
544 208
544 260
544 542
544 546
40 41
40 982
41 42
41 976
982 476
982 884
982 981
982 983
982 984
42 43
42 44
42 884
42 503
976 109
976 974
976 975
976 977
976 978
43 45
44 45
44 46
884 508
884 882
884 929
503 501
503 502
503 993
503 505
45 46
45 47
46 158
47 48
158 156
158 157
158 514
158 159
48 49
48 50
49 51
49 727
49 605
50 608
50 51
50 52
51 53
51 426
727 161
727 726
727 728
605 603
605 607
608 606
608 607
608 610
52 588
52 53
53 54
53 55
426 424
426 425
426 427
426 428
588 586
588 587
588 589
588 590
54 785
54 195
55 772
55 89
55 511
785 161
785 195
785 622
785 783
785 784
195 193
195 194
195 678
195 266
195 508
772 770
772 773
772 774
89 87
89 90
511 510
511 513
511 512
56 57
56 58
57 118
58 530
58 883
58 59
58 60
118 116
118 117
118 881
118 119
530 866
883 882
883 885
59 846
59 815
60 61
60 62
60 512
846 347
846 845
846 872
815 166
815 813
61 62
61 63
61 840
62 775
62 795
62 63
512 510
512 514
63 719
63 798
840 241
840 617
840 838
775 606
775 644
775 773
775 893
795 474
795 793
795 797
719 325
719 430
719 717
719 721
798 223
798 298
798 779
798 796
798 797
798 799
64 65
64 825
65 67
65 408
65 862
825 645
825 824
825 826
67 68
67 69
408 406
408 658
408 410
862 861
862 864
66 68
66 773
68 706
68 556
68 272
68 928
773 250
773 447
773 771
773 984
69 166
69 896
706 461
706 674
706 705
706 707
556 309
556 557
556 558
272 270
272 302
272 273
272 274
928 321
928 452
928 926
166 164
166 165
166 167
166 168
166 726
896 206
896 625
896 895
896 897
70 764
70 446
70 839
70 72
764 239
764 762
764 827
446 444
446 447
839 571
839 837
839 841
72 71
72 73
72 74
71 73
71 380
71 253
73 74
380 378
380 379
380 381
380 893
253 251
253 252
253 255
74 554
74 76
554 552
554 553
554 877
554 728
76 77
76 635
77 78
77 79
635 634
635 636
635 637
78 79
78 80
79 81
79 80
80 81
80 82
81 82
81 83
82 83
82 84
82 123
83 84
83 85
84 85
84 86
123 125
85 557
85 87
85 224
86 87
86 88
557 555
557 647
557 632
87 88
224 222
224 223
224 226
88 90
88 290
90 154
90 91
90 92
290 288
290 289
290 865
290 291
154 152
154 153
154 791
91 594
91 824
91 92
92 225
92 278
594 382
594 592
594 593
594 739
594 907
594 595
824 823
225 227
225 277
278 210
278 276
278 277
278 346
278 541
93 94
93 95
94 642
94 95
94 96
95 96
642 641
642 643
96 943
943 941
943 945
943 944
99 98
99 788
99 471
99 155
203 202
203 774
203 874
203 521
98 100
100 867
100 102
100 792
788 787
788 789
788 790
471 469
471 470
471 687
471 472
471 473
155 153
155 685
867 132
867 865
867 866
867 868
867 869
102 101
102 609
102 103
102 104
102 303
792 213
792 790
792 791
792 793
101 152
101 406
152 150
152 153
406 318
406 404
406 405
609 131
609 937
103 105
103 104
104 105
104 106
104 893
303 302
303 305
105 866
105 766
106 834
106 160
893 891
893 966
866 666
866 864
866 865
866 900
766 597
766 601
766 767
766 768
834 418
834 833
834 835
834 836
160 159
160 161
107 109
109 110
353 345
353 351
353 354
353 907
110 555
110 111
555 222
555 299
555 553
111 113
111 339
113 112
113 114
113 115
339 338
339 340
112 204
204 202
204 205
204 918
114 115
114 141
115 116
115 117
141 139
141 140
141 268
141 142
141 143
116 117
117 119
119 121
119 973
881 417
881 445
881 786
881 880
881 882
121 120
121 328
121 786
121 122
973 705
973 971
973 972
973 975
120 418
418 416
418 841
418 761
328 326
328 327
328 329
328 330
786 784
122 163
122 286
163 161
163 443
163 164
286 873
286 288
125 124
125 126
125 127
124 126
126 705
126 127
127 129
127 128
705 703
705 704
705 707
129 128
129 130
129 131
128 130
130 131
130 132
130 821
131 132
131 847
132 133
821 819
847 845
847 848
133 531
133 135
531 532
531 533
135 137
135 562
134 267
134 668
267 265
267 266
267 268
267 624
267 372
668 666
668 667
668 669
668 950
137 136
137 139
562 561
562 563
562 955
562 892
136 138
136 979
138 139
138 140
979 977
979 978
139 140
140 142
140 390
142 329
142 143
142 144
142 315
390 389
390 391
268 177
268 476
143 315
143 144
329 327
329 330
144 145
144 981
315 313
315 317
145 146
145 147
981 983
146 452
147 149
452 150
452 450
452 579
149 150
149 151
913 528
913 911
913 914
913 915
150 151
151 153
151 691
691 689
691 690
691 692
691 693
791 790
791 793
685 683
685 686
685 687
156 157
157 633
157 159
633 403
633 415
633 632
633 634
159 161
514 513
514 977
514 787
161 162
162 164
164 165
164 246
443 442
443 578
443 444
165 167
246 245
246 575
167 169
167 515
167 168
168 169
168 170
168 869
726 725
169 170
169 171
515 508
515 513
170 930
170 172
170 692
869 868
869 870
171 209
171 172
171 173
930 931
172 173
172 174
692 690
692 693
692 694
209 207
209 211
173 735
173 174
173 175
174 687
174 175
174 282
735 718
735 734
175 653
175 205
175 176
175 177
687 523
687 686
687 689
687 688
282 239
282 280
282 281
653 652
653 655
205 601
176 177
176 178
176 636
177 178
178 179
178 180
636 634
636 638
179 180
179 181
180 181
180 182
181 423
181 850
181 182
181 183
182 902
182 183
182 922
423 421
423 422
423 424
850 848
850 852
183 185
183 184
902 901
902 904
922 445
922 920
922 921
922 924
185 184
185 187
185 263
184 210
184 968
210 208
210 211
968 969
968 970
187 188
187 189
263 261
263 835
263 264
188 189
188 190
189 190
189 191
190 679
190 191
191 193
191 810
191 192
679 211
679 438
679 677
679 678
679 681
193 192
810 808
810 809
810 811
192 322
322 320
322 321
322 324
194 196
194 803
196 611
196 813
803 432
803 720
803 801
803 802
678 676
678 677
678 680
678 747
266 264
266 265
508 506
508 507
508 961
611 610
611 613
611 950
813 346
813 811
813 812
199 602
199 844
199 541
467 466
467 468
467 800
436 326
436 435
436 437
198 859
198 848
859 857
859 858
859 860
859 861
602 237
602 600
602 744
602 603
602 604
844 842
844 843
844 845
541 543
200 202
200 551
202 927
551 549
551 553
551 552
201 389
201 756
201 534
201 473
389 243
389 388
389 462
756 754
756 755
756 757
756 758
534 293
534 532
534 533
534 536
473 475
927 332
927 926
774 458
774 817
874 399
874 814
874 873
874 876
521 365
521 449
521 519
521 520
521 580
521 522
918 917
918 919
918 920
601 600
601 603
206 207
207 221
221 219
221 220
221 492
221 892
208 728
728 823
728 730
211 212
211 213
212 213
212 214
213 215
214 929
214 310
214 216
215 502
215 216
929 931
310 308
310 309
310 312
216 217
216 218
216 400
502 500
502 501
502 504
217 218
217 219
218 522
218 219
218 220
400 398
400 399
400 401
400 410
219 220
522 520
522 523
220 222
222 789
492 490
492 494
892 538
892 615
892 890
892 891
789 790
226 337
226 227
226 228
227 228
227 292
277 275
277 276
277 279
337 335
337 620
228 229
228 230
292 291
292 293
292 294
292 895
229 965
229 230
229 231
230 284
230 231
230 232
965 963
965 964
965 966
231 233
231 232
284 997
232 234
232 504
233 234
233 235
234 650
234 236
234 585
504 453
504 505
504 506
235 236
235 237
650 279
650 469
650 648
650 649
650 652
236 237
236 238
585 583
585 584
585 587
585 964
237 283
237 619
238 239
238 240
283 281
619 459
619 618
619 620
619 621
239 241
240 241
240 242
240 484
241 242
241 243
242 567
242 244
242 343
484 693
243 244
567 565
567 569
567 568
244 245
343 344
245 597
245 832
597 595
597 598
832 402
832 695
832 830
832 831
832 856
575 573
575 577
575 805
575 808
247 249
247 248
249 250
249 355
249 622
248 536
248 250
248 797
536 535
536 538
250 251
797 820
797 799
355 354
355 357
622 460
622 620
622 621
251 468
251 463
468 469
463 461
463 465
463 464
255 257
255 256
334 332
334 333
334 335
334 336
334 759
342 340
342 742
342 479
257 258
257 259
256 393
256 258
256 623
393 365
393 391
393 392
393 395
258 259
258 260
623 621
623 625
623 624
259 260
259 969
260 422
260 967
260 860
969 479
969 631
969 967
969 970
422 420
422 421
967 966
860 474
860 571
860 858
860 984
261 262
262 738
262 264
738 598
738 740
264 265
835 833
835 836
835 837
265 592
592 591
592 717
624 352
624 625
624 626
372 370
372 371
476 474
476 475
476 477
269 313
269 924
269 783
313 311
313 312
313 314
924 926
783 478
783 784
270 298
270 837
298 296
298 297
298 299
837 483
837 934
271 273
271 299
273 274
273 275
299 297
299 897
299 300
302 300
302 301
274 275
274 276
275 276
279 914
346 344
346 345
346 347
914 578
914 915
280 281
997 995
997 996
997 998
873 604
873 809
873 872
873 875
288 289
287 289
287 794
289 589
289 857
289 383
794 796
589 587
589 590
857 855
383 381
383 385
383 938
865 863
865 864
291 293
293 294
293 295
293 765
294 295
294 296
295 297
295 296
765 763
765 767
296 297
897 898
897 899
300 301
301 767
767 769
767 768
305 306
305 307
580 578
580 579
580 581
306 667
306 308
307 482
307 309
667 545
667 669
308 309
482 481
482 483
482 900
312 311
312 314
311 855
314 347
314 316
314 637
347 349
316 317
316 318
637 638
637 639
317 318
317 319
318 732
319 321
319 889
732 730
732 731
732 733
732 734
321 320
321 986
889 558
889 887
889 888
889 890
889 891
320 612
612 610
612 613
324 491
324 325
324 326
649 647
649 648
649 879
491 490
325 578
325 326
578 576
330 331
330 332
331 332
331 333
332 333
333 517
517 494
517 518
517 519
517 842
517 838
335 357
336 338
336 790
759 757
759 761
357 356
357 358
357 359
357 763
338 681
338 340
620 618
620 621
681 680
681 682
742 460
742 740
742 744
742 954
479 477
479 481
479 480
479 736
344 345
345 631
345 827
631 629
631 630
631 725
827 826
827 828
349 350
349 351
350 351
350 352
351 352
352 354
907 905
907 906
907 909
356 358
358 359
358 360
359 361
359 990
359 360
763 762
360 661
360 890
361 363
361 590
990 988
990 989
990 992
661 660
661 662
661 663
890 888
890 891
363 362
363 365
363 801
590 591
590 852
801 799
366 367
366 368
970 424
970 972
367 975
367 816
367 369
367 368
368 370
368 658
975 974
816 412
816 814
369 370
369 371
370 371
658 656
658 657
658 934
658 660
375 374
375 377
375 376
374 699
374 584
374 376
699 697
699 698
699 700
584 583
376 378
376 394
377 378
377 379
378 379
394 392
394 395
394 396
379 381
381 836
381 382
836 398
836 838
382 456
382 384
456 455
456 458
384 385
384 386
385 386
385 387
938 614
938 616
938 915
938 936
938 940
386 387
386 388
387 411
387 388
388 526
411 409
411 410
411 412
411 413
526 524
526 525
526 931
526 528
462 414
462 460
391 392
395 396
395 397
396 397
396 398
397 945
397 398
397 399
398 710
945 425
945 944
399 401
710 708
710 709
710 711
401 403
401 614
410 409
403 405
614 543
614 613
614 615
614 616
614 923
402 404
404 405
405 407
407 409
407 905
905 673
905 904
905 906
412 414
413 414
413 415
413 919
414 415
414 416
415 416
919 917
919 921
416 417
417 419
417 814
419 420
419 421
814 812
841 625
841 842
420 421
420 495
495 494
495 497
425 465
425 427
465 464
465 466
427 428
427 429
428 429
428 638
428 455
429 430
429 431
638 833
455 771
455 457
431 433
431 432
433 432
433 842
435 437
437 438
437 439
438 439
439 441
439 745
439 440
441 440
441 673
441 442
745 743
440 876
440 953
876 769
876 875
876 877
953 951
953 952
953 955
673 672
673 743
442 444
444 445
447 449
449 451
450 451
451 934
451 625
934 932
934 933
934 935
625 626
625 864
579 577
771 770
457 459
457 747
458 459
458 460
459 461
747 748
460 461
464 466
466 916
916 852
916 915
916 917
800 799
800 802
469 470
470 737
470 472
737 478
737 548
737 736
472 474
474 475
475 477
477 478
478 540
478 480
540 538
540 542
480 481
480 682
481 483
736 734
682 680
682 683
900 806
900 898
900 899
693 656
693 694
693 695
485 486
485 487
486 487
486 488
487 489
487 488
488 577
488 489
488 490
488 733
489 490
489 730
577 497
577 576
733 731
733 734
730 729
730 731
497 496
497 499
496 498
498 499
498 500
499 964
499 501
500 501
964 963
993 991
993 992
993 994
505 506
505 507
506 507
961 959
961 962
977 978
787 593
516 518
516 878
518 519
518 520
878 877
878 879
878 880
519 520
523 525
525 524
931 933
528 527
528 666
527 603
603 604
532 533
533 535
535 537
537 538
542 543
543 545
543 985
545 546
545 758
985 983
546 547
546 548
758 750
758 757
547 548
547 549
548 549
549 550
550 806
550 936
806 804
806 805
806 808
936 935
936 937
553 552
877 875
877 879
558 946
647 645
647 648
632 630
632 634
946 944
946 948
559 561
561 563
659 657
659 660
793 996
563 564
563 565
955 956
564 565
568 569
568 570
569 570
569 571
570 571
570 572
571 572
572 573
572 818
818 819
818 820
805 804
581 583
660 662
587 586
587 671
671 669
671 670
671 672
591 593
593 595
717 715
595 748
739 740
748 749
748 750
598 600
744 743
604 606
607 856
856 675
937 640
937 935
937 939
937 940
613 615
950 776
950 948
950 949
950 951
615 616
616 618
923 921
617 833
621 724
621 700
724 722
724 723
724 819
700 698
700 702
626 627
626 628
864 863
627 628
627 629
628 629
628 630
629 630
725 723
639 641
639 640
641 643
640 749
640 754
749 704
749 750
749 751
749 983
749 828
754 752
754 753
643 644
643 645
644 778
644 645
778 657
778 776
778 777
664 662
664 663
829 830
879 880
652 811
652 972
811 882
972 971
655 654
655 657
655 656
654 656
662 663
669 769
669 828
769 768
769 770
769 831
828 830
670 672
672 674
674 675
675 677
675 888
677 676
888 886
888 887
686 688
688 941
689 690
941 939
941 940
694 695
695 697
695 796
697 698
796 939
702 701
702 703
702 704
701 703
703 704
707 708
707 709
708 709
709 711
711 713
711 712
713 712
713 714
713 715
713 872
712 714
714 715
714 716
715 716
872 870
716 718
716 939
718 992
718 720
939 940
992 991
992 994
720 721
721 722
721 723
722 723
819 817
819 820
729 731
954 826
954 952
954 956
750 751
750 752
751 753
751 752
752 753
753 755
755 757
760 762
760 911
911 909
768 770
831 830
777 779
777 962
779 988
962 963
988 989
996 994
996 995
996 998
802 804
882 880
826 956
956 957
843 845
861 863
868 870
885 886
885 887
886 887
898 899
898 951
899 901
951 949
904 906
906 908
908 909
920 921
933 932
933 935
948 947
948 949
947 949
957 958
957 959
958 959
989 991
994 995
1
