1000 1 2000
1 3
1 999
1 1000
1 523
1 405
1 512
3 4
3 980
999 400
999 681
999 998
1000 2
1000 998
523 522
523 524
523 525
405 403
405 406
512 510
512 511
512 514
2 4
2 518
4 581
4 6
4 880
518 437
518 517
518 520
980 103
980 421
980 981
581 580
581 583
6 7
6 8
880 234
880 878
880 879
880 881
880 882
5 220
5 7
220 221
220 222
7 9
7 498
7 8
8 10
8 106
8 506
9 905
9 10
498 496
498 497
498 499
10 11
10 12
106 56
106 105
106 355
506 504
506 505
506 507
905 906
905 907
11 12
11 13
12 13
12 14
12 88
13 574
13 15
14 36
14 16
88 86
88 89
574 573
574 575
574 576
15 436
15 261
15 303
36 34
36 35
36 37
36 376
16 489
16 18
16 340
436 434
436 435
436 631
436 864
261 53
261 260
261 262
303 301
303 430
303 568
489 50
489 487
489 488
489 490
18 17
18 19
18 20
340 339
340 341
340 342
17 19
17 308
17 957
19 21
19 431
308 306
308 307
308 420
957 770
957 959
20 756
20 22
21 22
21 23
431 182
431 426
431 429
431 430
431 546
431 432
756 127
756 754
756 755
756 758
22 23
22 138
22 87
22 24
23 848
23 24
23 922
138 136
138 353
87 85
87 86
87 390
87 382
24 25
24 26
848 386
848 719
848 846
848 849
922 920
922 921
922 923
25 27
25 757
26 27
26 28
27 92
27 28
27 29
757 755
757 758
757 759
28 875
28 29
28 30
92 90
92 91
92 93
92 293
29 703
29 31
875 873
875 874
875 877
30 594
30 31
30 32
703 478
703 701
703 702
703 704
31 101
31 212
31 32
594 592
594 593
594 595
32 34
32 262
32 532
101 853
101 662
212 210
212 211
212 229
212 214
34 33
34 35
262 260
262 264
532 152
532 530
532 531
532 533
532 534
532 831
33 997
33 930
33 510
997 995
997 996
997 998
930 134
930 183
930 673
930 929
930 932
510 508
510 509
510 511
35 37
35 300
37 38
37 39
300 298
300 299
300 761
300 413
376 375
376 835
376 377
38 780
38 40
39 41
39 40
780 58
780 443
780 778
780 779
40 42
40 911
40 688
41 871
41 390
42 43
42 44
911 237
911 388
911 909
911 910
688 659
688 686
688 687
688 993
871 126
871 684
871 869
871 870
871 873
390 370
390 388
390 950
43 252
43 45
44 45
44 590
44 495
44 829
44 639
252 251
252 253
252 254
45 46
45 47
590 588
590 589
590 591
590 592
495 141
495 493
495 730
829 827
829 828
829 831
639 633
639 637
639 638
639 671
639 640
46 550
46 48
46 148
47 121
47 893
47 966
47 48
550 422
550 548
550 551
550 552
48 163
48 950
48 759
148 147
148 556
148 150
121 119
121 120
121 122
121 123
893 892
893 914
893 894
966 89
966 180
163 161
163 162
163 250
163 165
950 686
950 948
950 949
950 990
759 758
759 898
759 760
49 50
49 51
50 52
51 52
51 928
52 841
52 53
52 54
928 571
928 616
928 926
928 927
841 653
841 839
841 840
841 842
53 54
53 55
54 55
54 56
55 132
55 56
56 149
56 57
56 58
132 113
132 130
132 131
132 484
132 134
149 75
149 147
149 577
57 839
57 622
57 58
57 59
58 516
58 747
58 596
839 655
839 838
622 133
622 620
622 621
622 623
59 995
59 274
59 660
59 796
516 517
747 558
747 643
747 745
747 746
747 748
747 885
596 595
596 597
596 598
995 993
995 994
995 996
274 272
274 273
274 433
274 758
660 658
660 659
660 662
796 352
796 794
796 795
796 849
796 797
60 157
60 62
60 519
157 155
157 156
157 774
157 159
62 442
62 711
519 517
519 776
519 521
519 520
61 399
61 63
399 398
399 401
399 400
63 65
63 70
63 64
442 440
442 441
442 812
442 813
442 443
711 709
711 713
711 712
65 66
65 800
70 68
70 69
70 72
64 66
64 256
66 67
66 68
256 254
256 255
256 257
256 258
256 726
800 799
800 801
800 802
800 989
67 69
67 626
67 989
68 69
69 71
69 889
69 287
626 624
626 625
626 628
989 471
989 750
989 987
989 988
71 73
71 727
71 271
889 846
889 888
287 706
72 73
72 74
73 74
73 75
727 725
727 729
271 270
271 418
271 272
271 273
74 75
74 76
75 99
75 77
75 979
76 77
76 78
99 97
99 98
99 100
77 611
77 78
77 79
979 616
979 978
979 981
78 926
78 79
611 609
611 610
611 612
79 81
79 80
926 115
926 816
926 925
81 80
81 82
81 83
81 598
81 798
80 82
82 677
82 84
82 640
83 571
83 84
83 85
598 108
598 597
798 181
798 799
677 675
677 676
677 678
677 679
84 85
84 603
640 638
640 641
571 569
571 570
571 572
85 86
603 601
603 602
603 604
603 605
382 381
382 384
89 354
89 103
89 90
89 91
354 334
354 352
354 353
354 356
103 102
103 697
90 831
91 93
831 104
831 295
831 394
93 983
93 95
293 291
293 292
293 294
983 245
983 490
983 981
983 982
983 985
95 866
95 392
95 96
94 587
94 96
587 529
587 586
587 588
587 589
96 693
96 895
866 811
866 864
866 867
866 868
392 204
392 815
693 691
693 694
693 695
895 335
895 894
895 897
97 98
98 299
98 374
299 298
299 301
374 372
374 373
374 619
100 102
100 903
100 171
102 104
903 131
903 901
903 902
171 128
171 329
171 545
171 370
853 851
853 852
853 854
853 855
662 661
662 664
104 105
104 317
697 695
697 805
697 698
697 869
105 679
317 316
317 715
317 318
679 678
679 680
679 733
355 353
355 356
355 657
355 403
355 408
107 109
107 488
109 108
109 110
109 111
488 486
488 487
488 490
108 110
110 111
110 112
111 223
111 599
111 696
112 113
112 641
112 904
223 222
223 225
223 224
599 288
599 409
599 597
599 600
696 433
696 694
696 695
113 114
113 191
641 642
641 643
904 505
904 906
114 115
114 116
191 189
191 190
191 902
115 116
115 634
115 380
116 557
116 951
634 635
380 209
380 378
380 379
380 397
557 377
557 555
557 558
557 559
951 608
951 949
951 952
951 953
117 118
117 119
118 119
118 120
119 120
120 122
120 549
122 123
122 542
549 547
549 548
549 551
123 131
123 125
542 213
542 541
542 544
131 129
131 133
125 797
125 127
124 545
124 423
124 126
545 543
545 546
545 547
423 421
423 422
423 424
126 752
126 128
797 178
797 333
797 514
797 795
127 362
127 433
752 751
752 753
752 754
128 130
362 363
362 364
433 240
433 416
433 432
433 434
433 472
130 129
130 259
130 925
259 257
259 258
259 260
259 751
925 923
925 924
133 134
484 304
484 482
484 485
484 486
134 135
135 137
135 282
135 136
137 136
137 139
137 963
282 280
282 281
282 284
136 483
136 302
483 481
483 485
302 705
302 304
139 140
139 141
963 961
963 962
963 964
963 965
353 351
353 352
140 141
140 838
141 263
141 142
141 175
141 538
141 416
838 836
838 837
838 840
263 265
142 143
142 144
175 174
175 177
175 176
538 540
416 414
416 415
416 651
143 145
143 347
143 144
144 370
144 146
144 406
145 146
145 795
145 810
347 346
347 349
370 368
370 372
146 291
146 147
146 568
406 404
406 407
406 408
795 793
795 794
810 350
810 563
810 808
810 809
291 289
291 290
291 470
568 566
568 567
568 791
556 554
556 555
556 558
150 476
150 151
150 152
577 254
577 424
577 576
577 579
476 474
476 475
476 478
151 153
151 169
152 154
152 544
153 154
153 155
153 606
169 167
169 168
169 197
169 816
154 155
154 656
544 301
544 543
544 546
155 156
155 751
606 604
606 605
606 608
656 655
656 657
656 658
156 526
751 268
751 749
751 750
526 525
526 527
526 528
774 773
774 776
159 158
159 161
159 956
159 160
158 333
158 160
333 329
333 331
333 823
160 161
160 162
161 162
161 504
956 453
956 511
956 954
956 955
162 164
164 565
164 415
250 248
250 939
250 251
165 166
165 167
565 563
565 564
565 566
565 567
415 414
415 507
166 167
166 168
167 534
167 168
168 170
534 200
534 533
534 913
170 172
170 830
197 195
197 196
197 198
197 199
816 309
816 814
816 817
172 173
172 174
172 914
830 357
830 731
830 821
830 827
329 327
329 328
329 331
173 642
173 772
173 174
173 469
174 176
914 912
642 643
642 644
642 664
772 372
772 770
469 467
469 468
469 470
176 177
176 178
177 179
177 180
178 366
178 254
178 990
179 180
179 181
180 836
180 491
366 269
366 365
366 815
254 253
990 767
990 988
990 991
181 183
836 834
836 835
836 837
491 490
491 493
183 184
182 184
184 185
184 186
185 410
185 187
186 771
186 373
186 665
186 474
186 187
186 188
410 617
410 412
187 188
187 789
187 628
771 773
373 371
373 372
665 306
665 663
665 666
474 472
474 818
474 537
188 189
188 190
789 787
789 906
789 991
628 644
189 190
190 192
192 194
192 264
902 414
902 685
902 900
902 901
194 193
194 195
194 196
264 237
264 266
193 195
193 707
195 196
707 705
707 706
707 709
196 198
196 675
198 199
198 200
675 499
675 674
675 714
199 201
199 310
200 201
200 202
200 946
201 202
201 203
310 309
310 407
310 311
310 763
202 203
202 204
946 391
946 944
946 945
946 948
203 601
203 862
204 205
204 919
601 600
601 977
862 860
862 863
862 864
205 451
205 206
205 278
919 285
919 917
919 918
919 920
451 360
451 449
451 450
451 452
451 746
206 404
206 207
278 244
278 276
278 277
404 402
404 713
207 209
207 208
209 208
209 965
209 210
209 211
208 210
210 211
965 967
211 213
213 632
213 215
213 768
229 227
229 230
229 231
214 663
214 216
632 630
632 631
632 633
215 217
215 901
768 766
768 769
768 770
663 286
663 657
663 661
216 217
216 218
217 218
217 219
901 899
218 219
218 787
219 779
219 629
219 959
787 786
787 788
779 778
779 792
629 627
629 630
629 631
959 961
959 960
221 573
221 222
222 224
573 572
573 840
573 575
224 225
224 226
224 750
225 226
225 350
226 227
226 228
226 837
226 232
226 811
750 748
750 749
350 348
350 349
350 479
350 351
227 228
228 313
228 342
837 835
232 230
232 231
232 940
811 809
313 311
313 312
313 314
313 315
342 341
342 343
342 827
230 231
231 233
231 943
233 234
233 235
943 942
943 945
940 389
940 939
940 941
234 609
234 672
235 236
235 237
609 607
609 610
672 670
672 671
672 674
236 369
236 237
236 238
237 238
369 367
369 368
369 425
369 920
238 741
238 240
741 740
741 742
741 743
240 239
240 241
239 290
239 360
290 288
290 289
290 292
360 358
360 359
241 242
241 243
242 243
242 244
243 244
243 245
244 245
244 246
245 247
246 529
246 248
247 249
247 248
529 527
529 528
529 530
248 249
248 739
249 941
249 820
249 887
249 251
739 737
739 738
739 740
941 939
941 942
820 612
820 819
820 821
887 536
887 886
887 888
251 708
251 463
251 253
939 684
939 937
939 938
708 514
708 709
463 461
463 462
463 464
463 818
253 255
255 257
255 627
255 502
257 906
627 625
502 479
502 500
502 501
258 260
726 511
726 724
726 725
726 762
906 938
906 907
265 266
265 394
266 267
266 268
394 393
394 396
267 268
267 269
268 269
269 270
270 272
272 273
272 477
418 417
418 419
273 275
477 345
477 478
275 546
275 276
275 277
275 812
758 524
758 777
758 764
546 547
276 277
276 992
277 279
277 968
812 673
992 994
279 338
279 280
279 762
279 988
968 413
968 967
968 970
338 336
338 337
338 339
280 281
762 409
762 724
762 760
762 761
988 986
988 987
281 283
283 521
283 285
284 497
284 344
284 286
521 485
521 520
521 522
521 909
285 286
497 496
497 499
344 343
344 346
286 522
286 288
522 524
288 289
706 704
706 908
292 458
292 537
470 326
470 468
470 471
470 472
458 456
458 459
458 460
537 457
537 535
537 536
294 295
294 680
295 297
680 589
680 681
297 296
297 298
297 552
296 298
298 673
298 825
552 551
552 553
552 554
825 826
761 763
413 411
705 704
304 305
430 428
430 429
430 432
305 712
305 972
305 307
712 481
712 710
712 714
972 970
972 971
972 973
972 974
307 309
309 807
420 421
420 422
807 806
807 809
807 808
407 409
407 960
311 324
311 312
763 764
324 322
324 323
324 326
312 314
314 315
314 316
315 674
315 459
315 655
316 318
674 676
459 457
459 461
655 653
655 654
318 493
318 320
715 713
715 714
715 716
715 717
493 492
493 494
320 319
320 321
320 322
320 815
319 321
321 322
321 323
322 323
815 805
815 814
815 817
323 325
325 326
325 352
326 328
352 351
328 327
328 330
330 331
330 332
330 760
331 332
332 591
332 334
332 559
760 508
591 589
591 592
334 336
559 558
559 974
559 694
823 475
823 821
823 822
823 824
336 335
336 337
335 337
337 339
339 341
341 343
343 345
827 826
827 828
345 620
346 801
346 348
620 618
620 619
620 621
801 799
801 802
348 349
349 351
479 478
479 480
356 877
356 358
657 695
403 401
403 824
408 958
877 593
877 876
877 878
358 357
358 541
358 359
357 359
359 361
359 924
541 539
541 540
361 385
361 363
924 923
385 383
385 384
385 386
385 387
363 364
363 365
364 482
364 792
365 367
482 635
792 790
792 791
792 794
367 575
367 368
575 576
368 393
393 391
425 424
425 426
425 427
371 388
388 387
388 389
619 617
619 618
619 788
375 377
377 918
377 379
835 833
835 834
918 916
918 917
379 378
379 381
381 873
381 852
397 395
397 396
397 938
873 515
873 872
852 501
852 686
852 850
852 851
384 383
384 814
814 417
814 881
386 387
387 389
389 842
389 391
842 585
842 843
842 844
396 395
396 398
396 991
398 400
991 993
938 937
938 942
400 401
400 402
401 402
402 993
993 960
824 667
824 822
713 714
713 828
960 958
960 961
960 962
958 863
617 615
617 618
617 813
617 832
412 411
412 437
412 414
437 435
437 438
437 439
507 508
507 509
651 650
651 653
419 421
419 448
448 446
448 447
448 449
448 450
424 732
732 730
732 731
732 733
426 428
427 428
427 429
428 429
429 564
564 806
432 434
434 435
472 845
631 630
631 633
864 863
438 439
438 528
439 441
439 440
528 530
441 440
441 443
443 444
443 445
813 503
444 445
444 446
445 446
445 447
446 447
447 449
447 563
449 450
449 636
563 561
563 562
450 452
636 635
636 637
452 453
452 454
746 744
746 745
746 748
453 454
454 547
454 455
454 456
455 457
455 456
456 932
456 654
932 931
932 933
932 934
654 734
460 461
460 462
461 462
462 464
464 465
464 466
818 817
465 466
465 467
465 808
466 738
466 927
467 468
738 736
738 737
738 740
927 929
468 785
785 784
785 786
471 473
473 540
473 856
845 583
845 843
845 844
845 846
540 539
540 806
856 733
856 854
856 855
856 858
478 480
480 781
480 982
781 691
781 782
982 981
982 984
635 633
635 637
485 975
485 487
486 487
975 973
975 974
975 977
975 976
490 492
492 494
494 719
494 496
719 717
719 718
719 720
719 767
730 728
730 729
499 500
500 501
503 505
508 740
509 649
509 511
649 524
649 647
649 650
513 921
513 515
921 923
515 517
520 819
776 775
776 778
819 817
819 821
909 907
525 527
527 767
767 765
767 766
767 769
530 531
531 533
533 987
533 659
987 985
987 986
659 955
913 912
913 915
535 536
536 908
908 539
908 907
806 804
806 964
551 553
551 978
551 733
553 554
553 555
978 976
978 977
733 709
733 936
733 734
554 555
558 560
558 658
560 562
560 608
974 973
974 976
694 579
694 692
694 695
562 561
562 700
608 607
608 610
700 698
700 699
700 701
700 702
566 567
567 915
915 833
915 916
915 917
791 790
791 793
569 754
754 753
754 755
570 572
572 667
667 666
667 668
667 669
576 578
578 579
578 580
579 743
579 698
580 582
743 742
743 745
698 699
582 583
582 584
583 585
583 783
584 585
584 586
585 994
585 597
783 782
783 885
783 784
586 588
597 595
597 788
588 850
589 861
850 851
861 859
861 860
861 863
592 593
593 595
593 729
729 728
729 892
788 786
788 790
600 602
602 604
602 900
977 765
977 802
977 976
604 605
900 898
900 899
605 607
610 612
612 613
612 614
613 614
613 615
614 899
614 615
615 616
899 857
899 897
899 898
616 645
616 648
616 618
645 644
645 646
645 647
648 646
648 647
648 650
832 833
621 623
623 625
623 624
625 624
625 944
944 710
944 942
644 643
644 646
637 638
671 669
671 670
643 884
664 666
884 882
884 883
884 885
646 784
646 647
784 782
650 652
652 653
652 686
686 687
734 984
955 953
955 954
666 668
668 689
668 669
668 670
669 670
689 687
689 690
676 678
678 917
917 859
917 916
681 682
682 683
682 684
683 684
683 685
685 687
690 691
690 692
691 692
692 886
886 888
805 803
805 804
869 868
869 870
699 981
701 702
702 704
828 826
716 717
716 718
717 718
718 720
720 721
720 722
721 722
721 723
722 723
722 724
723 724
723 725
724 725
892 867
892 890
892 891
936 934
936 935
936 937
984 985
984 986
735 737
735 736
737 736
742 744
744 745
748 749
885 883
885 888
753 857
753 755
857 855
777 775
777 778
764 833
764 964
764 766
898 896
898 897
964 962
766 765
766 891
769 770
769 858
858 859
858 860
773 775
782 847
782 890
847 846
847 937
793 794
849 851
802 804
804 803
881 879
881 882
843 844
843 865
844 846
865 863
865 867
937 935
854 855
867 868
868 870
870 872
872 874
874 876
876 878
878 879
882 883
894 896
896 897
910 948
948 947
948 949
929 931
931 933
933 934
933 935
934 935
945 947
947 949
952 953
952 954
953 954
961 962
967 969
969 970
969 971
970 971
971 973
985 986
996 998
1
