1000 1 2000
1 2
1 3
1 999
1 888
2 3
2 4
2 508
2 1000
3 4
3 5
999 945
999 997
999 998
888 760
888 886
888 887
888 889
4 5
4 6
508 506
508 507
508 510
1000 304
5 6
5 844
5 351
6 262
6 935
6 440
6 992
844 134
844 842
844 845
351 349
351 350
351 982
262 18
262 260
262 263
262 264
262 472
935 894
935 933
935 934
440 369
440 439
440 495
440 442
992 990
992 991
992 993
7 9
7 682
7 8
9 8
9 10
9 11
9 106
9 925
682 680
682 684
682 848
682 695
8 10
10 11
10 560
11 12
11 13
106 104
106 105
106 107
925 834
925 867
925 924
560 483
560 558
560 559
560 561
560 562
12 83
12 14
13 14
13 15
83 81
83 82
83 690
83 85
14 986
14 15
15 17
15 81
986 46
986 631
986 984
986 985
986 987
17 16
17 18
17 19
81 79
81 80
81 82
16 18
18 538
19 227
19 21
538 536
538 537
538 539
538 540
227 225
227 228
227 229
21 20
21 22
21 608
20 22
20 438
22 23
22 896
438 436
438 437
438 439
608 137
608 300
608 606
608 607
608 609
23 887
23 24
896 894
896 895
896 897
896 898
887 885
887 886
887 889
24 26
24 91
24 355
26 25
26 27
26 240
91 89
91 90
91 781
91 92
91 93
355 353
355 354
355 356
25 27
25 619
27 28
27 29
619 617
619 621
240 238
240 239
240 241
240 242
28 29
28 846
29 627
29 30
29 31
846 845
846 847
846 848
627 257
627 626
627 629
30 31
30 32
31 33
31 32
32 33
32 34
33 34
33 35
34 35
34 884
35 37
35 911
884 883
884 885
884 886
37 38
37 39
911 909
911 910
911 913
911 912
36 38
36 970
36 183
38 389
38 880
38 470
970 968
970 969
970 972
183 181
183 182
183 742
183 185
183 862
39 281
39 40
389 387
389 388
389 390
389 391
880 266
880 273
880 878
880 879
880 882
470 469
470 471
470 472
281 280
281 282
281 283
40 41
40 42
41 43
41 140
42 43
42 44
43 211
43 45
140 138
140 139
140 141
140 142
44 961
44 45
44 46
211 209
211 210
211 212
211 213
45 46
45 47
961 959
961 960
961 963
46 900
46 48
47 816
47 48
900 898
900 899
900 901
900 902
48 662
48 922
816 814
816 815
816 817
816 818
816 821
662 660
662 661
662 931
662 664
922 527
922 920
922 921
922 923
49 50
49 51
50 51
50 52
51 52
51 53
52 54
52 319
53 471
53 55
54 55
54 56
319 317
319 321
319 320
471 469
471 727
471 472
471 473
55 57
55 56
56 977
56 58
57 58
57 59
977 312
977 975
977 976
977 979
58 59
58 150
59 60
59 61
150 148
150 149
150 151
150 152
60 61
60 62
61 62
61 63
62 63
62 64
63 65
63 336
63 64
63 192
64 65
64 66
65 66
65 67
336 334
336 335
336 338
192 190
192 191
192 194
192 544
66 418
66 67
67 68
67 69
418 416
418 417
418 419
418 420
68 453
68 69
69 70
69 71
453 451
453 454
453 455
70 71
70 72
71 73
71 72
72 73
72 74
72 330
73 75
73 208
74 75
74 76
74 246
330 328
330 329
330 332
75 76
75 77
75 364
208 206
208 207
208 259
208 210
208 576
76 78
76 102
246 244
246 866
246 679
246 247
77 78
77 79
364 362
364 363
364 875
364 365
78 882
78 79
78 80
78 146
102 101
102 994
102 103
79 263
882 883
80 82
146 144
146 145
146 272
146 148
263 261
263 264
263 265
263 468
82 84
84 86
84 735
690 688
690 689
690 691
690 692
85 86
85 87
86 87
86 88
735 733
735 737
735 994
735 736
87 154
87 88
88 89
88 90
154 152
154 153
154 451
154 247
154 155
89 90
90 92
92 93
92 94
92 610
781 177
781 779
781 780
93 94
93 95
94 95
94 96
610 308
610 498
610 609
95 97
95 96
96 97
96 98
97 98
97 99
98 289
98 99
98 904
99 100
99 101
289 287
289 288
289 290
289 579
904 902
904 903
904 905
904 906
100 546
100 101
100 782
101 147
546 199
546 545
546 548
546 700
782 780
782 784
782 923
147 145
147 491
147 149
994 993
994 996
103 105
103 104
105 107
104 483
483 131
483 484
483 914
107 108
107 209
108 110
108 634
209 207
209 210
110 111
110 112
634 632
634 633
634 635
634 636
109 111
109 304
111 113
111 112
304 302
304 303
304 305
304 306
304 854
112 114
112 277
113 114
113 115
114 115
114 116
277 275
277 276
277 278
277 279
115 116
115 117
116 549
116 118
117 118
117 312
549 547
549 548
549 550
549 551
549 754
118 119
118 120
312 310
312 311
312 313
312 314
119 121
119 901
119 120
120 430
120 337
120 725
121 810
121 675
901 465
901 899
901 902
430 429
430 617
430 479
337 335
337 338
337 339
725 723
725 724
725 726
725 727
810 809
810 811
810 812
675 643
675 673
675 674
675 676
122 123
122 124
123 550
123 299
123 598
124 125
124 126
550 548
550 551
550 679
550 552
550 728
299 297
299 298
299 300
299 301
598 596
598 597
598 600
598 667
598 736
125 126
125 127
126 510
126 127
126 128
127 129
127 194
127 798
510 509
510 512
128 129
128 130
129 130
129 131
194 193
194 196
194 934
194 381
798 605
798 796
798 797
130 131
130 132
131 132
131 156
132 133
132 134
156 155
156 894
156 310
133 134
133 135
134 135
134 136
135 137
135 136
136 137
136 138
136 686
136 636
136 830
137 138
137 139
138 139
686 684
686 685
686 687
636 635
636 638
830 828
830 829
830 831
139 141
139 279
141 142
141 143
279 278
279 836
142 143
142 144
143 145
143 465
143 144
144 145
465 463
465 464
272 270
272 271
272 881
272 274
148 691
148 149
148 671
491 489
491 490
491 492
491 493
149 151
691 689
691 692
671 669
671 670
671 673
151 153
151 177
151 152
152 153
153 155
153 411
177 175
177 176
177 494
177 179
155 157
411 401
411 409
411 410
411 657
411 523
411 412
451 449
451 450
451 452
247 245
247 427
157 158
157 159
894 892
894 893
894 948
310 308
310 309
310 588
310 311
158 595
158 160
159 161
159 160
595 593
595 594
595 596
595 597
160 161
160 162
161 162
161 163
161 518
162 164
162 838
163 556
163 165
518 516
518 519
164 165
164 166
838 738
838 836
838 837
838 840
556 554
556 555
556 557
556 558
165 871
165 166
165 167
166 167
166 168
871 869
871 870
871 872
167 169
167 168
168 452
168 169
168 940
169 170
169 171
452 454
940 939
940 941
940 942
170 171
170 172
170 475
171 172
171 173
172 174
172 822
475 473
475 474
475 477
173 174
173 175
174 175
174 176
822 226
822 820
822 821
822 823
822 824
175 176
176 178
176 756
178 179
178 180
756 754
756 755
756 757
494 493
494 496
179 180
179 181
180 181
180 182
181 234
181 402
182 184
234 230
234 233
234 235
402 400
402 403
402 404
184 186
184 480
742 740
742 741
742 743
742 912
742 984
185 906
185 187
862 197
862 860
862 861
186 187
186 188
480 479
480 481
480 482
906 688
906 905
906 907
906 908
187 188
187 189
188 189
188 190
189 190
189 191
190 191
191 193
193 526
544 542
544 543
544 545
544 622
526 524
526 525
526 527
526 528
196 195
196 197
196 198
934 449
934 932
934 933
934 936
381 379
381 380
381 382
195 197
195 916
197 198
197 199
197 779
916 516
916 914
916 915
916 918
198 308
198 200
199 200
779 778
308 306
308 307
200 201
200 768
201 202
201 203
768 766
768 767
768 769
768 874
202 203
202 204
203 937
203 205
204 205
204 206
937 936
937 938
937 939
205 669
205 207
206 207
669 667
669 670
259 258
259 261
210 848
576 574
576 575
576 577
576 578
848 847
848 849
212 625
212 213
212 214
213 214
213 215
625 624
625 850
625 626
214 215
214 216
215 217
215 216
216 218
216 261
217 218
217 219
218 219
218 220
261 808
219 220
219 221
220 221
220 222
221 222
221 223
222 223
222 224
223 225
223 224
224 225
224 226
225 226
226 228
226 876
228 412
228 230
876 874
876 875
876 878
229 230
229 231
412 410
412 818
412 413
412 414
230 232
231 233
231 232
232 233
232 645
233 928
645 643
645 644
645 646
645 647
928 568
928 926
928 927
928 929
235 236
235 237
236 700
236 237
237 993
237 238
237 239
700 406
700 698
700 699
700 701
993 991
238 368
239 241
368 366
368 367
368 369
368 370
368 799
241 243
241 392
242 243
242 244
242 902
243 723
243 244
243 245
392 390
392 391
392 393
392 394
244 245
723 721
723 722
245 370
370 369
370 740
370 372
370 533
866 864
866 865
866 867
679 276
679 677
679 678
427 396
427 425
427 426
427 428
248 249
248 250
249 250
249 251
249 938
250 588
250 251
250 252
251 252
251 253
938 936
938 939
588 586
588 587
252 253
252 254
253 254
253 255
254 543
254 255
255 257
255 256
543 541
543 542
543 545
257 258
256 258
256 644
258 877
644 643
644 858
644 646
877 878
877 879
260 873
873 397
873 823
873 872
873 874
873 875
808 606
808 807
808 833
264 265
264 266
472 282
472 444
265 266
265 267
468 466
468 467
468 469
266 748
267 476
267 269
748 746
748 747
748 749
748 826
476 317
476 474
476 477
476 512
269 268
269 270
269 271
268 270
268 943
270 271
943 941
943 945
271 273
273 275
273 342
881 697
881 879
881 955
274 275
274 276
275 759
342 340
342 341
342 343
759 758
759 761
759 760
278 280
280 282
836 835
836 837
282 283
282 284
283 284
283 285
284 285
284 286
285 286
285 287
286 287
286 288
287 288
288 290
290 291
290 292
290 998
579 577
579 578
579 580
291 292
291 826
292 293
292 294
998 604
998 996
998 997
826 824
826 825
826 828
826 895
293 950
293 295
294 295
294 296
950 949
950 951
950 952
295 297
295 620
295 296
296 298
296 892
297 298
620 621
298 300
298 791
892 891
892 893
300 302
791 789
791 790
791 793
301 302
301 303
302 785
302 303
303 305
785 783
785 784
785 786
305 658
305 306
305 307
306 307
306 428
854 852
854 853
854 855
658 656
658 660
307 309
428 426
428 429
428 666
309 311
311 313
311 773
313 712
313 593
313 314
773 771
773 772
773 775
314 824
314 409
712 710
712 711
712 713
712 714
593 591
593 592
824 825
409 407
409 408
409 778
409 410
315 317
315 728
317 316
317 318
728 726
728 727
728 730
316 618
316 318
618 482
618 616
618 657
318 614
318 794
318 795
614 612
614 613
614 615
614 616
794 793
794 795
794 796
795 796
321 322
321 323
320 322
320 891
320 573
322 323
322 324
891 845
891 889
891 890
573 571
573 572
573 575
323 324
323 325
324 325
324 326
325 326
325 327
326 327
326 328
327 585
327 328
328 329
585 583
585 584
585 586
585 664
329 843
329 778
329 988
843 841
843 842
843 845
778 776
778 777
988 987
988 989
332 331
332 445
332 408
331 333
333 804
333 334
333 335
445 443
445 446
445 447
408 406
408 407
408 410
804 571
804 802
804 803
334 335
338 339
338 340
339 340
339 394
340 341
394 393
394 395
394 396
341 343
343 345
343 344
345 344
345 346
345 347
344 346
344 967
346 347
346 348
967 966
967 969
347 348
347 349
348 349
348 350
349 350
350 352
352 353
352 354
982 617
982 980
982 983
353 354
354 356
356 357
356 358
357 358
357 359
358 359
358 360
359 361
359 360
360 361
360 362
361 362
361 363
362 363
363 365
365 366
365 367
875 874
366 367
367 369
799 797
799 801
740 739
740 741
372 371
372 373
372 464
533 531
533 532
533 535
371 373
373 375
373 832
464 462
464 463
464 466
375 374
375 377
375 376
832 833
832 834
374 806
374 376
806 807
376 377
376 378
376 910
377 379
377 486
378 379
378 380
910 909
379 380
486 485
486 487
486 488
380 603
380 382
603 601
603 602
603 604
382 383
382 384
383 746
383 384
384 385
384 386
746 744
746 745
746 747
385 386
385 387
386 387
386 388
387 388
387 481
388 390
481 479
481 482
390 391
391 393
393 395
393 730
395 396
395 397
730 729
730 732
396 397
396 398
397 399
398 399
398 400
399 401
399 400
400 584
401 403
584 582
584 583
584 586
403 404
403 405
404 405
404 406
405 921
405 406
406 407
921 502
921 919
921 920
657 655
657 656
657 659
523 521
523 522
523 525
818 817
818 820
413 414
413 415
414 415
414 416
415 417
415 416
416 417
417 419
419 980
419 421
420 421
420 422
980 978
980 979
980 981
421 422
421 423
422 423
422 424
423 425
423 424
424 425
424 426
425 426
429 431
666 664
666 665
666 668
431 433
431 516
617 615
617 616
479 477
479 478
433 432
433 434
433 435
516 514
516 515
432 434
434 436
434 469
435 553
435 436
436 437
469 467
553 551
553 552
553 554
553 555
437 439
439 441
441 442
441 443
495 493
495 497
495 496
442 443
442 444
443 444
444 583
583 581
583 582
446 447
446 448
447 449
447 448
448 449
448 450
448 484
448 674
450 983
484 482
484 485
674 672
983 981
983 985
983 984
454 455
454 456
455 457
455 908
455 456
456 457
456 458
457 458
457 459
908 613
908 907
458 459
458 460
459 460
459 514
460 461
460 462
514 512
514 513
514 515
461 463
461 800
462 792
462 463
800 681
800 801
800 802
792 790
792 793
466 467
466 496
496 498
496 734
727 726
473 474
477 478
512 511
478 640
640 638
640 639
640 641
640 642
914 913
485 487
487 489
487 488
488 489
488 490
488 743
489 490
490 492
743 741
743 745
492 975
492 817
975 976
817 815
817 819
497 498
497 499
498 499
498 500
734 733
734 903
734 736
499 500
499 501
500 501
500 502
501 502
501 503
502 503
502 504
503 505
503 504
504 745
504 505
504 506
504 694
505 506
505 507
745 744
506 507
694 642
694 692
694 693
694 696
507 641
507 509
641 527
641 639
509 890
509 511
890 889
511 513
513 515
515 517
517 726
517 519
726 724
519 521
519 520
521 520
521 522
520 522
522 524
524 525
525 527
527 528
527 529
528 905
528 530
529 530
529 531
905 907
530 531
530 532
531 532
532 534
534 668
534 535
534 536
535 537
535 536
668 670
536 652
537 539
652 650
652 651
652 777
652 654
539 540
539 541
540 541
540 542
541 542
542 654
654 653
654 655
545 547
622 621
622 624
547 548
551 552
754 752
754 753
552 554
552 947
554 555
947 945
947 946
947 949
555 557
557 558
557 559
558 559
559 561
561 562
561 563
562 563
562 564
563 564
563 565
564 565
564 566
565 566
565 567
565 659
566 567
566 568
567 569
567 568
659 660
568 569
568 570
569 649
569 570
570 571
570 572
649 647
649 648
649 650
649 651
649 831
571 572
572 978
978 976
978 979
575 574
575 577
577 578
578 580
580 605
580 582
605 604
605 606
605 607
582 581
586 587
664 663
664 665
587 589
589 597
589 590
589 591
597 596
590 591
590 592
591 793
591 592
592 594
594 713
594 596
713 711
713 715
600 599
600 601
600 602
667 665
736 738
599 601
599 757
601 602
757 755
757 776
602 604
606 607
607 609
609 611
611 612
611 613
612 613
613 615
615 834
615 616
615 917
834 805
834 833
917 915
917 989
917 919
621 623
623 626
623 624
624 626
626 974
626 628
850 673
850 849
850 852
974 972
974 973
974 976
628 629
628 630
629 630
629 631
630 631
630 632
631 633
632 929
632 716
633 635
633 672
929 927
929 930
929 931
716 714
716 715
716 718
635 708
672 670
708 706
708 707
708 709
708 710
638 637
638 639
637 639
642 643
858 856
858 857
858 859
646 647
646 648
647 969
647 648
648 650
969 968
650 651
651 653
831 829
831 833
653 655
777 775
777 776
777 964
777 860
655 889
660 661
661 784
784 783
784 786
931 930
931 932
931 933
663 665
676 677
676 678
677 678
678 680
680 681
680 738
681 683
738 737
738 739
738 965
683 684
683 685
684 685
695 693
695 697
685 687
687 689
687 688
692 693
696 697
696 698
697 698
697 699
698 699
698 718
699 701
718 717
718 720
701 702
701 703
702 703
702 704
703 705
703 704
704 705
704 706
705 706
705 707
706 707
707 709
709 710
709 711
710 711
714 715
715 717
717 719
719 721
719 720
720 721
720 722
721 722
722 724
729 731
731 732
731 733
732 837
732 733
837 835
837 839
737 739
739 741
965 963
965 966
912 913
984 985
747 749
749 750
749 751
750 751
750 752
751 753
751 752
752 753
753 755
755 805
805 803
776 774
776 775
758 760
760 761
761 762
761 763
762 763
762 764
763 764
763 968
764 765
764 766
968 966
765 766
765 767
766 767
767 769
769 771
769 883
874 872
771 770
771 772
883 885
770 772
772 774
774 775
964 962
964 963
964 966
860 859
860 861
923 924
786 787
786 788
787 788
787 789
788 789
788 790
789 790
796 797
801 802
801 803
802 803
807 809
809 811
833 835
811 812
811 813
812 813
812 814
813 814
813 815
814 815
821 819
821 820
819 820
823 825
825 827
827 828
827 829
828 829
895 893
895 936
839 841
839 840
840 841
840 842
841 842
845 847
847 849
849 851
851 852
851 853
852 945
852 853
853 855
945 944
855 857
855 856
857 856
857 859
859 861
861 863
863 865
863 864
865 864
865 867
864 960
960 958
960 959
867 868
867 951
868 869
868 870
951 949
951 953
951 952
869 870
870 872
878 879
955 953
955 954
955 956
885 886
948 946
948 949
897 898
897 899
898 899
907 909
907 942
942 941
942 944
913 915
918 919
918 920
989 987
989 991
919 920
920 973
973 971
973 972
924 926
926 927
930 932
932 933
933 981
981 979
939 941
944 946
952 953
952 954
953 954
954 956
956 957
956 958
957 958
957 959
958 959
963 962
972 971
985 987
991 990
996 995
996 997
995 997
1
