1000 1 2000
1 933
1 999
1 839
933 74
933 932
933 934
933 935
999 115
999 426
999 997
999 998
839 770
839 803
839 837
839 838
839 840
2 3
2 4
2 606
3 395
3 4
4 6
4 255
606 605
606 607
606 770
395 112
395 393
395 396
6 5
6 142
6 7
6 8
255 194
255 253
255 254
255 257
255 274
255 532
5 990
990 988
990 989
990 991
990 992
142 589
142 144
7 9
7 169
7 8
8 9
8 10
9 10
9 11
169 167
169 168
169 613
169 529
10 11
10 12
11 39
11 511
12 387
12 13
39 37
39 38
39 962
39 40
39 41
39 618
39 213
511 196
511 509
511 510
511 513
511 619
511 512
387 385
387 388
387 389
387 832
13 115
13 14
115 113
115 114
115 117
115 191
14 15
14 16
15 649
15 586
15 16
16 17
16 899
649 170
649 648
586 584
586 585
586 588
586 809
17 459
17 736
899 898
899 900
899 901
459 457
459 458
459 871
459 460
459 461
736 629
736 734
736 737
736 738
736 848
18 19
18 20
19 20
19 21
19 327
20 321
20 21
20 640
21 177
21 22
327 325
327 326
327 328
321 319
321 322
321 323
321 496
640 502
640 610
640 638
640 639
640 929
640 642
177 175
177 176
177 178
177 179
22 240
22 181
22 23
22 24
240 239
240 326
181 180
181 182
23 25
23 24
24 582
24 367
24 628
24 25
24 26
25 27
25 581
582 580
582 739
582 584
367 366
367 369
628 626
628 627
628 629
26 27
26 28
27 972
27 160
581 579
581 580
581 886
581 583
28 878
28 820
28 29
28 30
972 970
972 973
972 974
160 158
160 159
160 161
160 164
160 267
878 876
878 877
878 880
820 818
820 819
820 821
29 891
29 30
29 31
30 375
30 31
30 32
891 890
891 893
31 715
31 32
375 537
375 680
32 34
32 45
32 272
715 713
715 716
715 717
34 33
34 943
34 960
45 43
45 44
45 89
272 267
272 270
272 271
272 273
272 274
33 35
33 201
33 884
35 36
35 583
201 199
201 749
884 883
884 885
943 503
943 811
943 942
943 944
960 144
960 959
960 961
960 962
960 971
36 38
36 786
583 585
583 584
38 37
38 98
38 40
38 785
786 311
786 561
786 784
37 632
632 323
632 630
632 634
98 96
98 97
98 100
40 41
40 42
785 753
785 783
785 784
785 787
962 171
962 370
962 644
962 856
962 961
41 42
41 570
41 495
618 617
618 620
618 983
213 211
213 214
42 825
42 907
42 44
570 204
570 568
570 571
495 464
495 493
495 494
495 497
825 777
825 823
825 824
825 827
907 737
907 905
907 906
907 908
44 741
43 266
43 346
266 264
266 265
266 268
266 749
346 136
346 253
346 345
741 740
741 742
741 743
89 87
89 88
89 90
89 91
46 47
46 48
47 49
47 48
48 49
48 50
49 50
49 51
50 197
50 965
51 52
51 53
197 195
197 196
197 771
197 199
965 289
965 430
965 963
965 964
965 966
52 212
52 53
52 54
53 173
53 497
53 54
212 210
212 355
54 55
54 56
173 172
173 993
173 361
173 174
173 175
497 451
497 496
497 499
55 548
55 496
55 179
56 57
56 58
548 211
548 547
548 549
548 550
496 494
179 178
179 390
179 180
57 417
57 500
57 58
57 59
58 808
58 410
58 59
417 415
417 416
417 418
500 498
500 499
500 813
59 60
59 488
808 231
808 774
808 806
808 807
808 810
410 409
410 911
410 912
410 411
60 781
60 912
60 124
60 61
60 62
488 341
488 486
488 487
488 489
488 490
781 779
781 961
912 420
912 682
912 911
124 122
124 123
124 293
61 62
61 63
62 842
62 875
62 64
63 262
63 592
842 841
842 843
875 471
875 874
875 876
875 877
64 369
64 66
64 244
262 260
262 261
262 263
262 264
592 76
592 590
592 594
369 202
369 371
66 65
66 67
66 68
244 243
244 245
244 246
65 67
67 68
67 69
67 522
68 69
68 386
68 850
68 277
69 70
69 71
522 520
522 523
386 384
386 388
850 99
850 636
850 849
850 851
277 275
277 276
277 431
277 278
277 279
70 71
70 72
71 73
71 295
71 72
72 73
72 74
73 553
73 75
295 293
295 294
295 476
74 76
74 561
74 318
553 551
553 552
553 554
553 571
75 873
75 76
75 77
76 546
76 210
76 298
561 559
561 563
318 316
318 317
318 443
318 987
318 319
873 217
873 325
873 591
873 872
77 93
77 379
77 79
546 512
546 544
546 545
210 208
210 209
210 617
210 458
210 883
298 296
298 297
298 684
298 616
298 299
93 91
93 92
93 94
93 95
93 288
379 190
379 377
379 378
379 381
79 78
79 81
79 80
78 80
80 977
80 138
81 82
81 83
977 105
977 421
977 976
977 979
138 196
138 139
138 558
82 83
82 84
83 84
83 85
83 445
83 671
84 85
84 86
85 232
85 86
85 472
85 667
445 883
671 289
671 672
86 673
86 87
232 230
232 231
232 372
472 470
472 473
667 665
667 666
667 668
667 669
673 672
673 674
673 675
87 88
88 90
90 242
90 949
91 728
242 241
242 716
242 569
949 404
949 770
949 947
949 948
949 950
728 726
728 727
728 729
728 730
92 333
92 163
333 331
333 332
333 334
333 335
163 162
163 164
94 199
94 95
94 96
95 97
95 96
288 287
288 289
199 198
96 248
97 99
97 269
97 418
248 246
248 247
248 300
248 249
248 250
99 625
269 268
269 467
418 416
418 420
100 909
100 102
100 975
625 624
625 626
625 722
909 910
909 911
102 101
102 844
102 103
975 702
975 973
975 974
975 976
101 103
103 105
103 560
103 104
844 772
844 843
844 845
844 849
105 104
105 385
105 600
560 558
560 559
560 674
560 562
104 514
104 108
104 752
514 512
514 515
514 735
108 106
108 107
108 263
108 109
752 299
752 751
752 754
385 205
385 258
385 383
385 384
600 465
600 598
600 599
106 107
107 109
107 992
109 110
109 111
109 464
992 452
992 991
992 993
263 261
263 980
110 111
110 112
111 113
111 112
464 462
464 518
464 945
464 466
112 113
112 114
113 137
114 437
114 317
137 139
137 623
437 435
437 833
437 438
437 439
437 925
317 315
317 316
117 356
117 118
117 119
191 513
191 915
191 192
116 452
116 236
116 118
452 450
452 478
236 238
236 720
118 119
118 120
356 354
356 355
356 357
119 121
119 526
119 694
120 121
120 122
121 840
121 721
121 123
526 524
526 525
526 698
526 828
694 692
694 695
694 696
122 123
840 565
840 841
721 722
721 723
123 125
125 463
125 127
293 291
293 292
293 294
463 370
463 461
463 462
463 611
463 465
127 126
127 129
127 170
127 128
126 954
126 128
954 952
954 953
954 955
128 130
128 443
129 130
129 431
129 889
170 168
170 331
170 172
130 489
130 132
443 441
443 442
443 900
443 444
431 429
431 430
431 433
889 253
889 887
889 888
889 890
489 478
489 487
489 490
489 955
132 131
132 134
132 424
131 749
131 133
749 748
749 751
133 134
133 135
134 135
134 136
424 422
424 425
424 426
135 414
135 216
136 442
414 412
414 413
414 415
414 416
216 214
216 215
216 217
216 218
442 440
442 441
442 642
139 140
139 141
623 428
623 622
623 624
196 194
196 195
196 481
196 595
558 556
558 557
140 141
140 879
141 430
141 143
879 877
879 881
879 880
430 428
430 814
143 144
143 405
143 279
589 587
589 588
589 590
144 938
144 381
405 403
405 404
405 406
279 278
279 373
279 280
279 281
938 936
938 937
938 940
381 380
381 892
381 382
145 146
145 147
146 857
146 147
147 148
147 149
857 855
857 858
857 859
148 149
148 150
149 150
149 151
150 926
150 151
151 153
151 491
926 742
926 924
926 928
153 865
153 328
153 543
491 490
491 684
491 492
152 537
152 154
537 218
537 535
537 536
537 539
154 621
154 156
154 831
865 256
865 863
865 864
865 866
328 326
328 330
328 877
328 746
543 541
543 542
543 545
543 847
543 544
621 253
621 619
621 620
156 155
156 157
156 158
831 358
831 517
831 830
155 157
155 767
157 158
157 159
157 1000
767 765
767 766
767 768
158 846
158 174
158 159
159 265
1000 717
1000 848
1000 998
846 845
846 847
174 172
174 175
265 264
265 392
265 267
265 729
161 162
161 994
164 162
164 289
164 676
164 795
267 569
994 251
994 769
994 993
994 995
289 287
676 674
676 677
676 678
795 358
795 793
795 796
795 797
165 166
165 167
166 167
166 168
167 527
167 168
527 525
527 528
613 611
613 612
613 614
529 396
529 528
529 530
529 531
331 329
331 330
331 705
171 620
620 921
620 622
993 941
993 991
361 359
361 363
175 176
176 519
176 918
519 521
519 520
918 916
918 917
918 919
178 180
180 802
390 389
390 945
390 924
802 659
802 800
802 801
802 804
802 838
182 183
182 184
183 185
183 184
184 185
184 186
185 186
185 187
186 866
186 187
186 188
187 188
187 189
187 249
866 864
866 867
188 189
188 190
189 315
189 190
249 247
249 970
190 192
315 313
315 314
315 316
192 193
192 194
513 403
513 512
915 525
915 913
915 914
915 917
193 772
193 720
193 886
772 337
720 719
720 722
886 885
886 887
481 479
481 539
595 594
595 597
595 986
771 336
771 769
771 773
198 200
200 435
200 444
200 432
435 433
435 434
435 436
444 455
432 433
432 434
202 203
202 664
203 205
203 594
664 662
664 732
205 206
205 207
594 371
594 593
204 206
206 323
206 554
206 854
207 209
207 344
207 688
323 225
323 325
323 471
554 423
554 552
554 555
554 556
854 852
854 853
854 856
209 208
209 211
344 342
344 343
344 345
688 686
688 687
688 689
688 690
208 235
235 233
235 234
235 532
211 427
617 615
617 616
617 619
458 456
883 724
883 881
427 425
427 602
427 684
427 429
355 353
355 357
214 215
215 342
342 340
342 343
217 218
218 219
218 220
219 454
219 679
219 220
219 221
220 958
220 927
454 453
454 735
454 456
679 677
679 678
679 681
221 222
221 223
958 304
958 957
958 959
927 925
927 929
927 928
222 677
222 224
223 483
223 224
677 675
677 678
224 225
224 226
224 234
483 482
483 484
483 642
225 823
226 227
226 228
823 821
823 822
823 824
227 228
227 229
228 230
228 359
229 230
229 231
230 231
359 360
372 370
372 373
372 374
233 948
948 946
948 947
948 950
532 530
532 533
532 534
238 941
238 239
237 633
237 239
633 634
633 635
239 951
239 241
239 343
941 939
941 940
941 942
951 950
951 953
241 836
343 341
326 324
326 325
326 428
836 834
836 835
836 837
836 838
716 714
716 718
716 944
569 567
569 571
569 799
243 593
243 245
593 591
245 246
245 247
245 320
246 247
320 319
320 872
300 301
250 251
250 252
250 455
970 643
970 780
970 968
970 969
251 627
251 252
251 253
252 253
252 254
252 651
455 453
455 456
627 626
253 787
254 917
254 256
651 650
651 710
787 789
917 916
256 257
257 259
257 798
274 273
274 882
274 275
259 258
259 955
259 260
798 490
798 796
798 797
798 799
955 750
955 821
955 953
260 261
980 833
980 978
980 979
980 981
980 982
392 391
392 394
729 727
729 730
268 270
268 303
270 271
303 301
303 302
303 304
467 465
467 466
467 468
467 469
271 347
347 345
347 407
347 348
347 349
273 462
882 684
882 880
275 276
276 278
278 280
280 281
280 282
373 371
373 801
373 461
373 374
373 408
281 564
281 312
281 282
282 776
282 566
282 283
282 284
564 562
564 563
564 738
564 565
564 566
312 310
312 314
776 774
776 777
566 565
566 567
283 284
283 285
284 285
284 352
285 286
285 287
352 350
352 351
352 353
352 354
286 759
286 287
759 412
759 757
759 758
759 760
759 761
290 291
290 292
290 743
290 598
291 292
292 983
743 742
743 745
743 895
598 596
598 597
598 979
983 981
983 982
983 984
294 296
296 297
476 474
476 475
476 521
476 478
297 299
297 653
299 855
653 652
653 654
653 764
684 683
684 685
616 614
616 615
855 856
301 339
301 502
301 608
339 337
339 338
339 341
502 501
502 504
502 761
608 607
608 609
302 304
304 807
304 305
304 306
807 805
807 806
305 306
305 307
306 824
306 308
307 308
307 309
824 409
824 822
824 826
308 309
308 310
309 451
309 310
310 406
451 449
451 453
406 407
406 408
311 313
311 888
313 314
888 887
888 890
314 316
987 985
987 986
987 988
872 870
872 871
872 874
322 528
322 324
528 530
528 923
324 539
324 885
324 538
471 469
471 470
539 541
885 374
885 887
538 371
538 920
538 540
428 426
330 329
330 332
330 829
877 876
746 744
746 748
332 334
829 827
829 828
829 830
705 703
705 704
705 706
334 335
334 336
335 337
335 505
335 336
336 337
336 338
337 693
505 503
505 504
505 506
338 407
338 670
693 353
693 692
693 695
407 408
670 669
670 672
341 340
348 963
348 349
348 350
349 853
349 350
349 351
963 961
350 351
853 851
853 852
351 353
353 354
353 357
354 605
354 669
357 358
357 881
605 603
605 604
605 607
669 668
358 911
881 880
911 910
911 913
360 362
360 652
360 848
362 363
362 364
652 650
652 654
363 364
363 365
363 647
364 775
364 366
364 599
365 366
365 550
647 468
647 645
647 646
647 648
775 696
775 773
366 368
599 601
550 549
550 680
550 552
368 370
368 863
863 861
863 862
863 864
371 747
747 745
747 748
374 650
801 433
801 800
461 460
408 756
650 634
650 648
650 957
680 678
680 681
376 377
376 378
377 378
378 380
380 382
380 687
382 813
382 383
382 384
687 685
687 686
892 890
892 893
892 894
813 812
813 815
383 696
383 384
696 698
388 389
388 777
388 803
388 675
389 391
832 830
832 834
777 778
777 779
803 805
391 393
945 910
945 944
924 922
924 925
393 394
394 396
394 644
396 397
644 642
644 643
644 645
644 718
397 398
397 399
398 399
398 400
399 401
399 920
399 400
400 401
400 402
400 967
401 403
401 997
920 919
402 403
402 404
967 966
967 969
403 744
403 404
997 995
997 996
997 998
744 742
756 612
756 754
756 755
756 758
409 838
838 837
838 931
411 769
411 412
769 768
413 415
415 416
416 934
934 738
934 748
934 932
420 419
420 422
419 740
419 568
740 742
568 567
422 421
422 685
421 423
423 425
685 683
685 686
425 426
425 661
661 531
661 660
661 663
602 601
602 603
429 753
429 607
753 751
753 754
607 631
607 699
814 816
434 436
436 779
436 438
779 778
779 851
779 988
438 439
438 440
439 441
439 440
925 923
440 441
440 900
900 898
642 536
642 641
642 643
446 780
446 447
446 448
780 778
780 847
447 449
447 748
448 449
448 852
449 465
449 450
465 460
450 956
956 662
956 739
956 957
453 629
478 477
478 479
478 480
735 733
735 734
735 737
456 457
457 950
950 952
871 869
871 870
460 630
611 609
611 612
518 516
518 517
518 520
466 908
908 639
908 906
908 910
468 470
469 470
473 474
473 475
474 475
475 773
475 622
773 704
521 520
521 523
521 799
477 765
477 479
765 763
479 480
480 482
480 919
482 484
919 663
484 485
484 486
485 486
485 487
485 928
486 487
487 714
487 722
928 929
714 712
722 957
490 492
492 493
492 494
493 634
493 494
494 762
634 517
762 761
762 763
499 498
499 947
947 946
501 503
504 506
761 760
506 507
506 508
507 508
507 509
508 713
508 760
508 510
509 510
713 709
713 711
713 712
760 758
510 609
609 610
512 723
723 724
515 939
515 516
515 517
939 937
516 610
516 890
520 745
523 524
523 525
799 525
799 797
524 897
524 525
897 895
897 896
897 898
698 700
828 668
828 826
828 827
828 830
530 531
923 922
531 533
533 534
533 535
534 535
534 536
535 597
535 536
536 819
597 596
819 682
819 817
819 818
540 541
540 542
541 542
542 695
542 544
695 697
544 545
545 547
847 845
547 549
549 551
551 552
571 706
571 572
571 573
555 556
555 557
556 732
557 635
732 730
732 731
732 733
732 734
635 636
635 637
674 672
562 563
562 782
563 565
782 784
738 811
738 739
706 704
706 707
572 604
572 573
572 574
573 929
573 575
604 603
574 575
574 576
929 791
929 931
575 577
575 576
576 577
576 578
577 578
577 579
577 904
578 579
578 580
579 580
904 902
904 903
904 906
739 737
584 585
585 587
587 588
588 981
588 590
809 810
809 811
590 596
590 794
794 792
794 793
794 796
986 984
986 985
979 978
601 603
770 614
770 768
631 902
699 691
699 697
699 701
612 614
921 922
624 626
626 691
691 689
902 901
902 903
636 637
637 638
637 639
638 639
639 659
659 657
659 658
659 660
641 643
643 645
645 646
718 905
646 648
957 719
710 708
710 709
710 711
710 712
654 655
654 656
764 763
764 766
655 657
655 656
656 657
656 658
656 750
657 658
657 867
658 660
750 697
867 998
660 662
662 663
663 665
663 668
665 666
668 666
681 682
681 683
689 690
690 692
690 973
973 971
973 974
700 701
700 702
701 702
701 703
702 914
703 704
914 913
914 916
707 708
707 709
708 709
709 711
711 712
717 821
717 733
944 942
944 946
821 822
733 731
905 903
905 906
724 725
725 726
725 727
726 727
730 731
811 810
811 812
895 893
895 894
754 755
755 757
757 758
766 768
851 849
988 989
961 959
784 783
789 788
789 812
789 790
789 791
788 790
790 841
790 792
812 810
791 793
841 843
792 793
796 797
804 805
804 806
805 806
815 817
815 816
816 817
816 818
817 818
826 827
834 835
835 837
931 930
931 932
843 845
856 858
858 859
858 860
859 860
859 861
860 861
860 862
861 976
862 864
976 974
976 978
998 996
868 869
868 870
869 870
874 876
893 894
894 896
896 898
901 903
930 953
953 952
935 937
935 936
937 936
940 942
971 969
964 966
966 968
968 969
982 984
984 985
989 991
995 996
1
