100 1 200
1 34
1 3
1 100
1 99
34 28
34 33
34 35
34 36
34 81
3 69
3 5
3 53
100 2
100 38
100 99
99 97
2 57
2 27
2 4
57 55
57 56
57 58
57 59
27 25
27 26
27 28
4 5
4 95
69 26
69 67
69 68
69 70
69 71
5 76
5 29
53 51
53 54
95 73
95 78
95 93
95 94
95 97
95 96
76 75
76 77
76 78
76 92
29 30
29 63
6 74
6 8
74 16
74 72
74 73
74 88
8 9
8 10
7 9
7 41
7 55
9 10
9 11
9 31
41 39
41 43
55 54
55 56
10 11
10 12
11 35
11 12
11 13
11 87
11 64
31 30
31 33
31 98
12 13
12 14
35 33
35 36
13 97
13 14
87 85
87 86
87 88
64 62
64 63
64 97
14 15
14 16
97 96
97 98
15 65
15 81
15 16
15 17
16 33
16 40
16 17
65 66
65 67
81 79
81 80
17 18
17 19
33 32
40 38
40 96
18 20
18 37
19 20
19 21
20 71
20 86
37 36
37 62
37 39
21 22
21 23
71 36
71 43
71 51
71 70
71 72
71 73
71 90
86 60
86 84
22 94
22 23
23 25
23 88
94 93
94 96
25 24
25 26
88 32
88 39
88 50
88 84
88 89
24 26
28 85
28 30
85 83
85 84
30 32
63 50
63 61
63 62
32 47
98 61
98 96
47 45
47 46
47 48
62 60
62 61
96 92
43 42
43 45
42 44
42 48
44 45
44 46
48 46
48 49
45 46
49 50
49 51
50 52
52 73
52 54
73 72
54 56
56 58
58 59
58 77
59 60
59 61
59 82
77 75
77 78
77 79
60 83
60 61
82 80
82 84
66 78
67 68
78 80
68 70
70 72
90 89
90 91
92 91
79 80
89 91
91 93
1
