100 1 200
1 2
1 3
1 99
2 100
2 3
2 4
3 4
3 5
99 97
99 98
99 100
100 55
100 98
4 5
4 6
4 39
4 88
5 71
5 6
5 7
6 83
6 7
39 96
39 69
39 40
88 86
88 87
88 89
71 70
71 72
7 9
7 8
83 81
83 82
83 84
83 85
9 8
9 10
9 51
9 38
8 10
8 23
10 11
10 47
10 59
23 21
23 22
23 25
51 49
51 50
51 52
51 53
38 36
38 37
38 98
11 12
11 37
47 45
47 46
47 49
59 57
59 58
59 60
59 61
12 53
12 13
37 14
37 35
53 52
53 54
53 55
13 14
13 16
14 15
14 57
16 15
16 82
16 18
15 17
57 55
57 56
57 58
17 18
17 19
17 27
82 80
82 81
82 84
18 20
18 29
19 67
19 20
19 21
27 25
27 26
27 68
27 69
27 29
20 21
20 22
29 28
29 30
29 31
67 65
67 66
67 69
21 22
22 86
22 24
86 84
86 85
24 26
24 87
25 26
26 28
87 89
28 30
28 90
68 66
68 69
69 41
30 31
30 32
90 34
90 89
31 63
31 32
32 33
32 34
63 61
63 62
63 65
63 70
33 34
33 35
34 65
34 35
35 36
65 64
65 66
36 48
48 46
48 49
48 50
98 96
98 97
96 60
96 94
96 95
40 41
40 42
41 80
42 43
42 44
80 78
80 79
80 81
43 44
43 45
43 54
44 85
44 45
44 46
45 76
45 46
54 52
54 72
54 56
85 84
76 74
76 75
76 77
49 50
50 52
55 56
72 70
72 74
56 58
58 60
60 62
61 62
62 64
64 66
74 73
74 75
73 75
75 77
77 78
77 79
78 95
79 81
95 93
95 94
95 97
89 91
91 92
91 93
92 93
92 94
93 94
1
