7 17 16 15 14 13 12 21 20 19 18 11 10 9 8 0 6 5 4 25 24 23 22 29 28 27 26 3 2 1 

24 19 20 43 44 45 46 47 48 49 21 22 23 18 25 26 27 28 29 30 31 32 33 34 35 42 1 2 3 4 5 6 36 37 38 39 40 41 0 7 8 9 10 11 12 13 14 15 16 17 

24 40 41 28 29 30 31 32 33 34 21 22 23 39 25 26 27 42 43 44 45 46 47 48 49 13 1 2 3 4 5 6 7 8 9 10 11 12 0 14 15 16 17 18 19 20 35 36 37 38 

38 33 34 21 22 23 24 25 26 27 35 36 37 32 39 40 41 42 43 44 45 46 47 48 49 13 1 2 3 4 5 6 7 8 9 10 11 12 0 14 15 16 17 18 19 20 28 29 30 31 

48 74 73 72 71 70 55 54 53 52 51 50 49 75 47 46 45 44 43 42 69 68 67 66 65 87 99 98 97 96 95 94 93 92 91 90 89 88 64 86 85 84 83 82 81 80 79 78 77 76 12 24 23 22 21 20 19 18 17 16 15 14 13 25 11 10 9 8 7 6 5 4 3 2 1 37 63 62 61 60 59 58 57 56 41 40 39 38 0 36 35 34 33 32 31 30 29 28 27 26 

6 16 15 14 13 12 11 10 7 0 9 8 5 4 3 2 1 

19 29 28 27 26 25 24 23 22 21 20 15 14 13 12 0 18 17 16 11 10 9 8 7 6 5 4 3 2 1 

38 33 34 21 22 23 24 25 26 27 35 36 37 32 39 40 41 42 43 44 45 46 47 48 49 13 1 2 3 4 5 6 7 8 9 10 11 12 0 14 15 16 17 18 19 20 28 29 30 31 

9 8 0 7 6 5 4 14 13 10 16 15 12 11 3 2 1 

19 29 28 27 26 25 24 23 22 21 20 15 14 13 12 0 18 17 16 11 10 9 8 7 6 5 4 3 2 1 

38 33 34 21 22 23 24 25 26 27 35 36 37 32 39 40 41 42 43 44 45 46 47 48 49 13 1 2 3 4 5 6 7 8 9 10 11 12 0 14 15 16 17 18 19 20 28 29 30 31 

6 16 0 15 14 13 12 11 10 7 9 8 5 4 3 2 1 

6 16 15 14 13 12 11 10 7 0 9 8 5 4 3 2 1 

6 16 0 15 14 13 12 11 10 7 9 8 5 4 3 2 1 

15 25 2 3 4 5 6 7 8 9 10 11 12 13 14 0 16 17 18 19 20 21 22 23 24 1 26 27 28 29 

19 29 28 27 26 25 24 23 22 21 20 11 10 9 8 0 18 17 16 7 6 5 4 15 14 13 12 3 2 1 

