1 24 22 3 28 13 15 26 5 16 7 14 9 20 11 18 8 27 29 6 17 12 10 19 21 4 23 2 25 0 

0 1 2 3 4 5 6 43 44 45 46 47 48 49 29 30 31 32 33 34 35 7 8 9 10 11 12 13 36 37 38 39 40 41 42 14 15 16 17 18 19 20 21 22 23 24 25 26 27 28 

0 1 2 3 4 5 6 43 44 45 46 47 48 49 29 30 31 32 33 34 35 7 8 9 10 11 12 13 36 37 38 39 40 41 42 14 15 16 17 18 19 20 21 22 23 24 25 26 27 28 

0 1 2 3 4 5 6 7 8 9 10 11 12 13 14 15 16 17 18 19 20 21 22 23 24 25 26 27 28 29 30 31 32 33 34 35 36 37 38 39 40 41 42 43 44 45 46 47 48 49 

0 1 2 3 4 5 6 7 8 9 10 11 12 13 14 15 16 17 18 19 20 21 22 23 24 25 26 27 28 29 30 31 32 33 34 35 36 37 38 39 40 41 42 43 44 45 46 47 48 49 50 51 52 53 54 55 56 57 58 59 60 61 62 63 64 65 66 67 68 69 70 71 72 73 74 75 76 77 78 79 80 81 82 83 84 85 86 87 88 89 90 91 92 93 94 95 96 97 98 99 

0 1 2 3 4 5 6 7 8 9 10 11 12 13 14 15 16 

0 1 2 3 4 5 6 7 8 9 10 11 12 13 14 15 16 17 18 19 20 21 22 23 24 25 26 27 28 29 

0 1 2 3 4 5 6 7 8 9 10 11 12 13 14 15 16 17 18 19 20 21 22 23 24 25 26 27 28 29 30 31 32 33 34 35 36 37 38 39 40 41 42 43 44 45 46 47 48 49 

6 1 2 3 8 9 10 11 0 7 4 5 12 13 14 15 16 

0 1 2 3 4 5 6 7 8 9 10 11 12 13 14 15 16 17 18 19 20 21 22 23 24 25 26 27 28 29 

0 1 2 3 4 5 6 7 8 9 10 11 12 13 14 15 16 17 18 19 20 21 22 23 24 25 26 27 28 29 30 31 32 33 34 35 36 37 38 39 40 41 42 43 44 45 46 47 48 49 

0 1 2 3 4 5 6 7 8 9 10 11 12 13 14 15 16 

0 1 2 3 4 5 6 7 8 9 10 11 12 13 14 15 16 

0 1 2 3 4 5 6 7 8 9 10 11 12 13 14 15 16 

0 1 2 3 4 5 6 7 8 9 10 11 12 13 14 15 16 17 18 19 20 21 22 23 24 25 26 27 28 29 

0 1 2 3 4 5 6 7 8 9 10 11 12 13 14 15 16 17 18 19 20 21 22 23 24 25 26 27 28 29 

65 55 90 61 59 57 67 47 98 39 70 96 93 94 91 60 64 58 66 68 99 72 40 38 42 36 97 34 32 30 16 82 80 56 76 78 74 71 88 79 75 41 37 8 51 45 12 13 77 49 83 4 35 53 81 69 33 31 73 63 11 24 28 26 20 86 18 22 92 43 14 27 29 17 25 19 21 84 23 87 0 62 7 1 95 85 89 44 54 48 50 52 6 46 5 15 3 9 10 2 

41 30 31 32 33 34 35 36 37 38 39 40 59 58 71 60 61 62 63 64 65 66 67 68 69 70 29 28 50 7 0 1 2 3 4 5 6 8 9 10 11 12 42 43 44 45 46 47 48 49 13 51 52 53 54 55 56 57 99 98 97 96 95 94 93 92 91 90 89 88 87 86 72 73 74 75 76 77 78 79 80 81 82 83 84 85 25 24 23 22 21 20 19 27 18 17 16 15 14 26 

77 70 9 11 31 33 30 68 42 7 94 29 67 24 35 66 37 91 5 41 49 64 71 75 93 55 50 34 52 48 38 44 32 46 40 36 65 15 63 17 62 59 19 21 58 18 20 28 16 60 10 8 73 23 61 25 69 27 90 88 72 92 82 74 96 80 76 78 84 79 3 81 53 98 83 85 6 14 87 86 89 39 57 26 56 43 45 4 22 1 47 99 54 51 2 95 97 0 12 13 

90 96 93 99 84 36 6 28 53 9 42 83 73 59 23 21 16 17 18 19 20 15 98 14 24 25 97 1 56 57 58 95 60 61 62 94 64 65 66 67 68 69 70 2 92 12 74 75 91 77 78 79 80 3 89 11 88 43 44 45 46 47 48 49 50 51 52 8 54 87 7 29 30 85 4 33 34 35 41 37 38 40 39 5 32 31 86 55 10 82 81 76 72 71 63 13 27 26 22 0 

48 96 98 85 33 29 27 20 16 36 51 11 39 13 42 43 44 45 46 47 12 49 50 10 52 53 54 55 56 57 9 95 60 61 62 63 64 65 66 67 68 94 14 15 8 17 18 19 7 21 93 23 24 91 26 6 70 71 72 90 74 75 87 77 78 79 86 81 82 83 28 97 30 31 32 4 3 35 1 37 38 22 40 41 84 34 0 76 88 2 73 25 92 99 69 59 58 5 89 80 

39 23 52 48 67 46 81 13 79 95 15 12 19 77 16 11 96 18 21 22 98 0 24 65 72 35 37 27 56 57 61 10 93 91 90 88 60 78 1 63 64 43 87 45 66 30 68 82 85 8 69 92 49 50 51 58 25 7 53 62 54 55 84 14 20 26 99 76 74 75 28 29 94 73 31 32 6 33 89 36 5 38 71 40 41 70 3 59 86 34 2 4 80 47 9 44 83 42 97 17 

57 76 72 64 93 84 82 85 8 97 21 11 19 66 2 63 44 94 47 46 32 49 50 51 52 53 54 98 0 45 58 96 60 61 62 43 42 65 95 67 68 69 1 15 16 17 18 3 92 10 22 4 24 25 5 6 81 29 30 80 79 33 34 78 36 37 38 77 40 41 70 71 9 73 74 75 7 39 35 48 31 56 27 83 26 23 86 87 88 89 90 91 20 12 14 13 59 28 55 99 

54 3 67 69 4 66 84 83 8 9 81 40 94 34 30 28 97 96 88 87 19 49 14 36 71 53 70 55 50 15 16 17 1 48 20 2 22 23 24 5 65 64 86 47 46 89 90 91 92 93 60 95 45 44 98 99 43 29 59 31 57 33 13 56 85 37 38 6 7 82 78 73 77 75 76 42 72 79 80 10 41 11 39 12 35 32 58 0 52 61 62 63 27 26 25 21 68 18 51 74 

12 99 64 55 54 67 93 69 8 86 82 52 90 79 77 76 75 74 50 40 20 49 35 32 30 26 25 27 47 29 24 31 23 33 34 22 36 57 38 46 19 44 72 73 17 16 15 51 78 13 43 42 10 53 97 85 58 59 95 61 94 63 7 65 6 5 68 2 70 92 1 87 91 37 0 88 71 66 62 60 96 84 98 83 81 80 41 45 39 28 48 56 18 14 11 3 4 9 21 89 

11 8 0 9 12 25 3 22 24 19 43 26 27 6 1 7 51 52 59 16 56 57 42 4 40 10 15 70 60 38 2 36 37 32 34 35 31 30 29 14 62 71 5 92 73 21 82 72 20 87 74 91 76 17 77 55 18 28 78 13 53 58 49 79 45 80 44 97 47 48 81 46 23 61 83 33 50 64 86 66 39 68 54 89 69 41 63 93 65 67 98 75 84 85 88 90 99 95 96 94 

63 32 36 39 21 5 57 58 3 38 2 11 67 13 31 30 74 28 98 96 78 95 92 70 82 19 17 16 14 43 44 79 0 47 69 49 68 66 64 62 54 55 42 15 59 84 6 83 20 7 71 56 24 41 26 27 40 37 88 89 90 10 34 29 94 75 99 97 23 77 45 93 73 72 12 33 46 35 91 87 48 50 86 25 22 81 18 1 60 61 53 4 52 65 51 85 8 9 80 76 

81 5 23 51 61 63 34 79 45 62 64 26 12 24 65 21 16 15 14 48 6 47 95 87 38 39 88 41 89 43 91 7 37 96 33 86 69 83 68 53 54 55 98 31 70 17 67 66 20 29 28 84 73 25 11 10 1 57 58 74 60 0 59 56 27 22 19 18 52 50 49 46 44 42 85 40 92 93 94 36 35 97 32 99 2 71 72 13 3 75 76 77 78 8 82 4 80 9 30 90 

41 64 85 3 54 43 6 86 8 62 60 17 12 14 97 29 81 73 74 0 76 77 78 96 80 72 82 83 94 71 93 31 32 33 34 35 36 92 38 91 40 70 13 15 90 89 18 19 20 21 99 23 24 25 26 27 56 57 58 59 10 88 9 63 7 65 66 67 68 87 1 2 44 45 46 84 48 49 50 51 53 52 4 55 47 5 42 69 61 11 16 39 37 30 28 95 79 75 98 22 

57 56 55 54 53 52 51 50 49 48 47 46 45 44 71 70 69 68 67 66 65 64 63 62 61 60 59 58 85 84 83 82 81 80 79 78 77 76 75 74 73 72 43 42 41 40 39 38 37 36 35 34 33 32 31 30 29 28 27 26 25 24 23 22 21 20 19 18 17 16 99 98 97 96 95 94 93 92 91 90 89 88 87 86 15 14 13 12 11 10 9 8 7 6 5 4 3 2 1 0 

