64 1 192
1 33
1 17
1 9
1 5
1 3
1 2
2 34
2 18
2 10
2 6
2 4
3 35
3 19
3 11
3 7
3 4
4 36
4 20
4 12
4 8
5 37
5 21
5 13
5 7
5 6
6 38
6 22
6 14
6 8
7 39
7 23
7 15
7 8
8 40
8 24
8 16
9 41
9 25
9 13
9 11
9 10
10 42
10 26
10 14
10 12
11 43
11 27
11 15
11 12
12 44
12 28
12 16
13 45
13 29
13 15
13 14
14 46
14 30
14 16
15 47
15 31
15 16
16 48
16 32
17 49
17 25
17 21
17 19
17 18
18 50
18 26
18 22
18 20
19 51
19 27
19 23
19 20
20 52
20 28
20 24
21 53
21 29
21 23
21 22
22 54
22 30
22 24
23 55
23 31
23 24
24 56
24 32
25 57
25 29
25 27
25 26
26 58
26 30
26 28
27 59
27 31
27 28
28 60
28 32
29 61
29 31
29 30
30 62
30 32
31 63
31 32
32 64
33 49
33 41
33 37
33 35
33 34
34 50
34 42
34 38
34 36
35 51
35 43
35 39
35 36
36 52
36 44
36 40
37 53
37 45
37 39
37 38
38 54
38 46
38 40
39 55
39 47
39 40
40 56
40 48
41 57
41 45
41 43
41 42
42 58
42 46
42 44
43 59
43 47
43 44
44 60
44 48
45 61
45 47
45 46
46 62
46 48
47 63
47 48
48 64
49 57
49 53
49 51
49 50
50 58
50 54
50 52
51 59
51 55
51 52
52 60
52 56
53 61
53 55
53 54
54 62
54 56
55 63
55 56
56 64
57 61
57 59
57 58
58 62
58 60
59 63
59 60
60 64
61 63
61 62
62 64
63 64
1
