128 1 448
1 65
1 33
1 17
1 9
1 5
1 3
1 2
2 66
2 34
2 18
2 10
2 6
2 4
3 67
3 35
3 19
3 11
3 7
3 4
4 68
4 36
4 20
4 12
4 8
5 69
5 37
5 21
5 13
5 7
5 6
6 70
6 38
6 22
6 14
6 8
7 71
7 39
7 23
7 15
7 8
8 72
8 40
8 24
8 16
9 73
9 41
9 25
9 13
9 11
9 10
10 74
10 42
10 26
10 14
10 12
11 75
11 43
11 27
11 15
11 12
12 76
12 44
12 28
12 16
13 77
13 45
13 29
13 15
13 14
14 78
14 46
14 30
14 16
15 79
15 47
15 31
15 16
16 80
16 48
16 32
17 81
17 49
17 25
17 21
17 19
17 18
18 82
18 50
18 26
18 22
18 20
19 83
19 51
19 27
19 23
19 20
20 84
20 52
20 28
20 24
21 85
21 53
21 29
21 23
21 22
22 86
22 54
22 30
22 24
23 87
23 55
23 31
23 24
24 88
24 56
24 32
25 89
25 57
25 29
25 27
25 26
26 90
26 58
26 30
26 28
27 91
27 59
27 31
27 28
28 92
28 60
28 32
29 93
29 61
29 31
29 30
30 94
30 62
30 32
31 95
31 63
31 32
32 96
32 64
33 97
33 49
33 41
33 37
33 35
33 34
34 98
34 50
34 42
34 38
34 36
35 99
35 51
35 43
35 39
35 36
36 100
36 52
36 44
36 40
37 101
37 53
37 45
37 39
37 38
38 102
38 54
38 46
38 40
39 103
39 55
39 47
39 40
40 104
40 56
40 48
41 105
41 57
41 45
41 43
41 42
42 106
42 58
42 46
42 44
43 107
43 59
43 47
43 44
44 108
44 60
44 48
45 109
45 61
45 47
45 46
46 110
46 62
46 48
47 111
47 63
47 48
48 112
48 64
49 113
49 57
49 53
49 51
49 50
50 114
50 58
50 54
50 52
51 115
51 59
51 55
51 52
52 116
52 60
52 56
53 117
53 61
53 55
53 54
54 118
54 62
54 56
55 119
55 63
55 56
56 120
56 64
57 121
57 61
57 59
57 58
58 122
58 62
58 60
59 123
59 63
59 60
60 124
60 64
61 125
61 63
61 62
62 126
62 64
63 127
63 64
64 128
65 97
65 81
65 73
65 69
65 67
65 66
66 98
66 82
66 74
66 70
66 68
67 99
67 83
67 75
67 71
67 68
68 100
68 84
68 76
68 72
69 101
69 85
69 77
69 71
69 70
70 102
70 86
70 78
70 72
71 103
71 87
71 79
71 72
72 104
72 88
72 80
73 105
73 89
73 77
73 75
73 74
74 106
74 90
74 78
74 76
75 107
75 91
75 79
75 76
76 108
76 92
76 80
77 109
77 93
77 79
77 78
78 110
78 94
78 80
79 111
79 95
79 80
80 112
80 96
81 113
81 89
81 85
81 83
81 82
82 114
82 90
82 86
82 84
83 115
83 91
83 87
83 84
84 116
84 92
84 88
85 117
85 93
85 87
85 86
86 118
86 94
86 88
87 119
87 95
87 88
88 120
88 96
89 121
89 93
89 91
89 90
90 122
90 94
90 92
91 123
91 95
91 92
92 124
92 96
93 125
93 95
93 94
94 126
94 96
95 127
95 96
96 128
97 113
97 105
97 101
97 99
97 98
98 114
98 106
98 102
98 100
99 115
99 107
99 103
99 100
100 116
100 108
100 104
101 117
101 109
101 103
101 102
102 118
102 110
102 104
103 119
103 111
103 104
104 120
104 112
105 121
105 109
105 107
105 106
106 122
106 110
106 108
107 123
107 111
107 108
108 124
108 112
109 125
109 111
109 110
110 126
110 112
111 127
111 112
112 128
113 121
113 117
113 115
113 114
114 122
114 118
114 116
115 123
115 119
115 116
116 124
116 120
117 125
117 119
117 118
118 126
118 120
119 127
119 120
120 128
121 125
121 123
121 122
122 126
122 124
123 127
123 124
124 128
125 127
125 126
126 128
127 128
1
