256 1 1024
1 129
1 65
1 33
1 17
1 9
1 5
1 3
1 2
2 130
2 66
2 34
2 18
2 10
2 6
2 4
3 131
3 67
3 35
3 19
3 11
3 7
3 4
4 132
4 68
4 36
4 20
4 12
4 8
5 133
5 69
5 37
5 21
5 13
5 7
5 6
6 134
6 70
6 38
6 22
6 14
6 8
7 135
7 71
7 39
7 23
7 15
7 8
8 136
8 72
8 40
8 24
8 16
9 137
9 73
9 41
9 25
9 13
9 11
9 10
10 138
10 74
10 42
10 26
10 14
10 12
11 139
11 75
11 43
11 27
11 15
11 12
12 140
12 76
12 44
12 28
12 16
13 141
13 77
13 45
13 29
13 15
13 14
14 142
14 78
14 46
14 30
14 16
15 143
15 79
15 47
15 31
15 16
16 144
16 80
16 48
16 32
17 145
17 81
17 49
17 25
17 21
17 19
17 18
18 146
18 82
18 50
18 26
18 22
18 20
19 147
19 83
19 51
19 27
19 23
19 20
20 148
20 84
20 52
20 28
20 24
21 149
21 85
21 53
21 29
21 23
21 22
22 150
22 86
22 54
22 30
22 24
23 151
23 87
23 55
23 31
23 24
24 152
24 88
24 56
24 32
25 153
25 89
25 57
25 29
25 27
25 26
26 154
26 90
26 58
26 30
26 28
27 155
27 91
27 59
27 31
27 28
28 156
28 92
28 60
28 32
29 157
29 93
29 61
29 31
29 30
30 158
30 94
30 62
30 32
31 159
31 95
31 63
31 32
32 160
32 96
32 64
33 161
33 97
33 49
33 41
33 37
33 35
33 34
34 162
34 98
34 50
34 42
34 38
34 36
35 163
35 99
35 51
35 43
35 39
35 36
36 164
36 100
36 52
36 44
36 40
37 165
37 101
37 53
37 45
37 39
37 38
38 166
38 102
38 54
38 46
38 40
39 167
39 103
39 55
39 47
39 40
40 168
40 104
40 56
40 48
41 169
41 105
41 57
41 45
41 43
41 42
42 170
42 106
42 58
42 46
42 44
43 171
43 107
43 59
43 47
43 44
44 172
44 108
44 60
44 48
45 173
45 109
45 61
45 47
45 46
46 174
46 110
46 62
46 48
47 175
47 111
47 63
47 48
48 176
48 112
48 64
49 177
49 113
49 57
49 53
49 51
49 50
50 178
50 114
50 58
50 54
50 52
51 179
51 115
51 59
51 55
51 52
52 180
52 116
52 60
52 56
53 181
53 117
53 61
53 55
53 54
54 182
54 118
54 62
54 56
55 183
55 119
55 63
55 56
56 184
56 120
56 64
57 185
57 121
57 61
57 59
57 58
58 186
58 122
58 62
58 60
59 187
59 123
59 63
59 60
60 188
60 124
60 64
61 189
61 125
61 63
61 62
62 190
62 126
62 64
63 191
63 127
63 64
64 192
64 128
65 193
65 97
65 81
65 73
65 69
65 67
65 66
66 194
66 98
66 82
66 74
66 70
66 68
67 195
67 99
67 83
67 75
67 71
67 68
68 196
68 100
68 84
68 76
68 72
69 197
69 101
69 85
69 77
69 71
69 70
70 198
70 102
70 86
70 78
70 72
71 199
71 103
71 87
71 79
71 72
72 200
72 104
72 88
72 80
73 201
73 105
73 89
73 77
73 75
73 74
74 202
74 106
74 90
74 78
74 76
75 203
75 107
75 91
75 79
75 76
76 204
76 108
76 92
76 80
77 205
77 109
77 93
77 79
77 78
78 206
78 110
78 94
78 80
79 207
79 111
79 95
79 80
80 208
80 112
80 96
81 209
81 113
81 89
81 85
81 83
81 82
82 210
82 114
82 90
82 86
82 84
83 211
83 115
83 91
83 87
83 84
84 212
84 116
84 92
84 88
85 213
85 117
85 93
85 87
85 86
86 214
86 118
86 94
86 88
87 215
87 119
87 95
87 88
88 216
88 120
88 96
89 217
89 121
89 93
89 91
89 90
90 218
90 122
90 94
90 92
91 219
91 123
91 95
91 92
92 220
92 124
92 96
93 221
93 125
93 95
93 94
94 222
94 126
94 96
95 223
95 127
95 96
96 224
96 128
97 225
97 113
97 105
97 101
97 99
97 98
98 226
98 114
98 106
98 102
98 100
99 227
99 115
99 107
99 103
99 100
100 228
100 116
100 108
100 104
101 229
101 117
101 109
101 103
101 102
102 230
102 118
102 110
102 104
103 231
103 119
103 111
103 104
104 232
104 120
104 112
105 233
105 121
105 109
105 107
105 106
106 234
106 122
106 110
106 108
107 235
107 123
107 111
107 108
108 236
108 124
108 112
109 237
109 125
109 111
109 110
110 238
110 126
110 112
111 239
111 127
111 112
112 240
112 128
113 241
113 121
113 117
113 115
113 114
114 242
114 122
114 118
114 116
115 243
115 123
115 119
115 116
116 244
116 124
116 120
117 245
117 125
117 119
117 118
118 246
118 126
118 120
119 247
119 127
119 120
120 248
120 128
121 249
121 125
121 123
121 122
122 250
122 126
122 124
123 251
123 127
123 124
124 252
124 128
125 253
125 127
125 126
126 254
126 128
127 255
127 128
128 256
129 193
129 161
129 145
129 137
129 133
129 131
129 130
130 194
130 162
130 146
130 138
130 134
130 132
131 195
131 163
131 147
131 139
131 135
131 132
132 196
132 164
132 148
132 140
132 136
133 197
133 165
133 149
133 141
133 135
133 134
134 198
134 166
134 150
134 142
134 136
135 199
135 167
135 151
135 143
135 136
136 200
136 168
136 152
136 144
137 201
137 169
137 153
137 141
137 139
137 138
138 202
138 170
138 154
138 142
138 140
139 203
139 171
139 155
139 143
139 140
140 204
140 172
140 156
140 144
141 205
141 173
141 157
141 143
141 142
142 206
142 174
142 158
142 144
143 207
143 175
143 159
143 144
144 208
144 176
144 160
145 209
145 177
145 153
145 149
145 147
145 146
146 210
146 178
146 154
146 150
146 148
147 211
147 179
147 155
147 151
147 148
148 212
148 180
148 156
148 152
149 213
149 181
149 157
149 151
149 150
150 214
150 182
150 158
150 152
151 215
151 183
151 159
151 152
152 216
152 184
152 160
153 217
153 185
153 157
153 155
153 154
154 218
154 186
154 158
154 156
155 219
155 187
155 159
155 156
156 220
156 188
156 160
157 221
157 189
157 159
157 158
158 222
158 190
158 160
159 223
159 191
159 160
160 224
160 192
161 225
161 177
161 169
161 165
161 163
161 162
162 226
162 178
162 170
162 166
162 164
163 227
163 179
163 171
163 167
163 164
164 228
164 180
164 172
164 168
165 229
165 181
165 173
165 167
165 166
166 230
166 182
166 174
166 168
167 231
167 183
167 175
167 168
168 232
168 184
168 176
169 233
169 185
169 173
169 171
169 170
170 234
170 186
170 174
170 172
171 235
171 187
171 175
171 172
172 236
172 188
172 176
173 237
173 189
173 175
173 174
174 238
174 190
174 176
175 239
175 191
175 176
176 240
176 192
177 241
177 185
177 181
177 179
177 178
178 242
178 186
178 182
178 180
179 243
179 187
179 183
179 180
180 244
180 188
180 184
181 245
181 189
181 183
181 182
182 246
182 190
182 184
183 247
183 191
183 184
184 248
184 192
185 249
185 189
185 187
185 186
186 250
186 190
186 188
187 251
187 191
187 188
188 252
188 192
189 253
189 191
189 190
190 254
190 192
191 255
191 192
192 256
193 225
193 209
193 201
193 197
193 195
193 194
194 226
194 210
194 202
194 198
194 196
195 227
195 211
195 203
195 199
195 196
196 228
196 212
196 204
196 200
197 229
197 213
197 205
197 199
197 198
198 230
198 214
198 206
198 200
199 231
199 215
199 207
199 200
200 232
200 216
200 208
201 233
201 217
201 205
201 203
201 202
202 234
202 218
202 206
202 204
203 235
203 219
203 207
203 204
204 236
204 220
204 208
205 237
205 221
205 207
205 206
206 238
206 222
206 208
207 239
207 223
207 208
208 240
208 224
209 241
209 217
209 213
209 211
209 210
210 242
210 218
210 214
210 212
211 243
211 219
211 215
211 212
212 244
212 220
212 216
213 245
213 221
213 215
213 214
214 246
214 222
214 216
215 247
215 223
215 216
216 248
216 224
217 249
217 221
217 219
217 218
218 250
218 222
218 220
219 251
219 223
219 220
220 252
220 224
221 253
221 223
221 222
222 254
222 224
223 255
223 224
224 256
225 241
225 233
225 229
225 227
225 226
226 242
226 234
226 230
226 228
227 243
227 235
227 231
227 228
228 244
228 236
228 232
229 245
229 237
229 231
229 230
230 246
230 238
230 232
231 247
231 239
231 232
232 248
232 240
233 249
233 237
233 235
233 234
234 250
234 238
234 236
235 251
235 239
235 236
236 252
236 240
237 253
237 239
237 238
238 254
238 240
239 255
239 240
240 256
241 249
241 245
241 243
241 242
242 250
242 246
242 244
243 251
243 247
243 244
244 252
244 248
245 253
245 247
245 246
246 254
246 248
247 255
247 248
248 256
249 253
249 251
249 250
250 254
250 252
251 255
251 252
252 256
253 255
253 254
254 256
255 256
1
