512 1 2304
1 257
1 129
1 65
1 33
1 17
1 9
1 5
1 3
1 2
2 258
2 130
2 66
2 34
2 18
2 10
2 6
2 4
3 259
3 131
3 67
3 35
3 19
3 11
3 7
3 4
4 260
4 132
4 68
4 36
4 20
4 12
4 8
5 261
5 133
5 69
5 37
5 21
5 13
5 7
5 6
6 262
6 134
6 70
6 38
6 22
6 14
6 8
7 263
7 135
7 71
7 39
7 23
7 15
7 8
8 264
8 136
8 72
8 40
8 24
8 16
9 265
9 137
9 73
9 41
9 25
9 13
9 11
9 10
10 266
10 138
10 74
10 42
10 26
10 14
10 12
11 267
11 139
11 75
11 43
11 27
11 15
11 12
12 268
12 140
12 76
12 44
12 28
12 16
13 269
13 141
13 77
13 45
13 29
13 15
13 14
14 270
14 142
14 78
14 46
14 30
14 16
15 271
15 143
15 79
15 47
15 31
15 16
16 272
16 144
16 80
16 48
16 32
17 273
17 145
17 81
17 49
17 25
17 21
17 19
17 18
18 274
18 146
18 82
18 50
18 26
18 22
18 20
19 275
19 147
19 83
19 51
19 27
19 23
19 20
20 276
20 148
20 84
20 52
20 28
20 24
21 277
21 149
21 85
21 53
21 29
21 23
21 22
22 278
22 150
22 86
22 54
22 30
22 24
23 279
23 151
23 87
23 55
23 31
23 24
24 280
24 152
24 88
24 56
24 32
25 281
25 153
25 89
25 57
25 29
25 27
25 26
26 282
26 154
26 90
26 58
26 30
26 28
27 283
27 155
27 91
27 59
27 31
27 28
28 284
28 156
28 92
28 60
28 32
29 285
29 157
29 93
29 61
29 31
29 30
30 286
30 158
30 94
30 62
30 32
31 287
31 159
31 95
31 63
31 32
32 288
32 160
32 96
32 64
33 289
33 161
33 97
33 49
33 41
33 37
33 35
33 34
34 290
34 162
34 98
34 50
34 42
34 38
34 36
35 291
35 163
35 99
35 51
35 43
35 39
35 36
36 292
36 164
36 100
36 52
36 44
36 40
37 293
37 165
37 101
37 53
37 45
37 39
37 38
38 294
38 166
38 102
38 54
38 46
38 40
39 295
39 167
39 103
39 55
39 47
39 40
40 296
40 168
40 104
40 56
40 48
41 297
41 169
41 105
41 57
41 45
41 43
41 42
42 298
42 170
42 106
42 58
42 46
42 44
43 299
43 171
43 107
43 59
43 47
43 44
44 300
44 172
44 108
44 60
44 48
45 301
45 173
45 109
45 61
45 47
45 46
46 302
46 174
46 110
46 62
46 48
47 303
47 175
47 111
47 63
47 48
48 304
48 176
48 112
48 64
49 305
49 177
49 113
49 57
49 53
49 51
49 50
50 306
50 178
50 114
50 58
50 54
50 52
51 307
51 179
51 115
51 59
51 55
51 52
52 308
52 180
52 116
52 60
52 56
53 309
53 181
53 117
53 61
53 55
53 54
54 310
54 182
54 118
54 62
54 56
55 311
55 183
55 119
55 63
55 56
56 312
56 184
56 120
56 64
57 313
57 185
57 121
57 61
57 59
57 58
58 314
58 186
58 122
58 62
58 60
59 315
59 187
59 123
59 63
59 60
60 316
60 188
60 124
60 64
61 317
61 189
61 125
61 63
61 62
62 318
62 190
62 126
62 64
63 319
63 191
63 127
63 64
64 320
64 192
64 128
65 321
65 193
65 97
65 81
65 73
65 69
65 67
65 66
66 322
66 194
66 98
66 82
66 74
66 70
66 68
67 323
67 195
67 99
67 83
67 75
67 71
67 68
68 324
68 196
68 100
68 84
68 76
68 72
69 325
69 197
69 101
69 85
69 77
69 71
69 70
70 326
70 198
70 102
70 86
70 78
70 72
71 327
71 199
71 103
71 87
71 79
71 72
72 328
72 200
72 104
72 88
72 80
73 329
73 201
73 105
73 89
73 77
73 75
73 74
74 330
74 202
74 106
74 90
74 78
74 76
75 331
75 203
75 107
75 91
75 79
75 76
76 332
76 204
76 108
76 92
76 80
77 333
77 205
77 109
77 93
77 79
77 78
78 334
78 206
78 110
78 94
78 80
79 335
79 207
79 111
79 95
79 80
80 336
80 208
80 112
80 96
81 337
81 209
81 113
81 89
81 85
81 83
81 82
82 338
82 210
82 114
82 90
82 86
82 84
83 339
83 211
83 115
83 91
83 87
83 84
84 340
84 212
84 116
84 92
84 88
85 341
85 213
85 117
85 93
85 87
85 86
86 342
86 214
86 118
86 94
86 88
87 343
87 215
87 119
87 95
87 88
88 344
88 216
88 120
88 96
89 345
89 217
89 121
89 93
89 91
89 90
90 346
90 218
90 122
90 94
90 92
91 347
91 219
91 123
91 95
91 92
92 348
92 220
92 124
92 96
93 349
93 221
93 125
93 95
93 94
94 350
94 222
94 126
94 96
95 351
95 223
95 127
95 96
96 352
96 224
96 128
97 353
97 225
97 113
97 105
97 101
97 99
97 98
98 354
98 226
98 114
98 106
98 102
98 100
99 355
99 227
99 115
99 107
99 103
99 100
100 356
100 228
100 116
100 108
100 104
101 357
101 229
101 117
101 109
101 103
101 102
102 358
102 230
102 118
102 110
102 104
103 359
103 231
103 119
103 111
103 104
104 360
104 232
104 120
104 112
105 361
105 233
105 121
105 109
105 107
105 106
106 362
106 234
106 122
106 110
106 108
107 363
107 235
107 123
107 111
107 108
108 364
108 236
108 124
108 112
109 365
109 237
109 125
109 111
109 110
110 366
110 238
110 126
110 112
111 367
111 239
111 127
111 112
112 368
112 240
112 128
113 369
113 241
113 121
113 117
113 115
113 114
114 370
114 242
114 122
114 118
114 116
115 371
115 243
115 123
115 119
115 116
116 372
116 244
116 124
116 120
117 373
117 245
117 125
117 119
117 118
118 374
118 246
118 126
118 120
119 375
119 247
119 127
119 120
120 376
120 248
120 128
121 377
121 249
121 125
121 123
121 122
122 378
122 250
122 126
122 124
123 379
123 251
123 127
123 124
124 380
124 252
124 128
125 381
125 253
125 127
125 126
126 382
126 254
126 128
127 383
127 255
127 128
128 384
128 256
129 385
129 193
129 161
129 145
129 137
129 133
129 131
129 130
130 386
130 194
130 162
130 146
130 138
130 134
130 132
131 387
131 195
131 163
131 147
131 139
131 135
131 132
132 388
132 196
132 164
132 148
132 140
132 136
133 389
133 197
133 165
133 149
133 141
133 135
133 134
134 390
134 198
134 166
134 150
134 142
134 136
135 391
135 199
135 167
135 151
135 143
135 136
136 392
136 200
136 168
136 152
136 144
137 393
137 201
137 169
137 153
137 141
137 139
137 138
138 394
138 202
138 170
138 154
138 142
138 140
139 395
139 203
139 171
139 155
139 143
139 140
140 396
140 204
140 172
140 156
140 144
141 397
141 205
141 173
141 157
141 143
141 142
142 398
142 206
142 174
142 158
142 144
143 399
143 207
143 175
143 159
143 144
144 400
144 208
144 176
144 160
145 401
145 209
145 177
145 153
145 149
145 147
145 146
146 402
146 210
146 178
146 154
146 150
146 148
147 403
147 211
147 179
147 155
147 151
147 148
148 404
148 212
148 180
148 156
148 152
149 405
149 213
149 181
149 157
149 151
149 150
150 406
150 214
150 182
150 158
150 152
151 407
151 215
151 183
151 159
151 152
152 408
152 216
152 184
152 160
153 409
153 217
153 185
153 157
153 155
153 154
154 410
154 218
154 186
154 158
154 156
155 411
155 219
155 187
155 159
155 156
156 412
156 220
156 188
156 160
157 413
157 221
157 189
157 159
157 158
158 414
158 222
158 190
158 160
159 415
159 223
159 191
159 160
160 416
160 224
160 192
161 417
161 225
161 177
161 169
161 165
161 163
161 162
162 418
162 226
162 178
162 170
162 166
162 164
163 419
163 227
163 179
163 171
163 167
163 164
164 420
164 228
164 180
164 172
164 168
165 421
165 229
165 181
165 173
165 167
165 166
166 422
166 230
166 182
166 174
166 168
167 423
167 231
167 183
167 175
167 168
168 424
168 232
168 184
168 176
169 425
169 233
169 185
169 173
169 171
169 170
170 426
170 234
170 186
170 174
170 172
171 427
171 235
171 187
171 175
171 172
172 428
172 236
172 188
172 176
173 429
173 237
173 189
173 175
173 174
174 430
174 238
174 190
174 176
175 431
175 239
175 191
175 176
176 432
176 240
176 192
177 433
177 241
177 185
177 181
177 179
177 178
178 434
178 242
178 186
178 182
178 180
179 435
179 243
179 187
179 183
179 180
180 436
180 244
180 188
180 184
181 437
181 245
181 189
181 183
181 182
182 438
182 246
182 190
182 184
183 439
183 247
183 191
183 184
184 440
184 248
184 192
185 441
185 249
185 189
185 187
185 186
186 442
186 250
186 190
186 188
187 443
187 251
187 191
187 188
188 444
188 252
188 192
189 445
189 253
189 191
189 190
190 446
190 254
190 192
191 447
191 255
191 192
192 448
192 256
193 449
193 225
193 209
193 201
193 197
193 195
193 194
194 450
194 226
194 210
194 202
194 198
194 196
195 451
195 227
195 211
195 203
195 199
195 196
196 452
196 228
196 212
196 204
196 200
197 453
197 229
197 213
197 205
197 199
197 198
198 454
198 230
198 214
198 206
198 200
199 455
199 231
199 215
199 207
199 200
200 456
200 232
200 216
200 208
201 457
201 233
201 217
201 205
201 203
201 202
202 458
202 234
202 218
202 206
202 204
203 459
203 235
203 219
203 207
203 204
204 460
204 236
204 220
204 208
205 461
205 237
205 221
205 207
205 206
206 462
206 238
206 222
206 208
207 463
207 239
207 223
207 208
208 464
208 240
208 224
209 465
209 241
209 217
209 213
209 211
209 210
210 466
210 242
210 218
210 214
210 212
211 467
211 243
211 219
211 215
211 212
212 468
212 244
212 220
212 216
213 469
213 245
213 221
213 215
213 214
214 470
214 246
214 222
214 216
215 471
215 247
215 223
215 216
216 472
216 248
216 224
217 473
217 249
217 221
217 219
217 218
218 474
218 250
218 222
218 220
219 475
219 251
219 223
219 220
220 476
220 252
220 224
221 477
221 253
221 223
221 222
222 478
222 254
222 224
223 479
223 255
223 224
224 480
224 256
225 481
225 241
225 233
225 229
225 227
225 226
226 482
226 242
226 234
226 230
226 228
227 483
227 243
227 235
227 231
227 228
228 484
228 244
228 236
228 232
229 485
229 245
229 237
229 231
229 230
230 486
230 246
230 238
230 232
231 487
231 247
231 239
231 232
232 488
232 248
232 240
233 489
233 249
233 237
233 235
233 234
234 490
234 250
234 238
234 236
235 491
235 251
235 239
235 236
236 492
236 252
236 240
237 493
237 253
237 239
237 238
238 494
238 254
238 240
239 495
239 255
239 240
240 496
240 256
241 497
241 249
241 245
241 243
241 242
242 498
242 250
242 246
242 244
243 499
243 251
243 247
243 244
244 500
244 252
244 248
245 501
245 253
245 247
245 246
246 502
246 254
246 248
247 503
247 255
247 248
248 504
248 256
249 505
249 253
249 251
249 250
250 506
250 254
250 252
251 507
251 255
251 252
252 508
252 256
253 509
253 255
253 254
254 510
254 256
255 511
255 256
256 512
257 385
257 321
257 289
257 273
257 265
257 261
257 259
257 258
258 386
258 322
258 290
258 274
258 266
258 262
258 260
259 387
259 323
259 291
259 275
259 267
259 263
259 260
260 388
260 324
260 292
260 276
260 268
260 264
261 389
261 325
261 293
261 277
261 269
261 263
261 262
262 390
262 326
262 294
262 278
262 270
262 264
263 391
263 327
263 295
263 279
263 271
263 264
264 392
264 328
264 296
264 280
264 272
265 393
265 329
265 297
265 281
265 269
265 267
265 266
266 394
266 330
266 298
266 282
266 270
266 268
267 395
267 331
267 299
267 283
267 271
267 268
268 396
268 332
268 300
268 284
268 272
269 397
269 333
269 301
269 285
269 271
269 270
270 398
270 334
270 302
270 286
270 272
271 399
271 335
271 303
271 287
271 272
272 400
272 336
272 304
272 288
273 401
273 337
273 305
273 281
273 277
273 275
273 274
274 402
274 338
274 306
274 282
274 278
274 276
275 403
275 339
275 307
275 283
275 279
275 276
276 404
276 340
276 308
276 284
276 280
277 405
277 341
277 309
277 285
277 279
277 278
278 406
278 342
278 310
278 286
278 280
279 407
279 343
279 311
279 287
279 280
280 408
280 344
280 312
280 288
281 409
281 345
281 313
281 285
281 283
281 282
282 410
282 346
282 314
282 286
282 284
283 411
283 347
283 315
283 287
283 284
284 412
284 348
284 316
284 288
285 413
285 349
285 317
285 287
285 286
286 414
286 350
286 318
286 288
287 415
287 351
287 319
287 288
288 416
288 352
288 320
289 417
289 353
289 305
289 297
289 293
289 291
289 290
290 418
290 354
290 306
290 298
290 294
290 292
291 419
291 355
291 307
291 299
291 295
291 292
292 420
292 356
292 308
292 300
292 296
293 421
293 357
293 309
293 301
293 295
293 294
294 422
294 358
294 310
294 302
294 296
295 423
295 359
295 311
295 303
295 296
296 424
296 360
296 312
296 304
297 425
297 361
297 313
297 301
297 299
297 298
298 426
298 362
298 314
298 302
298 300
299 427
299 363
299 315
299 303
299 300
300 428
300 364
300 316
300 304
301 429
301 365
301 317
301 303
301 302
302 430
302 366
302 318
302 304
303 431
303 367
303 319
303 304
304 432
304 368
304 320
305 433
305 369
305 313
305 309
305 307
305 306
306 434
306 370
306 314
306 310
306 308
307 435
307 371
307 315
307 311
307 308
308 436
308 372
308 316
308 312
309 437
309 373
309 317
309 311
309 310
310 438
310 374
310 318
310 312
311 439
311 375
311 319
311 312
312 440
312 376
312 320
313 441
313 377
313 317
313 315
313 314
314 442
314 378
314 318
314 316
315 443
315 379
315 319
315 316
316 444
316 380
316 320
317 445
317 381
317 319
317 318
318 446
318 382
318 320
319 447
319 383
319 320
320 448
320 384
321 449
321 353
321 337
321 329
321 325
321 323
321 322
322 450
322 354
322 338
322 330
322 326
322 324
323 451
323 355
323 339
323 331
323 327
323 324
324 452
324 356
324 340
324 332
324 328
325 453
325 357
325 341
325 333
325 327
325 326
326 454
326 358
326 342
326 334
326 328
327 455
327 359
327 343
327 335
327 328
328 456
328 360
328 344
328 336
329 457
329 361
329 345
329 333
329 331
329 330
330 458
330 362
330 346
330 334
330 332
331 459
331 363
331 347
331 335
331 332
332 460
332 364
332 348
332 336
333 461
333 365
333 349
333 335
333 334
334 462
334 366
334 350
334 336
335 463
335 367
335 351
335 336
336 464
336 368
336 352
337 465
337 369
337 345
337 341
337 339
337 338
338 466
338 370
338 346
338 342
338 340
339 467
339 371
339 347
339 343
339 340
340 468
340 372
340 348
340 344
341 469
341 373
341 349
341 343
341 342
342 470
342 374
342 350
342 344
343 471
343 375
343 351
343 344
344 472
344 376
344 352
345 473
345 377
345 349
345 347
345 346
346 474
346 378
346 350
346 348
347 475
347 379
347 351
347 348
348 476
348 380
348 352
349 477
349 381
349 351
349 350
350 478
350 382
350 352
351 479
351 383
351 352
352 480
352 384
353 481
353 369
353 361
353 357
353 355
353 354
354 482
354 370
354 362
354 358
354 356
355 483
355 371
355 363
355 359
355 356
356 484
356 372
356 364
356 360
357 485
357 373
357 365
357 359
357 358
358 486
358 374
358 366
358 360
359 487
359 375
359 367
359 360
360 488
360 376
360 368
361 489
361 377
361 365
361 363
361 362
362 490
362 378
362 366
362 364
363 491
363 379
363 367
363 364
364 492
364 380
364 368
365 493
365 381
365 367
365 366
366 494
366 382
366 368
367 495
367 383
367 368
368 496
368 384
369 497
369 377
369 373
369 371
369 370
370 498
370 378
370 374
370 372
371 499
371 379
371 375
371 372
372 500
372 380
372 376
373 501
373 381
373 375
373 374
374 502
374 382
374 376
375 503
375 383
375 376
376 504
376 384
377 505
377 381
377 379
377 378
378 506
378 382
378 380
379 507
379 383
379 380
380 508
380 384
381 509
381 383
381 382
382 510
382 384
383 511
383 384
384 512
385 449
385 417
385 401
385 393
385 389
385 387
385 386
386 450
386 418
386 402
386 394
386 390
386 388
387 451
387 419
387 403
387 395
387 391
387 388
388 452
388 420
388 404
388 396
388 392
389 453
389 421
389 405
389 397
389 391
389 390
390 454
390 422
390 406
390 398
390 392
391 455
391 423
391 407
391 399
391 392
392 456
392 424
392 408
392 400
393 457
393 425
393 409
393 397
393 395
393 394
394 458
394 426
394 410
394 398
394 396
395 459
395 427
395 411
395 399
395 396
396 460
396 428
396 412
396 400
397 461
397 429
397 413
397 399
397 398
398 462
398 430
398 414
398 400
399 463
399 431
399 415
399 400
400 464
400 432
400 416
401 465
401 433
401 409
401 405
401 403
401 402
402 466
402 434
402 410
402 406
402 404
403 467
403 435
403 411
403 407
403 404
404 468
404 436
404 412
404 408
405 469
405 437
405 413
405 407
405 406
406 470
406 438
406 414
406 408
407 471
407 439
407 415
407 408
408 472
408 440
408 416
409 473
409 441
409 413
409 411
409 410
410 474
410 442
410 414
410 412
411 475
411 443
411 415
411 412
412 476
412 444
412 416
413 477
413 445
413 415
413 414
414 478
414 446
414 416
415 479
415 447
415 416
416 480
416 448
417 481
417 433
417 425
417 421
417 419
417 418
418 482
418 434
418 426
418 422
418 420
419 483
419 435
419 427
419 423
419 420
420 484
420 436
420 428
420 424
421 485
421 437
421 429
421 423
421 422
422 486
422 438
422 430
422 424
423 487
423 439
423 431
423 424
424 488
424 440
424 432
425 489
425 441
425 429
425 427
425 426
426 490
426 442
426 430
426 428
427 491
427 443
427 431
427 428
428 492
428 444
428 432
429 493
429 445
429 431
429 430
430 494
430 446
430 432
431 495
431 447
431 432
432 496
432 448
433 497
433 441
433 437
433 435
433 434
434 498
434 442
434 438
434 436
435 499
435 443
435 439
435 436
436 500
436 444
436 440
437 501
437 445
437 439
437 438
438 502
438 446
438 440
439 503
439 447
439 440
440 504
440 448
441 505
441 445
441 443
441 442
442 506
442 446
442 444
443 507
443 447
443 444
444 508
444 448
445 509
445 447
445 446
446 510
446 448
447 511
447 448
448 512
449 481
449 465
449 457
449 453
449 451
449 450
450 482
450 466
450 458
450 454
450 452
451 483
451 467
451 459
451 455
451 452
452 484
452 468
452 460
452 456
453 485
453 469
453 461
453 455
453 454
454 486
454 470
454 462
454 456
455 487
455 471
455 463
455 456
456 488
456 472
456 464
457 489
457 473
457 461
457 459
457 458
458 490
458 474
458 462
458 460
459 491
459 475
459 463
459 460
460 492
460 476
460 464
461 493
461 477
461 463
461 462
462 494
462 478
462 464
463 495
463 479
463 464
464 496
464 480
465 497
465 473
465 469
465 467
465 466
466 498
466 474
466 470
466 468
467 499
467 475
467 471
467 468
468 500
468 476
468 472
469 501
469 477
469 471
469 470
470 502
470 478
470 472
471 503
471 479
471 472
472 504
472 480
473 505
473 477
473 475
473 474
474 506
474 478
474 476
475 507
475 479
475 476
476 508
476 480
477 509
477 479
477 478
478 510
478 480
479 511
479 480
480 512
481 497
481 489
481 485
481 483
481 482
482 498
482 490
482 486
482 484
483 499
483 491
483 487
483 484
484 500
484 492
484 488
485 501
485 493
485 487
485 486
486 502
486 494
486 488
487 503
487 495
487 488
488 504
488 496
489 505
489 493
489 491
489 490
490 506
490 494
490 492
491 507
491 495
491 492
492 508
492 496
493 509
493 495
493 494
494 510
494 496
495 511
495 496
496 512
497 505
497 501
497 499
497 498
498 506
498 502
498 500
499 507
499 503
499 500
500 508
500 504
501 509
501 503
501 502
502 510
502 504
503 511
503 504
504 512
505 509
505 507
505 506
506 510
506 508
507 511
507 508
508 512
509 511
509 510
510 512
511 512
1
