32 1 142
1 2
1 18
1 26
1 30
1 32
1 3
1 4
1 6
1 16
1 17
1 21
1 28
2 3
2 11
2 15
2 17
2 7
2 18
2 25
2 27
2 28
2 31
3 4
3 8
3 10
3 6
3 9
3 12
3 28
3 30
4 5
4 7
4 8
4 11
4 13
4 19
4 22
4 27
4 28
5 6
5 8
5 9
5 10
5 11
5 23
5 29
5 31
6 7
6 13
6 19
6 29
6 30
6 31
7 9
7 15
7 16
7 19
7 22
7 28
8 9
8 25
8 26
8 27
8 28
8 31
9 13
9 15
9 19
9 23
9 28
9 32
10 12
10 16
10 17
10 24
10 30
10 32
11 12
11 14
11 13
11 16
11 23
12 13
12 16
12 21
12 29
12 32
13 17
13 21
13 24
14 19
14 24
14 27
14 30
14 32
15 16
15 18
15 21
15 22
15 28
15 31
16 19
16 24
16 27
17 18
17 22
17 27
17 30
18 19
18 23
18 25
19 20
19 22
19 24
19 28
19 29
19 30
19 31
19 32
20 21
20 23
20 24
20 25
20 29
20 31
21 23
21 25
21 30
22 26
23 24
23 27
23 29
25 26
25 32
26 27
26 29
27 28
28 30
28 32
29 31
30 31
30 32
1
