64 1 349
1 2
1 34
1 50
1 58
1 62
1 64
1 15
1 16
1 25
1 38
1 47
1 48
1 52
1 53
1 54
1 57
2 3
2 19
2 27
2 31
2 33
2 4
2 11
2 14
2 15
2 18
2 21
2 34
2 45
2 49
2 55
2 60
2 64
3 4
3 12
3 16
3 18
3 11
3 13
3 24
3 26
3 37
3 43
3 51
4 5
4 9
4 11
4 24
4 29
4 30
4 39
4 42
4 45
4 47
4 53
4 55
4 64
5 6
5 8
5 22
5 27
5 29
5 30
5 31
5 36
5 54
5 63
6 7
6 18
6 20
6 25
6 35
6 36
6 39
6 41
6 43
6 50
6 61
7 11
7 18
7 25
7 38
7 52
7 57
8 11
8 20
8 36
8 45
8 53
9 10
9 14
9 15
9 17
9 19
9 21
9 36
9 39
9 46
9 51
9 52
9 57
9 64
10 23
10 44
10 50
11 15
11 38
11 44
11 47
11 53
11 63
11 64
12 13
12 15
12 14
12 16
12 29
12 51
13 14
13 15
13 44
13 57
14 15
14 37
14 42
14 47
14 50
14 51
14 52
14 53
14 56
14 61
15 16
15 21
15 27
15 32
15 45
15 47
15 50
15 58
15 64
16 17
16 28
16 47
16 52
16 53
16 54
16 61
17 20
17 40
17 43
17 48
17 49
17 52
17 58
18 23
18 30
18 45
18 51
18 57
18 61
19 20
19 24
19 26
19 22
19 31
19 32
19 36
19 44
20 21
20 23
20 40
20 50
20 57
21 22
21 32
21 48
21 50
21 53
21 58
21 61
22 31
22 41
22 50
22 51
22 59
22 60
22 63
23 28
23 32
23 40
23 42
23 46
23 53
23 58
23 64
24 25
24 33
24 39
24 40
24 44
24 50
24 62
25 26
25 28
25 34
25 49
25 56
25 57
26 36
26 37
26 40
26 47
26 57
26 59
27 28
27 30
27 45
27 49
27 50
27 56
27 58
28 29
28 39
28 40
28 47
28 60
29 32
29 40
29 46
29 60
29 64
30 37
30 41
30 47
30 48
30 51
30 52
31 32
31 39
31 53
31 58
31 62
32 37
32 49
32 59
33 47
33 51
33 52
33 55
33 60
33 64
34 35
34 43
34 47
34 49
34 42
34 57
34 59
35 36
35 40
35 42
35 37
35 46
36 37
36 39
36 43
36 48
36 49
36 50
36 51
36 60
36 63
37 38
37 42
37 48
37 59
38 39
38 41
38 43
38 45
38 50
38 56
38 64
39 44
39 50
40 41
40 42
40 44
40 48
40 54
41 47
41 58
42 51
42 55
42 62
42 64
43 44
43 46
43 55
43 60
43 61
44 45
44 46
44 49
44 53
44 59
44 62
45 49
45 51
45 54
45 57
45 61
46 47
46 50
46 57
46 59
47 48
47 51
47 53
47 62
47 64
49 51
49 53
49 61
50 51
50 55
50 57
50 60
50 62
51 52
51 54
51 57
52 53
53 57
53 64
54 60
54 63
55 56
55 58
55 62
55 64
58 59
58 61
58 63
59 60
60 61
61 64
62 63
1
