64 1 184
1 2
1 34
1 50
1 58
1 62
1 64
1 15
1 30
1 37
1 40
1 54
2 3
2 19
2 27
2 31
2 33
2 53
2 56
3 4
3 12
3 16
3 18
3 28
3 36
3 60
3 62
4 5
4 9
4 11
4 6
4 23
4 28
4 31
4 51
4 58
4 64
5 6
5 8
5 7
5 17
5 20
5 44
5 52
6 7
6 23
6 40
7 24
7 61
8 19
8 25
8 53
9 10
9 21
9 39
10 43
11 26
11 48
11 56
11 58
12 13
12 15
12 22
12 56
13 14
13 19
13 30
13 34
13 57
14 20
15 17
15 54
16 17
16 24
17 45
18 22
19 20
19 24
19 26
19 22
19 58
19 59
20 21
20 23
20 32
21 22
22 25
22 26
22 37
22 42
22 60
23 50
23 60
24 25
24 40
24 44
24 58
24 63
25 33
26 48
26 49
26 61
27 28
27 30
27 59
28 29
28 43
28 46
29 40
29 49
30 41
30 57
31 32
31 40
31 50
31 52
32 35
32 41
32 56
33 47
33 51
33 60
34 35
34 43
34 47
34 49
34 36
34 39
35 36
35 40
35 42
35 56
35 61
36 37
36 39
36 45
36 47
36 57
36 64
37 38
37 46
37 57
40 41
40 59
40 60
41 46
41 51
41 56
41 57
41 60
41 61
42 63
42 64
43 44
43 46
43 59
43 61
43 63
44 45
44 48
44 61
44 63
45 50
46 64
47 48
47 54
47 61
50 51
50 55
50 57
51 52
51 54
52 53
52 63
53 55
53 63
54 59
55 56
55 60
57 63
57 64
58 59
58 61
59 60
62 63
1
