64 1 461
1 2
1 34
1 50
1 58
1 62
1 64
1 3
1 10
1 16
1 20
1 22
1 37
1 44
1 55
2 3
2 19
2 27
2 31
2 33
2 8
2 9
2 13
2 24
2 26
2 35
2 40
2 51
2 53
2 54
2 56
2 59
2 64
3 4
3 12
3 16
3 18
3 8
3 13
3 14
3 17
3 25
3 34
3 38
3 42
3 43
3 46
3 54
3 55
3 59
4 5
4 9
4 11
4 19
4 23
4 32
4 34
4 40
4 43
4 45
4 52
4 53
4 54
4 56
4 57
5 6
5 8
5 7
5 12
5 13
5 14
5 20
5 31
5 32
5 40
5 43
5 47
5 55
5 61
6 7
6 15
6 16
6 18
6 26
6 27
6 29
6 42
6 46
6 49
6 51
6 56
6 64
7 8
7 11
7 18
7 23
7 24
7 26
7 28
7 37
7 39
7 41
7 44
7 45
7 46
7 50
7 53
7 55
8 10
8 14
8 26
8 30
8 31
8 32
8 34
8 36
8 37
8 41
8 56
8 57
9 10
9 17
9 18
9 26
9 28
9 29
9 30
9 45
9 50
9 52
9 60
9 62
9 63
9 64
10 11
10 19
10 21
10 23
10 24
10 27
10 29
10 33
10 34
10 35
10 37
10 39
10 44
10 45
10 47
10 48
10 49
10 52
10 57
10 58
10 59
10 64
11 16
11 24
11 30
11 31
11 32
11 42
11 47
11 59
12 13
12 15
12 16
12 25
12 27
12 29
12 33
12 37
12 44
12 51
13 14
13 15
13 16
13 21
13 23
13 28
13 33
13 39
13 41
13 48
13 52
13 61
13 63
13 64
14 20
14 22
14 25
14 29
14 37
14 38
14 43
14 46
14 47
14 51
14 59
15 24
15 25
15 27
15 31
15 33
15 34
15 36
15 49
15 50
15 55
15 56
15 59
15 62
16 17
16 20
16 21
16 22
16 25
16 29
16 37
16 44
16 45
16 46
16 51
16 57
16 58
16 59
16 60
16 61
17 20
17 24
17 50
17 52
17 58
17 59
17 64
18 22
18 27
18 33
18 40
18 44
19 20
19 24
19 26
19 27
19 31
19 45
19 61
20 21
20 23
20 22
20 26
20 31
20 32
20 45
20 46
20 48
20 49
20 53
21 22
21 27
21 35
21 39
21 40
21 45
21 48
21 58
22 23
22 34
22 53
23 34
23 41
23 46
23 53
23 56
24 25
24 27
24 34
24 38
24 39
24 47
24 50
24 51
24 54
24 56
25 53
26 29
26 30
26 31
26 40
26 42
26 48
26 51
27 28
27 30
27 29
27 32
27 35
27 46
27 47
27 52
27 53
27 54
27 56
27 59
27 64
28 29
28 35
28 40
28 41
28 43
28 46
28 49
28 50
28 56
28 58
29 32
29 38
29 41
29 43
29 47
30 32
30 33
30 37
30 43
30 45
30 47
30 52
30 58
30 61
30 64
31 32
31 52
31 53
31 63
32 35
32 39
32 40
32 41
32 46
32 49
32 58
32 60
32 63
33 34
33 54
33 56
33 57
33 58
33 61
34 35
34 43
34 47
34 49
34 38
34 44
34 50
34 52
34 63
34 64
35 36
35 40
35 42
35 41
35 61
35 63
36 37
36 39
36 43
36 45
36 48
36 50
36 51
36 54
36 57
36 58
36 61
36 63
37 38
37 39
37 40
37 41
37 48
37 49
37 62
37 64
38 46
38 47
38 53
38 54
38 58
38 61
38 62
39 47
39 49
39 50
40 41
40 56
40 63
41 56
41 58
41 59
42 57
43 44
43 46
43 52
43 53
43 64
44 45
44 49
44 58
45 53
45 57
45 60
45 61
45 63
46 50
46 51
46 52
46 57
46 60
46 62
46 63
47 48
47 49
47 57
47 63
48 49
48 50
48 54
48 58
49 55
49 61
49 62
50 51
50 55
50 57
50 52
50 59
50 63
51 52
51 54
51 59
51 63
52 53
52 60
52 63
53 60
54 56
54 60
54 64
55 56
56 57
56 60
57 64
58 59
58 61
58 63
59 60
60 62
60 64
61 63
62 63
1
