64 1 243
1 2
1 34
1 50
1 58
1 62
1 64
1 15
1 23
1 41
1 42
2 3
2 19
2 27
2 31
2 33
2 26
2 35
2 58
2 63
3 4
3 12
3 16
3 18
3 6
3 11
3 14
3 36
3 50
3 53
3 57
3 58
3 62
4 5
4 9
4 11
4 8
4 14
4 16
4 20
4 54
4 57
4 59
5 6
5 8
5 7
5 14
5 30
5 42
5 51
5 52
5 62
6 7
6 18
6 23
6 29
6 59
6 62
7 26
7 27
7 31
7 40
7 50
8 14
8 16
8 45
8 63
9 10
9 14
9 18
9 24
9 38
9 49
9 63
9 64
10 35
10 36
10 47
10 57
10 63
10 64
11 45
11 52
11 53
12 13
12 15
12 20
12 41
12 55
13 14
13 17
13 26
13 28
13 37
13 40
13 57
13 63
13 64
14 31
14 33
14 49
14 51
14 60
14 63
15 30
15 40
15 53
16 17
16 20
16 24
16 29
16 34
16 36
16 45
16 46
16 54
17 37
17 45
17 46
17 54
18 35
18 37
19 20
19 24
19 26
19 21
19 36
19 38
19 53
19 56
19 59
20 21
20 23
20 22
20 39
20 51
20 56
20 59
21 22
21 26
21 28
21 39
21 41
21 51
22 35
23 29
23 39
23 42
23 46
23 60
24 25
24 28
24 33
24 35
25 36
25 60
26 28
26 30
26 36
26 40
26 46
26 47
26 58
27 28
27 30
27 37
27 41
27 49
27 55
27 60
28 29
28 50
28 58
29 39
29 42
29 47
29 55
29 58
30 35
30 37
30 63
31 32
31 49
31 52
31 58
32 34
32 51
32 61
34 35
34 43
34 47
34 49
34 52
34 58
35 36
35 40
35 42
35 53
36 37
36 39
36 41
36 60
36 62
37 38
37 49
38 48
38 49
38 64
40 41
40 48
40 62
41 42
41 58
42 52
42 58
43 44
43 46
44 45
44 58
44 60
45 54
45 64
46 52
47 48
48 60
49 62
49 64
50 51
50 55
50 57
50 56
51 52
51 54
52 53
52 54
54 57
55 56
55 61
55 62
58 59
58 61
58 63
59 60
62 63
1
