128 1 1313
1 2
1 66
1 98
1 114
1 122
1 126
1 128
1 4
1 6
1 11
1 20
1 22
1 39
1 44
1 61
1 76
1 78
1 102
1 103
1 107
1 108
1 116
1 117
1 120
1 123
2 3
2 35
2 51
2 59
2 63
2 65
2 14
2 17
2 31
2 34
2 72
2 73
2 76
2 78
2 82
2 89
2 90
2 91
2 95
2 97
2 102
2 108
2 114
2 117
3 4
3 20
3 28
3 32
3 34
3 13
3 14
3 19
3 22
3 31
3 40
3 53
3 66
3 82
3 83
3 87
3 91
3 105
3 106
3 110
3 116
4 5
4 13
4 17
4 19
4 8
4 12
4 16
4 47
4 50
4 69
4 81
4 84
4 95
4 96
4 110
4 123
4 127
4 128
5 6
5 10
5 12
5 26
5 35
5 37
5 46
5 53
5 67
5 69
5 73
5 80
5 95
5 99
5 107
5 120
6 7
6 9
6 12
6 16
6 17
6 28
6 37
6 42
6 44
6 47
6 68
6 70
6 73
6 82
6 84
6 94
6 95
6 99
6 108
6 111
6 118
6 123
6 125
7 8
7 12
7 13
7 23
7 37
7 44
7 47
7 68
7 74
7 88
7 94
7 101
7 110
7 119
8 13
8 17
8 23
8 26
8 31
8 67
8 72
8 75
8 90
8 94
8 96
8 97
8 98
8 103
8 104
8 108
8 111
8 119
9 10
9 12
9 13
9 14
9 29
9 38
9 41
9 59
9 62
9 64
9 69
9 75
9 80
9 82
9 83
9 87
9 88
9 91
9 102
9 104
9 111
9 116
9 118
9 121
10 11
10 12
10 15
10 17
10 29
10 35
10 41
10 42
10 45
10 60
10 65
10 77
10 81
10 83
10 85
10 90
10 91
10 92
10 116
11 15
11 20
11 23
11 39
11 49
11 51
11 54
11 56
11 58
11 60
11 75
11 76
11 80
11 81
11 82
11 83
11 87
11 89
11 90
11 98
11 104
11 119
11 123
11 128
12 14
12 24
12 33
12 36
12 39
12 40
12 45
12 52
12 57
12 59
12 63
12 64
12 65
12 69
12 96
12 100
12 105
12 112
13 14
13 16
13 28
13 31
13 33
13 45
13 47
13 66
13 71
13 73
13 78
13 88
13 100
13 110
13 111
13 116
13 118
13 124
14 15
14 17
14 27
14 37
14 41
14 57
14 74
14 95
14 96
14 106
14 108
14 121
14 127
15 22
15 29
15 34
15 48
15 54
15 59
15 65
15 67
15 74
15 78
15 83
15 84
15 86
15 87
15 89
15 104
15 113
15 116
15 124
15 125
16 18
16 21
16 29
16 34
16 37
16 45
16 54
16 56
16 58
16 67
16 69
16 70
16 77
16 82
16 84
16 90
16 95
16 97
16 102
16 110
16 120
16 125
17 18
17 20
17 28
17 32
17 46
17 54
17 61
17 63
17 68
17 69
17 70
17 83
17 85
17 105
17 120
17 122
18 25
18 33
18 34
18 37
18 39
18 45
18 48
18 51
18 61
18 75
18 114
18 128
19 20
19 25
19 30
19 33
19 38
19 41
19 44
19 47
19 52
19 54
19 59
19 60
19 61
19 90
19 91
20 21
20 25
20 27
20 28
20 35
20 38
20 41
20 53
20 54
20 65
20 73
20 93
20 96
20 98
20 99
20 111
20 112
20 116
20 124
20 127
20 128
21 22
21 24
21 38
21 50
21 53
21 57
21 61
21 79
21 92
21 97
21 100
21 109
21 114
21 116
21 119
21 122
21 125
22 23
22 33
22 35
22 39
22 44
22 47
22 54
22 70
22 74
22 75
22 76
22 89
22 94
22 96
22 117
22 118
23 31
23 34
23 35
23 42
23 45
23 58
23 66
23 72
23 81
23 83
23 93
23 108
23 111
23 120
23 122
24 27
24 30
24 34
24 47
24 48
24 51
24 55
24 62
24 69
24 70
24 73
24 75
24 79
24 89
24 93
24 96
24 110
24 116
24 117
24 125
25 26
25 50
25 51
25 60
25 61
25 62
25 65
25 71
25 72
25 79
25 81
25 95
25 98
25 100
25 104
25 112
25 115
25 119
25 121
25 125
25 126
25 128
26 30
26 31
26 33
26 35
26 40
26 41
26 44
26 48
26 58
26 60
26 65
26 70
26 72
26 85
26 111
26 112
26 113
26 114
26 115
26 117
26 119
26 120
26 128
27 45
27 48
27 62
27 73
27 76
27 77
27 85
27 88
27 91
27 97
27 126
28 29
28 31
28 53
28 57
28 64
28 66
28 69
28 70
28 79
28 86
28 92
28 93
28 106
28 108
28 110
28 123
29 30
29 36
29 79
29 81
29 87
29 105
29 107
29 109
30 31
30 34
30 36
30 43
30 49
30 56
30 65
30 67
30 68
30 78
30 81
30 94
30 95
30 100
30 101
30 104
30 109
30 117
30 126
31 40
31 46
31 48
31 55
31 57
31 64
31 82
31 86
31 93
31 120
31 124
31 126
32 33
32 35
32 46
32 51
32 57
32 60
32 70
32 76
32 81
32 85
32 93
32 94
32 103
32 107
32 114
32 117
33 39
33 43
33 44
33 45
33 49
33 52
33 61
33 63
33 76
33 78
33 79
33 81
33 98
33 99
33 100
33 104
33 113
33 119
34 38
34 48
34 56
34 61
34 63
34 65
34 69
34 81
34 84
34 96
34 97
34 98
34 100
34 116
34 117
34 119
34 123
34 127
35 36
35 44
35 48
35 50
35 46
35 51
35 67
35 79
35 87
35 97
35 123
35 124
36 37
36 41
36 43
36 39
36 40
36 52
36 66
36 76
36 81
36 87
36 105
36 107
36 123
37 38
37 40
37 42
37 46
37 60
37 66
37 70
37 89
37 90
37 96
37 116
37 121
37 124
37 126
38 39
38 40
38 67
38 76
38 88
38 91
38 97
38 98
38 106
38 111
38 112
38 117
39 42
39 50
39 53
39 57
39 66
39 67
39 72
39 74
39 76
39 80
39 82
39 90
39 101
39 104
39 106
39 118
39 120
40 43
40 44
40 54
40 60
40 63
40 65
40 68
40 70
40 79
40 88
40 93
40 99
40 101
40 116
40 126
41 42
41 44
41 45
41 49
41 73
41 86
41 87
41 90
41 97
41 98
41 99
41 106
41 112
41 125
41 126
41 128
42 46
42 54
42 58
42 66
42 69
42 71
42 81
42 84
42 100
42 101
42 104
42 105
42 112
42 114
42 116
42 117
42 119
42 123
42 127
43 49
43 55
43 68
43 76
43 96
43 97
43 100
44 45
44 47
44 55
44 67
44 68
44 75
44 78
44 82
44 124
45 46
45 55
45 56
45 65
45 71
45 76
45 82
45 83
45 86
45 99
45 114
45 117
45 124
45 126
46 47
46 60
46 61
46 71
46 88
46 89
46 96
46 113
47 59
47 72
47 74
47 93
47 105
47 107
47 112
47 115
47 118
47 121
48 49
48 62
48 89
48 100
48 101
48 106
48 108
48 109
49 51
49 52
49 54
49 55
49 57
49 67
49 69
49 75
49 79
49 87
49 91
49 103
49 120
49 126
50 51
50 54
50 59
50 73
50 78
50 82
50 91
50 103
50 107
50 112
50 124
51 52
51 56
51 58
51 54
51 66
51 76
51 83
51 84
51 92
51 97
51 102
51 113
51 124
51 125
51 127
51 128
52 53
52 55
52 56
52 69
52 88
52 90
52 95
52 103
52 111
52 117
52 118
52 123
52 124
53 54
53 57
53 73
53 94
53 96
53 97
53 128
54 72
54 73
54 76
54 84
54 87
54 91
54 97
54 98
54 106
54 112
54 119
54 125
54 126
55 58
55 62
55 68
55 69
55 76
55 95
55 96
55 107
55 118
55 128
56 57
56 64
56 66
56 74
56 85
56 86
56 92
56 107
56 108
56 113
56 115
56 118
56 121
56 122
56 127
57 78
57 87
57 88
57 89
57 90
57 93
57 106
57 107
57 110
57 124
57 127
58 76
58 77
58 89
58 95
58 104
58 117
58 120
58 122
58 124
59 60
59 62
59 67
59 71
59 85
59 92
59 94
59 95
59 97
59 99
59 104
59 112
59 115
59 124
59 126
60 61
60 76
60 105
60 106
60 119
60 121
60 124
61 69
61 74
61 77
61 78
61 116
61 120
61 125
62 68
62 70
62 71
62 72
62 77
62 81
62 82
62 95
62 96
62 101
62 105
62 116
63 64
63 65
63 77
63 78
63 90
63 94
63 101
63 105
63 115
63 126
63 127
64 68
64 72
64 81
64 90
64 93
64 103
64 106
64 107
64 108
64 110
64 127
64 128
65 78
65 92
65 96
66 67
66 83
66 91
66 95
66 97
66 72
66 73
66 74
66 82
66 84
66 107
67 68
67 76
67 80
67 82
67 73
67 88
67 91
67 92
67 95
67 96
67 98
67 100
67 102
67 104
67 117
67 124
68 69
68 73
68 75
68 72
68 78
68 95
68 97
68 101
68 104
68 107
68 111
68 113
68 119
69 70
69 72
69 86
69 88
69 92
69 95
69 96
69 98
69 107
69 111
69 128
70 71
70 76
70 80
70 87
70 93
70 95
70 98
70 117
70 121
70 124
71 78
71 80
71 86
71 88
71 99
71 102
71 106
71 107
71 111
72 94
72 98
72 118
72 124
73 74
73 76
73 79
73 80
73 81
73 83
73 92
73 96
73 102
73 107
73 112
73 127
74 75
74 103
74 110
75 80
75 96
75 99
75 106
75 107
75 119
76 77
76 79
76 89
76 93
76 102
76 106
76 108
76 111
76 112
77 78
77 80
77 81
77 83
77 89
77 90
77 91
77 114
77 115
77 120
77 121
78 81
78 82
78 85
78 93
78 94
78 109
78 113
78 116
78 119
78 127
79 86
79 87
79 102
79 112
79 113
80 81
80 86
80 88
80 96
80 102
80 104
80 122
80 128
81 82
81 83
81 95
81 105
81 115
82 85
82 87
82 88
82 97
82 99
82 103
82 104
82 110
82 118
82 125
82 127
83 84
83 88
83 90
83 85
83 96
83 99
83 100
83 105
83 106
83 116
84 85
84 87
84 103
84 112
84 121
84 125
85 86
85 87
85 88
85 91
85 93
85 101
85 118
85 121
85 127
86 90
86 115
86 128
87 91
87 94
87 96
87 97
87 98
87 104
87 107
87 116
87 123
87 125
88 89
88 90
88 97
88 111
89 98
89 106
89 118
89 119
89 120
90 91
90 94
90 99
90 115
90 119
90 122
91 92
91 94
91 95
91 104
91 107
91 108
91 121
92 93
92 97
92 103
92 106
92 107
92 110
92 121
92 124
92 125
93 95
93 104
93 109
93 115
93 120
94 96
94 106
94 115
94 119
94 125
94 127
94 128
95 96
95 99
95 106
95 111
96 101
96 103
96 107
96 110
96 120
96 121
96 126
96 127
97 101
97 108
97 114
97 118
97 119
97 124
97 125
98 99
98 107
98 111
98 113
98 104
98 119
99 100
99 104
99 106
99 125
99 127
100 101
100 103
100 109
100 114
101 102
101 113
101 124
102 104
102 115
102 116
102 118
102 121
102 128
103 110
103 115
103 120
103 126
104 105
104 117
104 127
105 112
105 123
106 112
106 121
106 127
106 128
107 108
107 110
107 113
107 117
107 118
107 123
108 109
108 110
108 119
109 118
109 123
109 125
110 113
110 118
110 125
111 112
111 114
111 115
111 121
111 123
111 128
112 117
113 114
113 115
114 115
114 119
114 121
114 116
114 118
114 128
115 116
115 118
116 117
116 121
116 124
116 127
116 128
117 119
118 119
118 120
119 120
120 125
120 128
121 125
121 127
122 123
122 125
123 124
126 127
127 128
1
