128 1 560
1 2
1 66
1 98
1 114
1 122
1 126
1 128
1 19
1 94
1 117
2 3
2 35
2 51
2 59
2 63
2 65
2 5
2 31
2 70
2 71
2 93
2 124
3 4
3 20
3 28
3 32
3 34
3 21
3 40
3 42
3 62
3 69
3 81
3 95
3 104
3 118
4 5
4 13
4 17
4 19
4 6
4 32
4 36
4 51
4 85
4 87
4 89
4 127
5 6
5 10
5 12
5 7
5 35
5 50
5 57
5 78
5 82
5 95
6 7
6 9
6 29
6 49
6 52
6 87
6 113
7 8
7 12
7 15
7 36
7 42
7 62
7 94
7 105
8 42
8 70
8 107
8 123
9 41
9 42
9 44
9 84
9 90
9 122
9 124
10 11
10 24
10 36
10 90
10 104
10 109
10 114
10 117
11 15
11 23
11 30
11 36
11 38
11 46
11 49
11 101
11 106
11 114
12 18
12 40
12 50
12 79
12 95
13 14
13 16
13 47
13 80
13 94
13 120
13 127
14 15
14 21
14 48
14 68
14 76
14 77
14 85
14 113
15 20
15 33
15 36
15 60
15 71
15 76
15 101
15 104
15 119
15 122
15 126
16 26
16 95
16 114
16 125
17 18
17 50
17 78
17 91
17 100
18 21
18 70
18 104
19 28
19 32
19 43
19 44
19 61
19 67
19 79
19 118
20 21
20 25
20 27
20 38
20 85
20 102
20 112
21 22
21 24
21 41
21 49
21 86
21 100
21 125
21 127
22 23
22 31
22 37
22 41
22 54
22 56
22 63
22 77
23 42
23 74
23 99
23 119
24 35
24 57
24 60
24 69
24 103
25 26
25 68
25 74
25 99
25 110
25 113
26 45
26 58
26 70
26 79
27 32
27 49
27 80
27 100
27 110
28 29
28 31
28 30
28 55
28 67
28 94
29 30
29 43
29 47
29 97
29 101
29 124
30 80
31 33
31 80
32 33
32 48
32 50
32 78
32 90
32 91
33 55
33 56
33 66
33 78
33 86
34 51
34 61
35 36
35 44
35 48
35 50
35 69
35 81
35 83
35 104
35 115
36 37
36 41
36 43
36 61
36 100
37 38
37 40
37 46
37 49
37 59
37 65
37 72
37 76
37 90
37 92
37 97
37 108
37 112
38 39
38 47
38 66
38 96
38 104
39 46
39 51
39 59
39 66
39 73
39 95
39 114
39 118
40 50
40 90
40 92
40 118
41 42
41 54
41 71
41 77
41 78
41 81
41 112
41 115
42 46
42 77
43 68
43 81
43 82
43 90
43 112
44 45
44 47
44 63
44 79
44 84
44 97
45 46
45 60
45 61
45 63
45 73
45 109
45 115
45 125
46 50
46 74
46 95
46 96
46 105
46 109
46 114
46 124
46 128
47 63
47 97
47 102
48 49
48 57
48 118
49 55
49 72
49 73
49 78
49 95
49 107
49 116
49 118
49 124
50 56
50 57
50 63
50 68
50 78
50 116
50 118
51 52
51 56
51 58
51 62
51 121
51 122
52 53
52 55
52 76
52 80
52 85
52 108
52 112
52 127
53 54
53 58
53 62
53 78
53 113
54 61
54 76
54 80
54 96
55 76
55 112
55 114
56 57
56 84
56 101
57 58
57 90
57 91
57 95
57 119
57 125
58 69
58 96
58 106
58 119
59 60
59 62
59 101
59 111
60 61
60 75
61 85
61 109
61 110
61 128
62 72
62 90
62 91
62 93
62 124
63 64
63 72
63 86
63 97
63 101
64 67
64 86
64 111
64 114
65 90
65 100
65 128
66 67
66 83
66 91
66 95
66 97
66 119
67 68
67 76
67 80
67 82
67 75
67 88
67 94
67 103
67 105
67 117
68 69
68 73
68 75
68 74
69 70
69 72
69 85
69 96
69 110
70 71
70 80
70 107
71 81
71 93
71 99
71 104
71 123
73 74
73 86
73 117
73 119
74 85
74 92
74 118
75 85
75 103
75 107
75 108
75 111
75 113
76 77
76 79
76 115
76 120
76 123
77 78
77 107
77 110
77 114
78 86
78 98
78 103
78 105
78 114
79 98
79 122
79 125
80 81
80 119
81 113
81 120
82 83
82 111
82 119
82 121
83 84
83 88
83 90
83 92
83 94
83 95
83 108
84 85
84 87
85 86
85 112
86 89
86 116
87 106
87 113
87 127
88 89
88 101
90 92
90 115
90 117
91 92
91 94
91 102
91 103
91 113
92 93
92 110
92 124
92 125
93 107
94 114
94 127
95 96
95 99
95 103
95 115
96 103
96 111
96 114
96 119
96 126
96 127
97 117
97 120
98 99
98 107
98 111
98 113
99 100
99 104
99 106
99 107
100 101
100 103
100 108
100 114
100 117
101 102
101 104
102 103
102 107
102 109
102 120
103 124
104 105
104 124
106 127
107 108
107 110
107 116
108 109
109 114
111 112
111 123
112 120
113 121
113 127
114 115
114 119
114 121
115 116
115 118
116 117
116 125
119 120
122 123
122 125
122 126
123 124
126 127
1
