128 1 923
1 2
1 66
1 98
1 114
1 122
1 126
1 128
1 20
1 22
1 28
1 30
1 31
1 32
1 33
1 34
1 36
1 73
1 80
1 118
1 120
1 124
2 3
2 35
2 51
2 59
2 63
2 65
2 58
2 72
2 88
2 93
2 99
2 110
2 121
2 125
3 4
3 20
3 28
3 32
3 34
3 9
3 14
3 18
3 22
3 59
3 70
3 81
3 84
3 100
3 108
3 121
4 5
4 13
4 17
4 19
4 27
4 28
4 56
4 66
4 79
4 85
4 86
4 88
4 89
4 103
4 120
5 6
5 10
5 12
5 22
5 23
5 31
5 43
5 52
5 53
5 64
5 69
5 71
5 77
5 90
5 106
5 107
5 114
6 7
6 9
6 8
6 20
6 45
6 46
6 53
6 59
6 60
6 68
6 90
6 100
6 113
6 118
7 8
7 11
7 18
7 27
7 46
7 78
7 92
7 95
7 106
7 109
8 22
8 38
8 53
8 58
8 71
8 85
8 86
8 97
8 124
9 10
9 23
9 24
9 45
9 57
9 86
9 89
9 99
9 101
9 103
9 123
9 124
9 128
10 11
10 21
10 22
10 45
10 62
10 66
10 70
10 74
10 81
10 96
10 110
10 120
11 14
11 44
11 69
11 74
11 76
11 77
11 96
11 106
11 112
11 120
11 121
11 124
12 15
12 18
12 26
12 31
12 32
12 57
12 61
12 69
12 72
12 83
12 93
12 101
12 102
12 113
12 124
12 125
13 14
13 16
13 21
13 38
13 45
13 58
13 60
13 78
13 81
13 107
13 110
13 111
13 115
14 15
14 31
14 38
14 59
14 82
14 91
14 96
15 25
15 35
15 37
15 45
15 55
15 63
15 65
15 70
15 83
15 84
15 87
15 111
15 123
16 30
16 59
16 62
16 86
16 108
16 113
16 125
17 18
17 31
17 57
17 58
17 64
17 71
17 106
17 112
18 21
18 34
18 50
18 61
18 62
18 89
18 92
18 99
18 108
18 115
18 119
19 25
19 39
19 47
19 48
19 51
19 85
19 98
19 115
19 117
20 21
20 25
20 27
20 24
20 38
20 43
20 60
20 84
20 94
20 109
20 115
20 120
21 22
21 24
21 34
21 35
21 38
21 44
21 54
21 56
21 59
21 61
21 70
21 79
21 83
21 85
21 91
21 108
21 115
21 125
22 23
22 24
22 32
22 34
22 40
22 44
22 46
22 49
22 53
22 64
22 87
22 91
22 97
22 100
22 114
23 28
23 30
23 62
23 81
23 82
23 100
23 113
24 29
24 31
24 35
24 36
24 42
24 45
24 58
24 60
24 79
24 92
24 97
24 125
24 128
25 26
25 56
25 64
25 66
25 82
25 98
25 110
25 119
26 30
26 43
26 55
26 60
26 65
26 68
26 80
26 105
27 31
27 46
27 51
27 58
27 75
27 83
27 94
27 103
27 118
28 29
28 31
28 34
28 52
28 55
28 69
28 76
28 79
28 85
28 86
28 92
28 96
28 104
28 107
28 114
29 30
29 36
29 47
29 51
29 63
29 74
29 77
29 93
29 102
29 105
29 118
29 120
29 128
30 32
30 67
30 74
30 81
30 104
30 112
31 36
31 43
31 44
31 50
31 58
31 75
31 76
31 80
31 81
31 83
31 92
31 118
31 124
32 33
32 36
32 62
32 89
32 99
32 110
32 126
33 37
33 47
33 53
33 54
33 60
33 61
33 73
33 77
33 99
33 102
33 117
34 40
34 62
34 71
34 75
34 81
34 83
34 101
34 104
34 107
34 118
35 36
35 44
35 48
35 50
35 39
35 41
35 51
35 55
35 59
35 77
35 78
35 95
35 99
35 110
35 114
35 115
35 127
36 37
36 41
36 43
36 50
36 51
36 63
36 80
36 93
36 113
37 38
37 40
37 43
37 50
37 51
37 54
37 65
37 79
37 80
37 85
37 96
37 101
37 103
37 126
37 127
38 39
38 44
38 47
38 50
38 97
38 113
39 58
39 59
39 60
39 64
39 67
39 76
40 57
40 59
40 61
40 72
40 75
40 90
40 96
40 99
40 117
40 121
41 42
41 62
41 66
41 67
41 68
41 83
41 108
41 119
42 46
42 89
42 97
42 98
42 100
42 115
43 47
43 51
43 60
43 71
43 74
43 75
43 76
43 77
43 83
43 87
43 102
43 110
43 120
44 45
44 47
44 48
44 50
44 64
44 101
44 113
45 46
45 62
45 86
45 87
45 98
45 104
45 111
45 125
45 127
46 57
46 65
46 66
46 88
46 90
46 99
46 112
46 127
47 52
47 53
47 66
47 82
47 96
48 49
48 51
48 54
48 61
48 87
48 121
49 55
49 77
49 78
49 82
49 96
49 100
49 119
50 56
50 68
50 96
50 105
50 110
50 128
51 52
51 56
51 58
51 68
51 76
51 94
51 99
51 107
51 117
51 119
52 53
52 55
52 66
52 69
52 85
52 90
52 98
52 127
53 54
53 60
53 63
53 64
53 77
53 97
53 102
53 108
53 109
53 114
53 115
53 118
53 123
54 55
54 103
54 108
54 115
54 118
54 119
54 125
55 66
55 68
55 95
55 113
55 118
55 122
56 57
56 60
56 62
56 65
56 68
56 69
56 81
56 98
56 104
56 106
56 114
56 119
57 61
57 66
57 67
57 89
57 92
57 96
57 121
57 126
57 127
58 65
58 71
58 91
58 92
58 106
58 113
58 121
58 123
58 127
59 60
59 62
59 61
59 67
59 77
59 91
59 117
59 123
59 126
60 61
60 76
60 86
60 87
60 111
60 112
61 73
61 75
61 85
61 86
61 90
61 91
61 95
61 96
61 101
61 120
62 65
62 98
62 106
62 109
62 111
62 124
62 127
63 64
63 76
63 96
63 102
63 107
63 108
63 118
64 70
64 95
64 112
64 128
65 91
65 93
65 94
65 95
65 99
65 101
65 111
66 67
66 83
66 91
66 95
66 97
66 69
66 77
66 104
66 106
67 68
67 76
67 80
67 82
67 111
67 112
67 113
67 126
68 69
68 73
68 75
68 72
68 78
68 94
68 100
68 105
69 70
69 72
69 90
69 92
69 101
69 104
70 71
70 82
71 75
71 77
71 79
71 86
71 91
71 97
71 101
71 102
71 109
72 81
72 83
72 117
72 121
73 74
73 76
73 86
73 88
73 124
73 125
73 126
74 83
74 92
74 97
74 105
74 107
74 108
74 117
74 125
74 127
75 83
75 99
75 116
75 124
75 128
76 77
76 79
76 89
76 92
76 99
76 104
76 106
76 117
76 128
77 78
77 83
77 96
77 105
77 113
77 116
77 119
77 127
77 128
78 83
78 90
78 101
78 116
78 124
79 88
79 104
79 112
79 123
80 81
80 93
80 100
80 103
80 115
80 119
81 103
82 89
82 91
82 120
83 84
83 88
83 90
83 115
83 123
83 124
84 85
84 87
84 102
84 118
85 86
85 96
85 97
85 115
86 110
86 116
86 127
87 90
87 108
87 127
88 89
88 96
88 98
88 102
88 120
89 92
89 119
89 120
89 125
90 101
90 103
90 104
90 106
90 107
90 114
91 92
91 94
91 113
91 119
92 93
92 102
92 111
92 113
92 114
92 117
93 98
93 105
93 112
93 117
93 121
93 123
94 101
94 106
94 120
94 121
94 128
95 96
95 105
95 112
95 117
95 124
96 106
96 107
96 120
96 124
97 105
97 117
97 125
97 126
98 99
98 107
98 111
98 113
98 109
99 100
99 104
99 106
99 101
99 110
99 114
99 122
100 101
100 103
100 110
100 113
100 116
100 119
101 102
101 103
101 106
101 120
101 125
102 114
102 115
102 118
102 120
102 124
102 126
103 111
103 120
104 105
104 114
105 118
105 128
106 107
106 119
107 108
107 110
107 112
107 116
107 121
107 124
108 109
108 124
108 126
108 127
109 115
109 119
109 121
110 113
110 116
110 122
110 124
111 112
111 121
111 122
112 119
112 126
112 128
113 121
113 123
114 115
114 119
114 121
114 116
115 116
115 118
115 122
116 117
116 119
116 123
117 125
117 128
119 120
119 122
119 124
119 125
120 128
122 123
122 125
122 127
123 124
125 126
126 127
126 128
1
