256 1 3450
1 2
1 130
1 194
1 226
1 242
1 250
1 254
1 256
1 3
1 11
1 29
1 32
1 46
1 99
1 104
1 108
1 111
1 114
1 129
1 134
1 137
1 157
1 161
1 164
1 165
1 172
1 173
1 178
1 182
1 184
1 188
1 190
1 200
1 215
1 217
1 218
1 224
1 228
1 233
2 3
2 67
2 99
2 115
2 123
2 127
2 129
2 7
2 9
2 16
2 35
2 38
2 40
2 61
2 66
2 79
2 86
2 90
2 94
2 126
2 150
2 156
2 162
2 174
2 176
2 178
2 184
2 187
2 193
2 199
2 207
2 208
2 216
2 219
2 222
2 242
3 4
3 36
3 52
3 60
3 64
3 66
3 40
3 48
3 54
3 72
3 81
3 84
3 99
3 107
3 115
3 118
3 132
3 144
3 147
3 154
3 160
3 183
3 187
3 211
3 244
3 246
3 250
3 252
4 5
4 21
4 29
4 33
4 35
4 9
4 16
4 34
4 41
4 51
4 56
4 93
4 107
4 115
4 142
4 171
4 176
4 180
4 182
4 183
4 190
4 208
4 216
4 231
4 248
4 250
4 252
5 6
5 14
5 18
5 20
5 16
5 26
5 47
5 59
5 80
5 115
5 120
5 126
5 128
5 135
5 156
5 160
5 164
5 167
5 171
5 177
5 186
5 187
5 190
5 197
5 199
5 201
5 202
5 203
5 205
5 210
5 220
5 228
5 243
6 7
6 11
6 13
6 16
6 21
6 29
6 44
6 46
6 49
6 50
6 61
6 66
6 71
6 74
6 87
6 96
6 126
6 132
6 134
6 138
6 146
6 163
6 164
6 175
6 193
6 211
6 227
6 247
6 253
7 8
7 10
7 11
7 24
7 35
7 46
7 66
7 71
7 106
7 112
7 113
7 116
7 118
7 120
7 121
7 124
7 129
7 174
7 176
7 201
7 229
7 231
7 246
8 9
8 22
8 30
8 37
8 44
8 46
8 54
8 63
8 96
8 99
8 102
8 112
8 113
8 116
8 140
8 142
8 144
8 145
8 155
8 163
8 184
8 193
8 194
8 203
8 205
8 221
8 222
8 223
8 225
8 243
8 250
9 27
9 43
9 45
9 75
9 76
9 78
9 99
9 113
9 124
9 132
9 136
9 160
9 169
9 180
9 204
9 231
10 14
10 26
10 36
10 49
10 61
10 72
10 73
10 81
10 109
10 122
10 127
10 133
10 137
10 140
10 142
10 143
10 147
10 149
10 162
10 175
10 188
10 192
10 193
10 208
10 212
10 224
10 237
10 248
10 255
11 12
11 16
11 20
11 21
11 28
11 40
11 42
11 45
11 50
11 53
11 63
11 73
11 81
11 85
11 88
11 93
11 125
11 133
11 148
11 158
11 163
11 174
11 179
11 191
11 193
11 196
11 198
11 213
11 217
11 224
11 241
11 244
12 14
12 18
12 19
12 20
12 26
12 73
12 74
12 78
12 82
12 104
12 118
12 129
12 135
12 140
12 147
12 149
12 151
12 160
12 181
12 187
12 194
12 199
12 205
12 224
12 228
12 230
12 239
12 241
12 244
13 23
13 25
13 26
13 30
13 33
13 53
13 69
13 82
13 94
13 98
13 102
13 121
13 124
13 125
13 126
13 127
13 135
13 137
13 155
13 157
13 184
13 206
13 215
13 216
13 220
13 230
13 232
13 241
14 15
14 17
14 20
14 21
14 22
14 38
14 48
14 59
14 61
14 65
14 76
14 90
14 97
14 98
14 117
14 120
14 122
14 126
14 133
14 157
14 169
14 203
14 220
14 221
14 222
14 247
15 16
15 18
15 22
15 45
15 66
15 81
15 86
15 89
15 98
15 114
15 129
15 136
15 160
15 163
15 177
15 192
15 195
15 204
15 207
15 214
15 225
15 229
15 236
15 244
16 20
16 33
16 34
16 36
16 39
16 59
16 60
16 93
16 115
16 130
16 134
16 139
16 147
16 152
16 157
16 164
16 173
16 180
16 192
16 193
16 195
16 198
16 207
16 210
16 220
16 224
16 227
16 234
16 237
16 242
17 24
17 28
17 51
17 69
17 73
17 93
17 95
17 124
17 146
17 159
17 161
17 170
17 174
17 177
17 186
17 188
17 204
17 210
17 211
17 212
17 215
17 218
17 221
17 227
17 237
17 246
17 250
17 256
18 19
18 22
18 27
18 28
18 34
18 61
18 99
18 101
18 102
18 107
18 113
18 160
18 162
18 169
18 209
18 219
18 230
18 252
19 20
19 27
19 29
19 36
19 45
19 52
19 65
19 83
19 85
19 98
19 104
19 114
19 128
19 138
19 142
19 160
19 190
19 194
19 202
19 208
19 211
19 214
19 224
19 239
19 252
19 254
20 25
20 26
20 33
20 40
20 41
20 46
20 48
20 54
20 68
20 78
20 85
20 90
20 99
20 115
20 117
20 128
20 150
20 165
20 200
20 207
20 211
20 226
20 246
21 22
21 26
21 28
21 42
21 48
21 68
21 73
21 100
21 109
21 124
21 137
21 148
21 176
21 179
21 182
21 184
21 185
21 192
21 209
21 221
21 229
21 230
21 234
21 248
22 23
22 25
22 28
22 35
22 41
22 58
22 66
22 70
22 80
22 82
22 84
22 85
22 91
22 93
22 96
22 106
22 134
22 140
22 141
22 159
22 175
22 184
22 205
22 213
22 239
23 24
23 25
23 47
23 52
23 67
23 85
23 87
23 88
23 93
23 128
23 131
23 133
23 138
23 141
23 145
23 152
23 153
23 163
23 182
23 199
23 201
23 209
23 213
23 243
23 246
23 252
24 78
24 81
24 82
24 87
24 94
24 103
24 118
24 131
24 154
24 156
24 167
24 171
24 175
24 184
24 185
24 189
24 203
24 207
24 211
24 218
24 222
25 36
25 41
25 42
25 49
25 51
25 56
25 79
25 80
25 85
25 91
25 113
25 123
25 125
25 127
25 130
25 144
25 164
25 180
25 187
25 204
25 208
25 210
25 212
25 217
25 223
25 235
25 250
25 255
25 256
26 27
26 57
26 62
26 65
26 74
26 82
26 87
26 93
26 94
26 109
26 112
26 115
26 133
26 135
26 141
26 146
26 158
26 160
26 182
26 188
26 195
26 197
26 199
26 226
26 254
27 34
27 51
27 107
27 112
27 158
27 159
27 167
27 172
27 240
28 37
28 59
28 85
28 93
28 104
28 106
28 122
28 125
28 135
28 141
28 150
28 171
28 175
28 187
28 190
28 191
28 201
28 204
28 222
28 230
28 243
28 244
28 250
29 30
29 32
29 33
29 72
29 84
29 85
29 90
29 99
29 113
29 124
29 125
29 127
29 132
29 146
29 173
29 200
29 224
29 230
29 232
29 234
29 239
29 244
30 31
30 41
30 49
30 50
30 56
30 67
30 72
30 92
30 100
30 115
30 120
30 127
30 134
30 142
30 148
30 150
30 155
30 156
30 158
30 172
30 206
30 223
30 238
30 239
30 246
30 253
30 255
31 35
31 41
31 52
31 65
31 68
31 87
31 93
31 97
31 99
31 109
31 111
31 125
31 131
31 145
31 182
31 190
31 195
31 203
31 241
31 242
32 36
32 44
32 51
32 60
32 62
32 80
32 82
32 109
32 117
32 145
32 149
32 156
32 167
32 174
32 199
32 200
32 203
32 207
32 238
33 34
33 43
33 60
33 64
33 67
33 68
33 87
33 94
33 102
33 155
33 180
33 183
33 186
33 205
33 207
33 215
33 217
33 220
33 227
33 230
33 231
34 48
34 57
34 62
34 67
34 71
34 75
34 86
34 104
34 114
34 116
34 118
34 121
34 127
34 129
34 156
34 169
34 172
34 183
34 185
34 193
34 195
34 205
34 225
34 243
34 256
35 40
35 58
35 61
35 62
35 70
35 71
35 77
35 83
35 89
35 99
35 104
35 110
35 131
35 134
35 175
35 177
35 193
35 207
35 225
35 229
35 234
35 236
36 37
36 45
36 49
36 51
36 50
36 67
36 81
36 89
36 96
36 110
36 112
36 115
36 120
36 129
36 135
36 145
36 149
36 169
36 174
36 180
36 190
36 191
36 197
36 210
36 211
36 214
36 215
36 226
36 233
36 235
36 243
36 244
36 251
37 38
37 42
37 44
37 46
37 52
37 55
37 67
37 87
37 89
37 106
37 108
37 124
37 136
37 154
37 174
37 192
37 200
37 201
37 205
37 213
37 223
37 231
37 233
37 245
38 39
38 41
38 42
38 52
38 64
38 74
38 77
38 80
38 82
38 86
38 102
38 150
38 155
38 160
38 174
38 180
38 182
38 214
38 230
39 40
39 49
39 54
39 58
39 59
39 64
39 110
39 123
39 125
39 137
39 175
39 183
39 193
39 194
39 237
39 241
40 76
40 82
40 84
40 88
40 97
40 98
40 102
40 104
40 108
40 161
40 172
40 192
40 193
40 200
40 206
40 208
40 213
40 214
40 216
40 235
40 236
40 253
40 255
41 46
41 91
41 102
41 106
41 107
41 109
41 121
41 129
41 133
41 136
41 173
41 177
41 179
41 181
41 183
41 198
41 200
41 212
41 217
41 230
41 234
41 239
41 253
42 43
42 47
42 61
42 78
42 84
42 88
42 102
42 128
42 139
42 141
42 167
42 179
42 186
42 188
42 193
42 199
42 202
42 208
42 212
42 216
42 228
42 246
43 50
43 55
43 61
43 72
43 73
43 93
43 109
43 117
43 119
43 122
43 125
43 134
43 145
43 152
43 179
43 181
43 199
43 202
43 229
43 233
43 243
43 248
43 253
44 47
44 54
44 55
44 63
44 69
44 76
44 92
44 105
44 114
44 122
44 132
44 141
44 142
44 161
44 164
44 166
44 180
44 212
45 46
45 48
45 47
45 53
45 55
45 68
45 79
45 80
45 100
45 121
45 159
45 180
45 184
45 189
45 198
45 203
45 208
45 230
45 250
46 47
46 50
46 64
46 73
46 83
46 99
46 105
46 108
46 116
46 134
46 146
46 170
46 185
46 202
46 207
46 210
46 217
46 245
46 254
46 256
47 60
47 81
47 88
47 94
47 100
47 102
47 109
47 110
47 139
47 147
47 180
47 187
47 202
47 209
47 213
47 225
47 231
47 238
47 244
47 247
47 253
48 61
48 101
48 118
48 128
48 148
48 164
48 191
48 212
48 217
48 221
48 235
48 251
49 50
49 74
49 82
49 105
49 114
49 126
49 134
49 136
49 140
49 156
49 174
49 185
49 187
49 191
49 207
49 209
49 233
49 245
50 70
50 72
50 79
50 80
50 86
50 99
50 102
50 117
50 128
50 138
50 152
50 154
50 159
50 162
50 163
50 195
50 200
50 202
50 211
50 240
51 71
51 73
51 103
51 111
51 112
51 121
51 138
51 148
51 154
51 163
51 172
51 178
51 195
51 198
51 212
51 227
51 246
51 248
52 53
52 57
52 59
52 61
52 73
52 90
52 93
52 99
52 108
52 127
52 141
52 154
52 159
52 164
52 167
52 175
52 176
52 204
52 221
52 222
52 228
53 54
53 56
53 55
53 81
53 109
53 115
53 139
53 159
53 163
53 164
53 181
53 188
53 195
53 210
53 221
53 234
53 248
53 254
54 55
54 67
54 73
54 76
54 81
54 84
54 85
54 110
54 119
54 141
54 148
54 156
54 158
54 196
54 206
54 213
54 215
54 219
54 246
54 249
55 58
55 68
55 73
55 76
55 78
55 89
55 102
55 117
55 129
55 149
55 161
55 176
55 177
55 181
55 188
55 194
55 203
55 206
55 211
55 218
55 221
55 228
55 246
55 253
55 254
56 62
56 79
56 90
56 93
56 95
56 98
56 99
56 111
56 112
56 124
56 140
56 146
56 174
56 179
56 192
56 193
56 203
56 206
56 208
56 211
56 221
56 226
56 231
56 238
56 255
57 58
57 70
57 82
57 83
57 92
57 101
57 113
57 154
57 173
57 174
57 182
57 183
57 195
57 199
57 216
57 223
57 228
57 234
57 242
57 248
57 251
58 65
58 66
58 84
58 93
58 102
58 121
58 124
58 130
58 132
58 133
58 139
58 159
58 162
58 186
58 187
58 191
58 196
58 212
58 227
58 230
58 239
58 245
58 248
59 65
59 76
59 89
59 108
59 110
59 142
59 152
59 155
59 156
59 159
59 160
59 165
59 208
59 221
59 229
59 248
59 250
60 61
60 63
60 73
60 81
60 88
60 90
60 111
60 132
60 138
60 145
60 162
60 166
60 172
60 178
60 179
60 195
60 202
60 212
60 217
60 221
60 227
60 231
60 235
60 237
60 252
60 255
61 62
61 82
61 88
61 89
61 95
61 96
61 109
61 115
61 126
61 139
61 149
61 151
61 156
61 161
61 165
61 170
61 183
61 184
61 200
61 205
61 206
61 239
61 252
62 68
62 75
62 84
62 87
62 91
62 100
62 120
62 128
62 144
62 148
62 151
62 159
62 191
62 204
62 214
62 215
62 236
62 251
63 72
63 76
63 91
63 95
63 101
63 115
63 119
63 123
63 132
63 136
63 141
63 145
63 158
63 166
63 173
63 175
63 205
63 237
63 248
64 65
64 73
64 88
64 95
64 105
64 108
64 109
64 110
64 115
64 127
64 132
64 149
64 163
64 165
64 184
64 185
64 187
64 189
64 192
64 194
64 199
64 204
64 222
64 224
64 225
64 227
64 254
65 73
65 77
65 91
65 92
65 94
65 106
65 112
65 117
65 124
65 132
65 145
65 148
65 149
65 154
65 156
65 162
65 165
65 168
65 192
65 209
65 223
65 224
65 245
66 78
66 80
66 126
66 135
66 143
66 172
66 187
66 208
66 210
66 217
66 224
66 237
66 241
66 242
66 255
67 68
67 84
67 92
67 96
67 98
67 108
67 111
67 113
67 139
67 157
67 160
67 176
67 178
67 182
67 183
67 195
67 203
67 214
67 229
67 232
67 234
67 238
67 255
68 69
68 77
68 81
68 83
68 76
68 80
68 84
68 86
68 91
68 92
68 96
68 106
68 111
68 120
68 124
68 166
68 190
68 204
68 216
68 219
68 245
69 70
69 74
69 76
69 77
69 97
69 101
69 112
69 115
69 123
69 136
69 137
69 138
69 144
69 160
69 166
69 176
69 177
69 183
69 193
69 196
69 202
69 203
69 205
69 211
69 235
69 241
69 252
70 71
70 73
70 94
70 109
70 123
70 126
70 134
70 136
70 140
70 141
70 156
70 160
70 164
70 170
70 175
70 186
70 191
70 210
71 72
71 77
71 78
71 87
71 97
71 104
71 117
71 124
71 150
71 154
71 169
71 172
71 175
71 208
71 215
71 228
71 231
72 79
72 87
72 99
72 115
72 119
72 120
72 143
72 183
72 186
72 191
72 193
72 199
72 200
72 201
72 218
72 224
72 230
72 233
72 235
72 241
72 242
72 250
72 254
73 83
73 116
73 118
73 132
73 134
73 158
73 159
73 174
73 184
73 187
73 202
73 212
73 219
73 229
73 233
73 255
74 75
74 111
74 154
74 164
74 167
74 171
74 177
74 189
74 192
74 202
74 208
74 213
74 219
74 225
74 253
75 78
75 82
75 107
75 110
75 111
75 115
75 117
75 127
75 150
75 159
75 170
75 173
75 187
75 191
75 223
75 228
75 251
76 88
76 97
76 100
76 123
76 131
76 151
76 157
76 170
76 193
76 246
76 251
76 256
77 78
77 80
77 96
77 106
77 140
77 150
77 157
77 167
77 173
77 175
77 192
77 198
77 199
77 228
77 230
77 244
77 249
77 253
78 79
78 94
78 95
78 99
78 101
78 102
78 104
78 113
78 115
78 126
78 130
78 150
78 165
78 167
78 168
78 169
78 181
78 185
78 200
78 203
78 219
78 240
79 94
79 99
79 100
79 103
79 108
79 118
79 119
79 122
79 135
79 136
79 147
79 158
79 183
79 184
79 190
79 191
79 193
79 211
79 223
79 228
79 230
79 247
79 250
79 252
80 93
80 99
80 103
80 109
80 114
80 117
80 127
80 131
80 136
80 142
80 168
80 177
80 182
80 192
80 198
80 201
80 228
80 235
80 237
80 238
80 239
81 82
81 83
81 87
81 93
81 106
81 119
81 122
81 127
81 144
81 150
81 153
81 158
81 183
81 184
81 195
81 203
81 205
81 218
81 224
81 225
81 228
81 229
81 236
81 256
82 83
82 85
82 86
82 87
82 117
82 124
82 129
82 132
82 140
82 142
82 143
82 144
82 146
82 165
82 175
82 181
82 187
82 202
82 208
82 245
82 253
82 256
83 99
83 107
83 119
83 122
83 127
83 130
83 149
83 173
83 206
83 220
83 231
83 240
83 250
84 85
84 89
84 91
84 103
84 116
84 122
84 126
84 129
84 132
84 133
84 148
84 160
84 163
84 180
84 196
84 198
84 201
84 211
84 213
84 240
84 245
85 86
85 88
85 125
85 126
85 148
85 162
85 170
85 187
85 194
85 210
85 218
85 231
85 232
85 254
86 87
86 98
86 102
86 110
86 111
86 149
86 164
86 165
86 176
86 190
86 191
86 213
86 227
86 255
87 89
87 95
87 102
87 104
87 134
87 135
87 158
87 176
87 192
87 199
87 200
87 219
87 228
87 243
87 244
88 89
88 91
88 110
88 122
88 140
88 145
88 167
88 171
88 193
88 204
88 215
88 232
88 254
89 90
89 101
89 102
89 106
89 130
89 140
89 178
89 197
89 201
90 101
90 102
90 103
90 114
90 124
90 133
90 135
90 149
90 161
90 163
90 169
90 170
90 175
90 183
90 186
90 205
90 218
90 221
90 239
90 245
90 248
91 98
91 102
91 116
91 131
91 156
91 164
91 181
91 190
91 192
91 194
91 197
91 198
91 199
91 202
91 216
91 221
91 224
91 225
91 229
91 230
91 237
91 249
92 93
92 95
92 94
92 101
92 122
92 138
92 140
92 141
92 144
92 153
92 168
92 173
92 192
92 203
92 204
92 219
92 230
92 234
92 242
92 248
92 252
93 94
93 97
93 100
93 108
93 136
93 159
93 171
93 181
93 187
93 190
93 203
93 221
93 223
93 229
94 95
94 117
94 168
94 211
94 214
94 220
94 242
94 246
94 249
94 253
94 255
94 256
95 98
95 112
95 120
95 122
95 140
95 147
95 184
95 195
95 196
95 204
95 222
95 236
95 252
96 97
96 100
96 106
96 118
96 120
96 124
96 125
96 144
96 167
96 176
96 183
96 208
96 240
96 242
96 252
97 120
97 141
97 148
97 158
97 169
97 170
97 182
97 197
97 209
97 211
97 217
97 221
97 230
97 239
97 244
97 248
98 99
98 106
98 107
98 126
98 132
98 142
98 146
98 178
98 188
98 245
99 100
99 108
99 112
99 114
99 127
99 128
99 150
99 179
99 184
99 191
99 196
99 201
99 216
99 221
99 225
99 228
99 234
99 239
99 243
100 101
100 105
100 107
100 111
100 117
100 127
100 150
100 151
100 166
100 175
100 189
100 190
100 205
100 214
100 222
100 234
100 240
100 243
100 252
100 253
100 256
101 102
101 104
101 103
101 132
101 133
101 134
101 136
101 148
101 150
101 153
101 161
101 227
101 232
101 241
101 244
101 252
101 255
102 103
102 104
102 124
102 125
102 126
102 148
102 176
102 190
102 206
102 213
102 242
102 244
102 247
102 254
103 129
103 142
103 152
103 162
103 171
103 201
103 207
103 212
103 214
103 222
103 230
103 239
103 241
103 247
104 116
104 142
104 146
104 164
104 174
104 181
104 182
104 184
104 200
104 204
104 205
104 210
104 211
104 214
104 216
104 229
104 236
104 253
105 106
105 115
105 118
105 139
105 160
105 167
105 219
105 221
105 228
105 232
105 239
106 122
106 128
106 157
106 174
106 186
106 188
106 221
106 232
106 236
106 241
106 246
106 252
106 254
107 117
107 119
107 137
107 151
107 164
107 169
107 185
107 188
107 190
107 203
107 205
107 225
107 226
107 235
107 239
107 250
107 251
108 109
108 111
108 140
108 156
108 172
108 179
108 184
108 185
108 209
108 217
108 230
108 231
108 246
108 248
108 250
109 110
109 137
109 148
109 157
109 162
109 187
109 189
109 191
109 197
109 210
109 243
109 250
109 253
109 255
110 114
110 121
110 137
110 138
110 144
110 147
110 162
110 174
110 177
110 188
110 198
110 200
110 203
110 212
110 220
110 227
111 116
111 118
111 127
111 141
111 144
111 145
111 148
111 158
111 197
111 199
111 206
111 234
111 240
111 243
111 250
112 113
112 116
112 117
112 118
112 122
112 125
112 132
112 168
112 179
112 209
112 211
112 213
112 231
112 240
112 250
112 252
112 253
112 256
113 124
113 136
113 137
113 138
113 141
113 167
113 188
113 196
113 205
113 208
113 220
113 227
113 229
113 237
113 251
113 254
114 122
114 128
114 138
114 140
114 144
114 146
114 163
114 166
114 169
114 175
114 189
114 195
114 199
114 218
114 228
114 242
114 243
115 116
115 120
115 122
115 121
115 127
115 138
115 144
115 150
115 153
115 156
115 171
115 181
115 185
115 188
115 192
115 197
115 200
115 202
115 204
115 208
115 218
115 220
115 224
115 234
116 117
116 119
116 127
116 138
116 140
116 153
116 162
116 166
116 169
116 171
116 177
116 185
116 193
116 200
116 212
116 216
116 221
116 235
116 240
116 243
116 254
117 118
117 124
117 135
117 138
117 161
117 162
117 165
117 204
117 210
117 211
117 233
117 237
117 243
117 253
118 120
118 123
118 129
118 131
118 149
118 161
118 162
118 174
118 189
118 201
118 203
118 237
118 239
118 254
119 121
119 128
119 132
119 167
119 177
119 179
119 185
119 186
119 201
119 205
119 209
119 215
119 223
119 229
120 121
120 128
120 129
120 140
120 141
120 181
120 190
120 195
120 200
120 205
120 211
120 238
121 134
121 141
121 171
121 177
121 184
121 200
121 202
121 207
121 209
121 216
121 222
121 223
121 228
121 234
121 242
121 246
121 250
122 123
122 155
122 156
122 171
122 173
122 175
122 181
122 198
122 201
122 206
122 224
122 251
122 254
123 124
123 126
123 150
123 159
123 165
123 176
123 179
123 194
123 213
123 214
123 216
123 231
123 238
124 125
124 146
124 154
124 157
124 180
124 231
124 250
125 128
125 156
125 158
125 172
125 197
125 214
125 235
125 236
126 130
126 140
126 141
126 144
126 147
126 153
126 158
126 159
126 172
126 180
126 183
126 198
126 201
126 206
126 212
126 214
126 217
126 226
127 128
127 130
127 146
127 156
127 158
127 164
127 169
127 185
127 194
127 202
128 137
128 150
128 159
128 170
128 180
128 187
128 193
128 210
128 215
128 220
128 237
128 240
129 156
129 157
129 158
129 159
129 187
129 189
129 190
129 196
129 214
129 253
130 131
130 163
130 179
130 187
130 191
130 193
130 146
130 156
130 159
130 172
130 173
130 215
130 223
130 224
130 227
130 249
130 256
131 132
131 148
131 156
131 160
131 162
131 138
131 143
131 159
131 163
131 165
131 168
131 170
131 191
131 215
131 219
131 221
131 252
132 133
132 141
132 145
132 147
132 142
132 154
132 181
132 185
132 186
132 188
132 206
132 221
132 244
132 245
132 247
132 249
132 251
133 134
133 138
133 140
133 144
133 150
133 152
133 157
133 172
133 179
133 187
133 192
133 196
133 208
133 219
133 224
133 234
133 245
133 249
134 135
134 137
134 142
134 160
134 161
134 199
134 211
134 229
134 230
134 233
134 234
134 256
135 136
135 184
135 186
135 187
135 208
135 231
135 235
135 249
135 251
136 164
136 169
136 176
136 177
136 189
136 195
136 202
136 216
136 226
136 230
136 231
136 250
137 152
137 158
137 160
137 169
137 178
137 192
137 208
137 211
137 245
137 246
137 256
138 139
138 140
138 144
138 146
138 150
138 159
138 161
138 170
138 171
138 172
138 219
138 223
138 241
138 256
139 148
139 150
139 157
139 163
139 188
139 193
139 196
139 210
139 229
139 231
139 237
139 240
139 241
139 251
140 143
140 146
140 163
140 184
140 192
140 197
140 199
140 201
140 202
140 205
140 206
140 210
140 212
140 214
140 220
140 223
140 231
140 252
141 142
141 144
141 143
141 185
141 187
141 211
141 239
142 143
142 158
142 165
142 177
142 192
142 199
142 200
142 206
142 220
142 228
142 232
142 237
142 249
142 252
142 255
143 160
143 167
143 175
143 200
143 204
143 228
143 233
143 238
143 254
144 145
144 148
144 164
144 167
144 170
144 183
144 190
144 195
144 199
144 253
145 146
145 147
145 158
145 164
145 165
145 171
145 184
145 209
145 218
145 219
145 235
145 244
145 245
145 256
146 163
146 169
146 174
146 176
146 181
146 206
146 207
146 212
146 221
146 235
146 239
147 157
147 184
147 193
147 203
147 213
147 240
148 149
148 153
148 155
148 152
148 171
148 180
148 191
148 194
148 200
148 222
148 244
148 249
148 250
149 150
149 152
149 151
149 165
149 178
149 191
149 192
149 200
149 220
149 226
149 234
149 240
150 151
150 173
150 178
150 179
150 187
150 205
150 216
150 222
150 252
151 155
151 157
151 172
151 176
151 179
151 182
151 188
151 190
151 193
151 208
151 213
151 218
151 220
151 222
151 223
151 227
151 234
152 157
152 169
152 173
152 197
152 215
152 219
152 221
152 223
152 252
152 254
153 154
153 156
153 181
153 190
153 207
153 210
153 223
153 235
153 248
153 254
154 171
154 175
154 187
154 221
154 228
154 254
155 172
155 174
155 187
155 196
155 211
155 212
155 214
155 219
155 220
155 224
155 237
155 243
156 157
156 159
156 165
156 170
156 186
156 192
156 199
156 202
156 213
156 215
156 233
156 234
156 249
157 158
157 160
157 186
157 193
157 201
157 205
157 209
157 210
157 233
158 164
158 179
158 185
158 191
158 192
158 200
158 203
158 228
159 171
159 172
159 176
159 186
159 187
159 197
159 206
159 208
159 223
159 238
159 247
159 252
159 255
160 161
160 171
160 172
160 189
160 190
160 205
160 207
160 211
160 241
161 170
161 182
161 211
161 217
161 222
161 225
161 226
161 232
161 237
161 238
162 163
162 172
162 183
162 197
162 203
162 207
162 214
162 245
162 246
162 252
162 254
163 164
163 172
163 176
163 178
163 166
163 186
163 203
163 207
163 234
163 251
164 165
164 169
164 171
164 181
164 198
164 202
164 223
164 232
164 242
164 246
164 255
165 166
165 168
165 184
165 203
165 209
165 218
165 219
165 232
165 236
165 245
165 248
166 167
166 170
166 172
166 174
166 176
166 193
166 211
166 214
166 225
166 234
166 239
166 255
167 176
167 179
167 192
167 207
167 219
167 233
168 173
168 179
168 192
168 193
168 201
168 208
168 210
168 226
168 236
168 250
169 170
169 184
169 197
169 241
169 244
170 208
170 217
170 221
170 226
170 241
170 255
171 173
171 179
171 180
171 192
171 197
171 199
171 208
171 215
171 225
171 227
171 238
171 239
171 245
171 252
172 173
172 175
172 178
172 186
172 208
172 228
172 237
172 249
173 174
173 185
173 188
173 193
173 197
173 221
173 245
173 247
173 249
173 251
173 253
174 192
174 195
174 203
174 206
174 212
174 214
174 219
174 223
174 253
175 198
175 199
175 203
175 227
175 237
176 177
176 232
176 239
176 240
176 248
177 181
177 192
177 205
177 209
177 217
177 221
177 228
177 230
177 232
177 233
177 252
177 256
178 203
178 234
178 235
178 236
178 254
179 180
179 184
179 186
179 211
179 220
179 221
179 251
180 181
180 183
180 188
180 220
180 238
180 248
180 256
181 182
181 183
181 185
181 199
181 216
181 224
181 232
181 235
181 237
181 246
181 247
181 250
182 197
182 210
182 234
182 236
182 241
182 252
182 253
183 188
183 197
183 202
183 203
183 237
183 238
183 239
184 185
184 191
184 198
184 202
184 206
184 217
184 220
184 221
184 222
184 233
184 241
184 245
185 193
185 196
185 206
185 210
185 222
185 225
185 231
185 246
185 248
185 249
186 187
186 211
186 214
186 233
186 240
186 247
187 188
187 190
187 197
187 210
187 217
187 235
187 245
188 189
188 200
188 206
188 211
188 222
188 226
188 230
188 238
189 215
189 220
189 223
189 228
189 230
189 233
189 236
189 244
189 250
190 201
190 211
190 242
190 256
191 192
191 195
191 196
191 198
191 202
191 207
191 213
191 250
192 197
192 199
192 235
192 243
193 213
193 228
193 229
193 236
193 247
194 195
194 211
194 219
194 223
194 225
194 199
194 202
194 213
194 228
194 233
195 196
195 204
195 208
195 210
195 209
195 222
195 225
195 240
195 244
195 245
196 197
196 201
196 203
196 212
196 230
196 236
197 198
197 200
197 212
197 231
197 238
198 199
198 205
198 211
198 221
198 223
198 230
198 238
198 245
198 255
198 256
199 201
199 206
199 217
199 224
199 248
199 255
200 218
200 220
200 237
200 253
201 202
201 208
201 231
201 235
201 250
201 253
202 217
202 230
202 250
202 255
203 209
203 229
203 232
203 239
204 205
204 207
204 208
204 217
204 253
204 256
205 206
205 217
205 232
205 244
205 256
206 217
206 245
207 212
207 222
207 226
207 228
207 231
207 253
208 209
208 217
208 218
208 219
208 220
208 245
208 248
208 251
208 253
209 211
209 226
209 239
210 211
210 221
210 249
210 255
210 256
211 212
211 216
211 218
211 217
211 233
211 237
211 241
212 213
212 215
212 219
212 230
212 241
212 244
213 214
213 218
213 224
213 237
214 221
214 239
214 241
214 256
215 239
215 242
216 217
216 233
217 220
217 227
217 231
217 249
217 255
218 222
218 229
218 252
219 220
219 222
219 228
219 233
219 251
219 252
220 221
220 238
220 250
221 225
221 227
221 229
221 235
221 236
221 238
221 241
221 244
221 246
221 252
222 231
222 233
222 252
222 254
222 255
223 224
223 235
223 242
223 244
223 253
224 239
224 256
225 235
225 237
225 242
226 227
226 235
226 239
226 241
226 231
226 255
227 228
227 232
227 234
227 233
227 245
228 229
228 231
228 232
229 230
229 231
229 232
229 244
230 237
230 242
230 246
230 253
231 238
231 242
231 247
231 251
232 233
234 235
235 236
235 238
235 243
235 247
235 248
236 237
236 245
238 247
238 252
238 255
239 240
239 251
241 247
241 252
241 253
242 243
242 247
242 249
242 251
243 244
243 246
243 247
243 250
244 245
244 247
244 254
245 248
246 255
247 248
247 251
247 252
247 254
249 251
250 251
250 253
250 254
251 252
252 256
253 255
254 255
1
