256 1 1863
1 2
1 130
1 194
1 226
1 242
1 250
1 254
1 256
1 15
1 55
1 88
1 124
1 148
1 162
1 201
1 203
1 217
1 233
1 243
2 3
2 67
2 99
2 115
2 123
2 127
2 129
2 10
2 65
2 72
2 82
2 139
2 144
2 147
2 194
2 214
2 217
2 228
2 234
2 253
3 4
3 36
3 52
3 60
3 64
3 66
3 45
3 55
3 85
3 86
3 95
3 110
3 123
3 171
3 186
3 197
3 208
3 224
3 239
3 244
3 249
3 252
4 5
4 21
4 29
4 33
4 35
4 53
4 68
4 81
4 90
4 103
4 114
4 156
4 170
4 176
4 179
4 195
4 197
4 206
4 246
5 6
5 14
5 18
5 20
5 21
5 67
5 78
5 82
5 88
5 96
5 110
5 113
5 147
5 150
5 164
5 172
5 203
5 215
5 230
6 7
6 11
6 13
6 39
6 44
6 59
6 67
6 125
6 140
6 178
6 199
6 232
6 233
6 237
6 242
6 244
6 245
6 251
7 8
7 10
7 24
7 53
7 56
7 85
7 129
7 169
7 188
7 198
7 218
7 228
7 230
7 241
8 9
8 19
8 21
8 35
8 48
8 55
8 89
8 147
8 163
8 175
8 216
8 247
9 19
9 50
9 53
9 62
9 78
9 81
9 87
9 97
9 110
9 126
9 131
9 142
9 196
9 220
10 20
10 34
10 64
10 88
10 106
10 113
10 121
10 154
10 187
10 198
10 206
10 234
10 244
11 12
11 24
11 41
11 72
11 76
11 134
11 152
11 162
11 191
11 195
11 198
11 218
11 227
11 233
12 66
12 96
12 101
12 111
12 126
12 134
12 136
12 194
12 234
13 25
13 64
13 66
13 92
13 138
13 155
13 157
13 172
13 245
13 253
14 15
14 17
14 44
14 76
14 89
14 131
14 209
14 224
14 228
14 248
15 16
15 49
15 72
15 80
15 119
15 124
15 126
15 131
15 136
15 157
15 167
15 181
15 189
15 202
15 230
15 245
16 58
16 101
16 119
16 129
16 136
16 173
16 190
16 220
16 240
17 46
17 48
17 71
17 129
17 132
17 141
17 151
17 159
17 192
17 210
17 240
17 249
17 254
18 19
18 38
18 65
18 96
18 111
18 115
18 124
18 152
18 184
18 192
18 200
18 225
18 249
18 252
19 37
19 46
19 51
19 54
19 69
19 74
19 95
19 107
19 109
19 112
19 114
19 148
19 162
19 164
19 171
19 201
19 215
19 216
19 224
19 243
20 117
20 118
20 121
20 131
20 146
20 174
20 175
21 22
21 26
21 28
21 46
21 53
21 55
21 58
21 72
21 82
21 94
21 121
21 132
21 135
21 142
21 152
21 174
21 177
21 200
21 250
22 23
22 25
22 45
22 48
22 56
22 93
22 100
22 111
22 133
22 150
22 158
22 173
22 231
23 24
23 60
23 85
23 129
23 140
23 161
23 172
23 202
23 210
23 221
23 230
23 250
24 32
24 33
24 45
24 51
24 58
24 90
24 100
24 137
24 139
24 161
24 181
24 188
24 237
25 48
25 49
25 52
25 60
25 150
25 164
25 179
25 181
25 191
25 227
25 232
25 246
25 247
26 27
26 50
26 156
26 203
26 214
26 218
26 237
26 238
27 79
27 98
27 125
27 132
27 166
27 167
27 217
27 234
27 236
27 237
28 34
28 37
28 41
28 58
28 63
28 72
28 74
28 90
28 162
28 169
28 170
28 208
29 30
29 32
29 36
29 52
29 108
29 120
29 132
29 162
29 186
29 255
30 31
30 78
30 97
30 132
30 134
30 136
30 171
30 211
30 227
30 230
30 236
31 40
31 56
31 86
31 136
31 141
31 191
31 193
31 195
31 205
31 243
32 36
32 50
32 59
32 74
32 77
32 92
32 98
32 107
32 109
32 161
32 181
32 221
32 223
32 224
33 34
33 57
33 95
33 100
33 149
33 162
33 223
33 238
33 249
34 47
34 142
34 145
34 154
34 164
34 168
34 176
34 185
34 206
34 208
34 212
34 242
34 254
35 78
35 117
35 133
35 152
35 157
35 162
35 194
35 195
35 256
36 37
36 45
36 49
36 51
36 39
36 43
36 124
36 150
36 157
36 160
36 164
37 38
37 42
37 44
37 74
37 77
37 89
37 92
37 116
37 147
37 168
37 180
37 202
37 203
37 254
37 255
38 39
38 41
38 73
38 74
38 82
38 121
38 183
38 190
38 193
38 231
38 245
38 247
39 40
39 53
39 55
39 61
39 73
39 86
39 88
39 90
39 108
39 119
39 125
39 136
39 149
39 162
39 192
39 209
39 222
40 59
40 100
40 152
40 171
40 189
40 214
40 225
40 243
40 254
41 42
41 49
41 60
41 117
41 144
41 146
41 148
41 154
41 160
41 169
41 190
41 202
41 207
41 237
41 238
41 241
41 255
42 43
42 59
42 70
42 91
42 104
42 107
42 108
42 126
42 142
42 163
42 169
42 175
42 178
42 191
42 195
42 197
42 216
43 81
43 84
43 95
43 103
43 107
43 120
43 135
43 141
43 148
43 201
43 228
44 75
44 93
44 107
44 108
44 124
44 125
44 135
44 152
44 157
44 177
44 222
45 46
45 48
45 50
45 78
45 90
45 94
45 108
45 132
45 165
45 172
45 189
45 202
45 212
45 237
45 238
46 47
46 49
46 59
46 70
46 107
46 151
46 162
46 173
46 177
46 188
47 83
47 85
47 90
47 95
47 119
47 126
47 166
47 178
47 204
47 208
47 241
47 247
47 249
48 50
48 86
48 90
48 91
48 94
48 149
48 188
48 201
48 212
48 215
48 227
48 234
48 238
48 255
49 50
49 78
49 105
49 130
49 137
49 145
49 153
49 161
49 174
49 176
49 203
49 227
49 252
50 87
50 97
50 130
50 170
50 189
50 216
50 219
51 59
51 96
51 99
51 162
51 187
51 219
51 255
52 53
52 57
52 59
52 60
52 74
52 76
52 90
52 122
52 126
52 132
52 133
52 174
52 179
52 197
52 201
52 220
52 247
53 54
53 56
53 70
53 74
53 76
53 89
53 123
53 141
53 163
53 177
53 254
54 55
54 69
54 97
54 99
54 102
54 140
54 148
54 158
54 180
54 190
55 62
55 80
55 84
55 102
55 106
55 124
55 166
55 183
55 197
55 199
55 206
55 211
55 214
55 215
55 225
56 57
56 83
56 124
56 172
56 205
56 221
57 58
57 69
57 72
57 78
57 86
57 152
57 193
57 196
57 202
57 226
58 61
58 64
58 91
58 94
58 98
58 131
58 133
58 163
58 245
58 246
59 119
59 125
59 128
59 224
59 231
59 240
59 244
59 252
59 256
60 61
60 63
60 72
60 92
60 120
60 141
60 185
60 204
60 225
61 62
61 88
61 109
61 138
61 152
61 159
61 193
61 208
61 210
61 232
61 251
62 83
62 90
62 105
62 115
62 189
62 209
62 227
62 233
63 85
63 107
63 211
63 215
63 244
64 65
64 88
64 115
64 131
64 144
64 162
64 187
64 244
64 256
65 116
65 117
65 153
65 220
65 224
65 243
65 244
66 71
66 96
66 143
66 151
66 192
66 197
66 207
66 212
66 235
66 238
66 250
66 252
67 68
67 84
67 92
67 96
67 98
67 71
67 74
67 142
67 147
67 177
68 69
68 77
68 81
68 83
68 73
68 86
68 134
68 152
68 159
68 175
68 196
68 210
68 212
68 238
68 243
68 246
69 70
69 74
69 76
69 73
69 107
69 121
69 160
69 236
70 71
70 73
70 79
70 100
70 101
70 112
70 121
70 141
70 176
71 72
71 77
71 91
71 115
71 118
71 130
71 150
71 216
71 240
72 83
72 88
72 98
72 118
72 163
72 170
72 187
72 192
72 193
72 231
73 114
73 118
73 128
73 167
73 179
73 217
73 230
73 234
73 247
74 75
74 98
74 103
74 114
74 142
74 147
74 152
74 168
74 172
74 175
74 188
74 195
74 224
74 233
75 107
75 126
75 143
75 154
75 174
75 193
75 202
75 204
75 205
75 239
76 102
76 103
76 134
76 171
76 228
76 238
77 78
77 80
77 114
77 168
77 202
77 206
77 222
77 226
77 236
77 249
77 255
78 79
78 95
78 113
78 143
78 153
78 158
78 169
78 172
78 181
78 229
78 253
78 255
79 89
79 107
79 117
79 124
79 126
79 129
79 141
79 184
79 216
79 219
79 224
79 239
80 81
80 107
80 120
80 127
80 160
80 172
80 204
80 213
80 236
81 82
81 96
81 138
81 163
81 188
81 200
81 207
82 86
82 125
82 134
82 160
82 176
82 208
82 209
82 215
82 219
82 245
83 91
83 119
83 122
83 135
83 182
83 190
83 193
83 210
83 212
83 222
83 235
84 85
84 89
84 91
84 88
84 116
84 124
84 127
84 132
84 203
84 236
84 247
84 250
84 251
85 86
85 88
85 100
85 102
85 123
85 153
85 157
85 246
85 252
85 255
86 87
86 92
86 96
86 99
86 119
86 134
86 136
86 149
86 196
86 208
86 210
86 224
86 229
86 247
87 89
87 100
87 111
87 120
87 135
87 146
87 163
87 170
87 243
88 96
88 105
88 114
88 117
88 122
88 169
88 183
88 186
88 189
88 207
88 219
88 226
88 232
89 90
89 143
89 156
89 170
89 172
89 204
89 211
89 220
89 239
89 256
90 91
90 94
90 124
90 147
90 148
90 172
90 190
90 217
90 231
91 93
91 116
91 122
91 128
91 157
91 171
91 194
91 200
91 204
91 218
91 248
91 256
92 93
92 95
92 135
92 148
92 158
92 183
92 186
92 188
92 199
93 94
93 109
93 137
93 152
93 163
93 188
93 221
93 242
93 252
94 96
94 98
94 118
94 168
94 175
94 198
94 203
95 107
95 131
95 162
95 189
95 226
96 97
96 98
96 103
96 131
96 154
96 168
96 172
96 190
96 199
96 217
96 253
97 127
97 131
97 133
97 150
97 207
97 248
97 254
98 102
98 120
98 130
98 132
98 157
98 159
98 244
98 251
98 254
99 100
99 108
99 112
99 114
99 106
99 129
99 163
99 180
99 186
99 195
99 201
99 212
99 224
99 230
100 101
100 105
100 107
100 137
100 151
100 161
100 185
100 187
100 195
100 234
100 252
101 102
101 104
101 129
101 141
101 151
101 163
101 173
101 179
101 225
102 103
102 120
102 144
102 148
102 168
102 177
102 180
102 191
102 207
102 214
103 119
103 122
103 141
103 146
103 170
103 176
103 180
103 184
103 187
103 188
103 199
103 240
104 155
104 158
104 163
104 164
104 173
104 187
104 240
104 248
105 106
105 112
105 119
105 122
105 134
105 138
105 148
105 169
105 202
105 203
105 239
106 148
106 208
106 240
106 252
106 253
107 144
107 195
107 210
107 236
108 109
108 111
108 126
108 203
108 210
108 253
109 110
109 127
109 146
109 176
109 214
110 122
110 137
110 163
110 173
110 176
110 193
110 241
110 244
111 116
111 155
111 197
111 228
111 232
111 237
112 113
112 143
112 172
112 187
112 200
112 229
112 249
113 115
113 127
113 130
113 227
113 253
114 142
114 172
114 184
114 214
115 116
115 120
115 122
115 123
115 129
115 163
115 170
115 178
115 186
115 195
115 203
115 214
115 227
115 232
115 236
115 243
116 117
116 119
116 124
116 150
116 160
116 170
116 192
116 229
116 238
117 118
117 120
117 178
117 187
117 190
117 206
117 224
117 225
117 230
117 252
118 127
118 130
118 150
118 230
118 231
118 249
119 130
119 153
119 156
119 157
119 165
119 171
119 192
119 227
119 246
120 121
120 122
120 154
120 160
120 161
120 185
120 232
121 130
121 133
121 141
121 172
121 197
121 209
121 213
122 132
122 155
122 167
122 174
122 180
122 212
123 124
123 126
123 157
123 195
123 214
123 225
123 242
123 245
123 255
124 125
124 126
124 133
124 138
124 142
124 157
124 158
124 164
124 166
124 175
124 194
124 204
124 239
125 129
125 170
125 178
125 179
126 131
126 147
126 153
126 174
126 203
126 206
126 209
126 236
126 246
127 128
127 159
127 170
127 194
127 223
127 227
128 135
128 145
128 152
128 154
128 157
128 209
128 228
128 247
129 137
129 138
129 159
129 172
129 176
129 192
129 233
130 131
130 163
130 179
130 187
130 191
130 193
130 153
130 154
130 171
130 173
130 219
130 242
131 132
131 148
131 156
131 160
131 162
131 197
131 199
131 204
131 225
131 243
131 247
131 254
132 133
132 141
132 145
132 147
132 177
132 179
132 227
132 242
132 246
133 134
133 138
133 140
133 135
133 136
133 143
133 152
133 153
133 155
133 156
133 171
133 181
133 194
133 216
134 135
134 137
134 150
134 178
134 228
134 253
135 136
135 180
135 182
136 153
136 255
137 141
137 170
137 184
137 187
137 188
137 190
138 139
138 176
138 192
138 232
138 241
138 254
139 171
139 175
139 210
139 234
140 154
140 200
140 206
141 142
141 144
141 156
141 162
141 173
141 198
141 213
141 235
141 243
141 244
142 143
142 147
142 174
142 188
142 194
142 256
143 159
143 172
143 177
143 255
144 182
144 185
144 206
144 221
144 225
144 238
145 146
145 194
146 162
146 175
146 187
146 191
146 195
146 225
146 238
146 241
146 254
147 155
147 164
147 175
147 225
147 240
147 254
148 149
148 153
148 155
148 171
148 204
148 232
148 240
148 242
149 150
149 152
149 166
149 179
149 196
149 219
149 224
150 151
150 154
150 159
150 172
150 183
150 205
150 238
150 241
151 179
151 235
151 238
151 243
152 162
152 166
152 185
152 205
152 214
152 256
153 154
153 160
153 224
153 232
153 240
153 255
154 185
154 199
154 211
154 220
154 221
154 241
154 242
155 163
155 239
156 157
156 159
156 169
156 170
156 186
156 216
156 244
157 158
157 159
157 252
157 256
158 167
158 180
158 194
158 196
158 219
159 177
159 178
159 215
160 161
160 207
161 207
161 212
161 229
161 233
161 247
162 169
162 178
162 214
163 164
163 172
163 176
163 178
163 168
163 235
163 248
164 165
164 169
164 171
164 175
164 184
164 209
164 215
164 228
164 242
164 249
165 166
165 168
165 187
166 167
166 182
166 218
166 221
166 243
167 170
167 172
167 184
167 194
167 195
167 203
167 210
167 218
167 219
168 181
168 200
168 207
168 233
169 170
169 225
169 247
169 249
170 182
170 234
171 196
171 199
171 212
171 218
171 232
171 237
171 244
171 247
172 173
172 175
172 192
172 197
172 219
172 221
172 232
172 236
173 174
173 205
173 212
173 216
174 187
174 214
174 236
174 252
175 183
175 203
175 216
175 226
176 177
176 179
176 192
176 211
176 215
176 223
176 229
176 241
177 193
177 209
177 213
177 255
178 207
178 230
178 232
179 180
179 184
179 186
179 196
179 235
179 243
179 245
180 181
180 183
180 210
180 211
180 223
181 182
181 192
181 197
181 216
181 227
181 252
182 235
184 185
184 202
184 205
185 193
185 215
185 219
187 188
187 190
187 198
187 233
187 236
188 189
188 251
189 197
190 201
190 208
191 192
191 227
192 252
193 202
193 219
193 233
193 238
194 195
194 211
194 219
194 223
194 225
194 236
195 196
195 204
195 208
195 210
196 197
196 201
196 203
196 223
197 198
197 200
197 212
197 248
198 199
198 225
198 234
200 212
200 242
200 243
200 245
200 247
200 252
201 202
201 227
201 230
202 220
202 230
202 232
203 221
203 256
204 205
204 207
204 217
205 206
205 232
205 250
206 208
206 244
207 210
207 231
207 232
207 254
208 209
208 220
208 223
208 250
209 237
210 219
210 229
210 245
210 253
211 212
211 216
211 218
211 222
211 227
212 213
212 215
212 241
212 253
213 214
213 229
213 245
214 242
215 229
216 217
217 218
217 228
217 233
218 230
218 231
218 237
218 255
218 256
219 220
219 222
219 236
219 238
219 252
220 221
220 230
221 237
221 238
221 245
222 229
222 231
223 224
223 229
223 242
223 248
223 249
224 228
224 247
224 254
225 249
226 227
226 235
226 239
226 241
227 228
227 232
227 234
227 235
227 236
227 254
228 229
228 231
229 230
229 235
230 241
230 255
230 256
231 234
232 233
232 245
233 249
233 253
234 238
234 255
235 236
235 238
235 248
235 250
235 253
236 237
238 252
239 240
240 248
240 251
242 243
242 247
242 249
243 244
243 246
243 255
244 245
246 256
247 248
250 251
250 253
250 252
251 252
252 254
252 256
254 255
1
