256 1 8307
1 2
1 130
1 194
1 226
1 242
1 250
1 254
1 256
1 4
1 8
1 11
1 13
1 16
1 19
1 21
1 22
1 32
1 33
1 34
1 35
1 41
1 48
1 56
1 63
1 65
1 68
1 69
1 70
1 73
1 82
1 84
1 86
1 87
1 88
1 90
1 94
1 95
1 96
1 97
1 102
1 103
1 106
1 109
1 113
1 114
1 116
1 123
1 133
1 135
1 139
1 142
1 143
1 144
1 150
1 153
1 154
1 164
1 170
1 172
1 178
1 180
1 182
1 186
1 189
1 192
1 195
1 196
1 198
1 199
1 200
1 209
1 215
1 216
1 217
1 218
1 219
1 225
1 228
1 243
1 246
2 3
2 67
2 99
2 115
2 123
2 127
2 129
2 5
2 10
2 15
2 31
2 33
2 41
2 43
2 51
2 52
2 60
2 63
2 68
2 70
2 72
2 77
2 80
2 82
2 84
2 92
2 93
2 95
2 96
2 97
2 102
2 104
2 110
2 116
2 124
2 126
2 130
2 131
2 133
2 135
2 139
2 144
2 146
2 149
2 155
2 156
2 167
2 172
2 175
2 181
2 188
2 192
2 197
2 204
2 208
2 213
2 215
2 216
2 218
2 219
2 222
2 223
2 226
2 229
2 232
2 236
2 237
2 250
3 4
3 36
3 52
3 60
3 64
3 66
3 5
3 9
3 18
3 27
3 28
3 33
3 35
3 42
3 43
3 44
3 53
3 57
3 58
3 59
3 68
3 70
3 74
3 77
3 80
3 81
3 84
3 86
3 87
3 90
3 92
3 97
3 116
3 117
3 121
3 122
3 124
3 128
3 132
3 138
3 139
3 141
3 144
3 145
3 148
3 151
3 152
3 154
3 155
3 158
3 159
3 165
3 168
3 171
3 172
3 178
3 184
3 186
3 188
3 189
3 191
3 196
3 202
3 203
3 212
3 218
3 221
3 224
3 229
3 230
3 232
3 233
3 236
3 238
3 242
3 247
3 250
3 256
4 5
4 21
4 29
4 33
4 35
4 15
4 19
4 20
4 23
4 25
4 26
4 27
4 34
4 36
4 37
4 38
4 39
4 42
4 44
4 47
4 50
4 52
4 53
4 58
4 61
4 65
4 66
4 69
4 72
4 81
4 92
4 94
4 100
4 103
4 104
4 113
4 119
4 127
4 128
4 129
4 135
4 144
4 151
4 155
4 156
4 157
4 158
4 159
4 163
4 167
4 169
4 176
4 183
4 185
4 190
4 191
4 198
4 201
4 202
4 212
4 218
4 227
4 234
4 239
4 245
4 253
4 256
5 6
5 14
5 18
5 20
5 10
5 11
5 21
5 24
5 25
5 32
5 34
5 38
5 40
5 47
5 49
5 50
5 60
5 66
5 67
5 68
5 72
5 74
5 77
5 91
5 92
5 96
5 100
5 102
5 104
5 105
5 109
5 112
5 113
5 114
5 136
5 141
5 144
5 150
5 155
5 160
5 163
5 172
5 173
5 182
5 186
5 188
5 190
5 191
5 193
5 195
5 198
5 200
5 211
5 212
5 219
5 221
5 227
5 237
5 240
5 250
5 251
5 254
6 7
6 11
6 13
6 19
6 23
6 24
6 26
6 30
6 37
6 38
6 40
6 45
6 47
6 52
6 53
6 56
6 58
6 67
6 74
6 80
6 94
6 95
6 98
6 106
6 107
6 108
6 111
6 112
6 115
6 118
6 125
6 129
6 134
6 137
6 139
6 141
6 148
6 152
6 167
6 174
6 178
6 179
6 182
6 185
6 186
6 187
6 198
6 201
6 205
6 209
6 217
6 218
6 219
6 220
6 227
6 233
6 236
6 238
6 244
6 247
6 250
6 251
6 255
7 8
7 10
7 11
7 13
7 28
7 29
7 32
7 34
7 47
7 60
7 62
7 65
7 70
7 71
7 76
7 82
7 83
7 93
7 95
7 96
7 98
7 101
7 102
7 105
7 106
7 111
7 112
7 113
7 117
7 119
7 129
7 131
7 132
7 136
7 144
7 154
7 160
7 161
7 163
7 165
7 170
7 173
7 175
7 181
7 184
7 195
7 196
7 199
7 200
7 202
7 205
7 208
7 210
7 211
7 212
7 216
7 222
7 223
7 225
7 233
7 241
7 243
7 246
7 247
7 249
7 251
7 254
7 256
8 9
8 12
8 18
8 26
8 27
8 28
8 32
8 33
8 38
8 40
8 42
8 43
8 44
8 52
8 53
8 60
8 64
8 67
8 69
8 74
8 80
8 87
8 89
8 92
8 95
8 101
8 103
8 120
8 121
8 124
8 131
8 134
8 136
8 141
8 144
8 154
8 158
8 160
8 161
8 162
8 165
8 169
8 173
8 176
8 177
8 179
8 181
8 182
8 186
8 188
8 189
8 191
8 194
8 198
8 207
8 211
8 212
8 214
8 215
8 217
8 223
8 232
8 233
8 235
8 239
8 241
9 10
9 11
9 16
9 31
9 33
9 39
9 40
9 43
9 44
9 50
9 52
9 55
9 63
9 69
9 70
9 73
9 77
9 78
9 79
9 81
9 85
9 86
9 97
9 100
9 103
9 106
9 112
9 117
9 121
9 123
9 124
9 125
9 126
9 129
9 133
9 143
9 144
9 149
9 150
9 159
9 161
9 162
9 174
9 175
9 176
9 186
9 188
9 189
9 190
9 193
9 195
9 196
9 199
9 204
9 206
9 211
9 213
9 216
9 218
9 220
9 224
9 225
9 226
9 228
9 237
9 241
9 250
9 252
9 254
9 255
10 11
10 13
10 19
10 20
10 23
10 31
10 35
10 42
10 44
10 59
10 62
10 67
10 68
10 71
10 85
10 88
10 90
10 91
10 92
10 96
10 98
10 114
10 116
10 117
10 122
10 123
10 124
10 127
10 128
10 138
10 158
10 161
10 172
10 177
10 179
10 182
10 193
10 195
10 198
10 199
10 206
10 208
10 218
10 221
10 228
10 231
10 232
10 234
10 240
10 243
10 246
10 248
10 250
10 251
10 254
11 12
11 15
11 23
11 25
11 28
11 31
11 34
11 38
11 39
11 44
11 45
11 49
11 51
11 54
11 55
11 58
11 62
11 63
11 69
11 84
11 89
11 96
11 101
11 108
11 111
11 112
11 114
11 115
11 116
11 118
11 121
11 130
11 134
11 137
11 142
11 157
11 159
11 164
11 169
11 176
11 177
11 178
11 179
11 180
11 188
11 192
11 198
11 202
11 204
11 206
11 208
11 212
11 215
11 218
11 219
11 224
11 232
11 234
11 238
11 245
11 248
11 256
12 21
12 23
12 33
12 36
12 41
12 43
12 44
12 48
12 54
12 55
12 57
12 59
12 62
12 71
12 73
12 77
12 84
12 86
12 92
12 94
12 96
12 101
12 103
12 109
12 111
12 118
12 124
12 127
12 128
12 129
12 136
12 139
12 142
12 143
12 144
12 151
12 160
12 163
12 167
12 168
12 178
12 179
12 182
12 189
12 190
12 197
12 207
12 211
12 212
12 225
12 226
12 229
12 230
12 243
13 20
13 24
13 33
13 34
13 43
13 47
13 56
13 58
13 67
13 69
13 74
13 77
13 79
13 81
13 82
13 84
13 102
13 105
13 119
13 125
13 134
13 137
13 139
13 145
13 146
13 151
13 153
13 156
13 157
13 158
13 159
13 161
13 162
13 166
13 170
13 173
13 176
13 178
13 182
13 184
13 190
13 193
13 197
13 200
13 209
13 215
13 217
13 219
13 228
13 232
13 247
13 251
14 15
14 17
14 23
14 28
14 31
14 32
14 35
14 38
14 39
14 41
14 43
14 50
14 54
14 63
14 65
14 67
14 71
14 77
14 80
14 94
14 99
14 102
14 104
14 110
14 111
14 118
14 122
14 126
14 131
14 138
14 149
14 150
14 163
14 167
14 168
14 173
14 184
14 193
14 200
14 203
14 205
14 207
14 208
14 212
14 214
14 216
14 217
14 219
14 234
14 245
14 246
15 16
15 18
15 20
15 22
15 23
15 26
15 28
15 36
15 44
15 62
15 69
15 71
15 73
15 76
15 78
15 85
15 92
15 99
15 102
15 103
15 108
15 112
15 116
15 117
15 121
15 122
15 125
15 126
15 133
15 135
15 147
15 153
15 154
15 159
15 160
15 163
15 169
15 173
15 176
15 177
15 178
15 179
15 181
15 185
15 189
15 191
15 194
15 195
15 196
15 199
15 200
15 203
15 206
15 208
15 212
15 213
15 218
15 226
15 230
15 236
15 237
15 238
15 240
15 243
15 244
15 245
15 247
15 248
15 249
15 250
15 252
15 254
16 23
16 26
16 51
16 52
16 54
16 55
16 58
16 61
16 67
16 69
16 72
16 74
16 77
16 86
16 87
16 92
16 96
16 99
16 100
16 107
16 108
16 109
16 110
16 111
16 112
16 113
16 121
16 125
16 126
16 129
16 130
16 131
16 134
16 142
16 143
16 154
16 155
16 159
16 164
16 173
16 197
16 198
16 205
16 209
16 210
16 215
16 220
16 221
16 226
16 243
16 244
16 245
16 248
16 250
16 252
16 256
17 21
17 23
17 30
17 33
17 36
17 37
17 40
17 45
17 56
17 58
17 60
17 61
17 62
17 63
17 64
17 70
17 71
17 72
17 79
17 82
17 90
17 91
17 103
17 104
17 107
17 113
17 114
17 115
17 116
17 117
17 126
17 130
17 137
17 141
17 143
17 144
17 150
17 151
17 152
17 156
17 158
17 159
17 160
17 161
17 162
17 163
17 167
17 169
17 170
17 173
17 175
17 180
17 182
17 186
17 188
17 191
17 199
17 200
17 202
17 203
17 214
17 222
17 229
17 231
17 232
17 234
17 235
17 249
17 250
17 253
17 255
17 256
18 19
18 22
18 23
18 30
18 41
18 42
18 47
18 52
18 61
18 63
18 65
18 69
18 72
18 74
18 75
18 83
18 84
18 86
18 88
18 90
18 93
18 95
18 96
18 101
18 104
18 107
18 109
18 114
18 116
18 122
18 123
18 124
18 125
18 126
18 130
18 133
18 135
18 137
18 138
18 141
18 154
18 155
18 158
18 169
18 170
18 175
18 182
18 193
18 195
18 201
18 211
18 213
18 220
18 222
18 229
18 242
18 243
18 244
18 246
18 247
18 250
19 22
19 25
19 30
19 33
19 37
19 38
19 41
19 43
19 53
19 56
19 59
19 75
19 76
19 78
19 84
19 90
19 93
19 96
19 99
19 100
19 108
19 109
19 119
19 120
19 121
19 123
19 124
19 142
19 146
19 153
19 155
19 157
19 164
19 169
19 179
19 180
19 184
19 187
19 192
19 193
19 194
19 195
19 196
19 200
19 207
19 211
19 212
19 213
19 221
19 230
19 231
19 237
19 238
19 242
19 244
19 251
19 254
20 24
20 27
20 40
20 41
20 44
20 45
20 49
20 50
20 51
20 56
20 60
20 62
20 64
20 73
20 74
20 85
20 86
20 88
20 96
20 97
20 98
20 100
20 118
20 128
20 131
20 136
20 139
20 147
20 148
20 152
20 162
20 164
20 165
20 176
20 179
20 183
20 187
20 188
20 192
20 195
20 197
20 199
20 202
20 204
20 205
20 207
20 211
20 217
20 224
20 229
20 232
20 244
20 246
20 248
20 251
21 22
21 26
21 28
21 29
21 31
21 36
21 39
21 43
21 50
21 51
21 52
21 53
21 58
21 59
21 63
21 64
21 71
21 79
21 88
21 97
21 98
21 101
21 105
21 111
21 112
21 116
21 117
21 131
21 132
21 135
21 140
21 144
21 153
21 155
21 156
21 160
21 170
21 172
21 174
21 176
21 188
21 189
21 190
21 192
21 193
21 197
21 198
21 203
21 206
21 209
21 215
21 219
21 223
21 229
21 232
21 241
21 244
21 256
22 23
22 25
22 28
22 31
22 38
22 52
22 54
22 60
22 64
22 67
22 68
22 75
22 77
22 81
22 85
22 92
22 94
22 98
22 100
22 101
22 102
22 104
22 105
22 109
22 111
22 112
22 121
22 122
22 126
22 127
22 131
22 133
22 136
22 138
22 141
22 152
22 154
22 155
22 156
22 159
22 162
22 171
22 178
22 187
22 188
22 192
22 195
22 199
22 205
22 213
22 226
22 227
22 229
22 233
22 243
22 245
22 250
22 251
22 254
23 24
23 25
23 30
23 45
23 47
23 52
23 58
23 61
23 64
23 66
23 80
23 81
23 83
23 89
23 95
23 98
23 99
23 103
23 107
23 112
23 113
23 118
23 121
23 122
23 129
23 134
23 136
23 140
23 141
23 149
23 150
23 153
23 155
23 165
23 166
23 179
23 181
23 190
23 191
23 192
23 194
23 195
23 196
23 198
23 201
23 202
23 203
23 204
23 209
23 210
23 212
23 217
23 220
23 221
23 222
23 225
23 229
23 231
23 233
23 234
23 235
23 243
23 244
23 246
23 250
23 252
23 253
23 254
23 255
23 256
24 29
24 40
24 46
24 48
24 52
24 55
24 56
24 61
24 65
24 69
24 74
24 75
24 78
24 79
24 80
24 82
24 84
24 85
24 91
24 94
24 95
24 98
24 101
24 103
24 108
24 110
24 117
24 122
24 126
24 129
24 132
24 134
24 136
24 137
24 138
24 144
24 145
24 149
24 163
24 165
24 177
24 178
24 179
24 181
24 185
24 186
24 187
24 198
24 210
24 221
24 229
24 233
24 235
24 237
24 238
24 239
24 240
24 256
25 29
25 36
25 37
25 45
25 47
25 54
25 57
25 58
25 61
25 63
25 70
25 72
25 73
25 76
25 79
25 80
25 81
25 82
25 91
25 92
25 94
25 96
25 98
25 103
25 104
25 105
25 106
25 111
25 114
25 123
25 129
25 130
25 134
25 136
25 139
25 140
25 145
25 147
25 150
25 151
25 152
25 157
25 159
25 160
25 163
25 167
25 168
25 182
25 183
25 185
25 192
25 194
25 197
25 199
25 209
25 220
25 222
25 224
25 229
25 234
25 236
25 249
26 27
26 35
26 36
26 41
26 43
26 45
26 46
26 47
26 48
26 51
26 55
26 61
26 63
26 65
26 68
26 74
26 78
26 81
26 84
26 87
26 92
26 102
26 124
26 131
26 135
26 138
26 146
26 149
26 155
26 156
26 161
26 162
26 168
26 173
26 175
26 176
26 182
26 186
26 189
26 191
26 192
26 195
26 197
26 209
26 211
26 216
26 219
26 221
26 223
26 225
26 229
26 234
26 239
26 240
26 250
27 28
27 29
27 31
27 34
27 39
27 41
27 46
27 52
27 53
27 54
27 56
27 62
27 63
27 64
27 66
27 72
27 73
27 85
27 87
27 89
27 90
27 100
27 103
27 106
27 107
27 119
27 126
27 128
27 139
27 140
27 142
27 144
27 145
27 149
27 155
27 161
27 164
27 165
27 167
27 168
27 170
27 171
27 172
27 175
27 185
27 189
27 190
27 191
27 192
27 197
27 198
27 203
27 207
27 208
27 209
27 211
27 217
27 220
27 221
27 231
27 233
27 236
27 252
28 31
28 35
28 36
28 37
28 44
28 47
28 48
28 49
28 52
28 69
28 80
28 83
28 90
28 99
28 101
28 105
28 106
28 108
28 111
28 113
28 118
28 119
28 120
28 128
28 129
28 132
28 135
28 137
28 138
28 141
28 143
28 148
28 149
28 150
28 153
28 158
28 167
28 174
28 176
28 182
28 184
28 188
28 190
28 192
28 202
28 206
28 216
28 226
28 228
28 230
28 232
28 233
28 238
28 244
28 245
28 246
28 247
28 249
28 254
29 30
29 32
29 33
29 36
29 42
29 49
29 66
29 68
29 76
29 77
29 88
29 93
29 101
29 105
29 106
29 107
29 113
29 114
29 115
29 118
29 120
29 122
29 124
29 130
29 132
29 134
29 135
29 137
29 139
29 141
29 144
29 147
29 148
29 155
29 157
29 160
29 163
29 167
29 173
29 175
29 181
29 186
29 193
29 194
29 196
29 204
29 205
29 211
29 212
29 217
29 218
29 219
29 222
29 224
29 225
29 228
29 229
29 232
29 233
29 235
29 237
29 238
29 240
29 244
29 249
29 251
29 255
30 31
30 35
30 38
30 43
30 53
30 61
30 63
30 67
30 71
30 77
30 78
30 79
30 81
30 93
30 99
30 102
30 111
30 115
30 125
30 128
30 129
30 130
30 134
30 136
30 138
30 142
30 144
30 145
30 154
30 155
30 158
30 167
30 169
30 176
30 177
30 180
30 182
30 185
30 187
30 195
30 196
30 200
30 202
30 203
30 210
30 214
30 220
30 222
30 230
30 237
30 249
30 250
31 37
31 41
31 42
31 56
31 59
31 69
31 79
31 81
31 83
31 90
31 91
31 93
31 97
31 98
31 101
31 104
31 115
31 116
31 117
31 119
31 125
31 128
31 138
31 144
31 155
31 156
31 158
31 162
31 166
31 172
31 173
31 174
31 175
31 179
31 182
31 197
31 198
31 203
31 205
31 210
31 212
31 222
31 223
31 229
31 230
31 231
31 232
31 236
31 237
31 242
31 243
31 246
31 249
31 255
32 33
32 35
32 44
32 48
32 50
32 55
32 64
32 65
32 69
32 72
32 89
32 91
32 92
32 95
32 97
32 98
32 101
32 103
32 106
32 112
32 117
32 119
32 121
32 126
32 129
32 144
32 145
32 146
32 148
32 149
32 150
32 166
32 167
32 171
32 174
32 177
32 179
32 181
32 184
32 186
32 191
32 199
32 205
32 218
32 219
32 222
32 231
32 235
32 238
32 239
32 240
32 249
32 255
33 34
33 37
33 39
33 48
33 49
33 50
33 54
33 61
33 62
33 64
33 66
33 92
33 103
33 105
33 110
33 112
33 113
33 119
33 126
33 128
33 137
33 143
33 147
33 152
33 161
33 163
33 169
33 172
33 180
33 181
33 192
33 194
33 199
33 204
33 205
33 206
33 209
33 215
33 216
33 217
33 219
33 223
33 227
33 242
33 251
33 256
34 38
34 42
34 49
34 56
34 59
34 60
34 61
34 72
34 74
34 82
34 85
34 87
34 92
34 93
34 100
34 104
34 108
34 111
34 112
34 125
34 127
34 129
34 131
34 137
34 139
34 143
34 144
34 147
34 151
34 152
34 153
34 158
34 164
34 179
34 201
34 212
34 213
34 221
34 230
34 233
34 238
34 247
34 255
35 39
35 41
35 46
35 49
35 52
35 55
35 57
35 61
35 71
35 72
35 77
35 84
35 93
35 95
35 101
35 103
35 105
35 106
35 107
35 120
35 121
35 124
35 127
35 128
35 136
35 143
35 149
35 155
35 157
35 162
35 167
35 175
35 178
35 184
35 190
35 202
35 211
35 214
35 225
35 227
35 248
35 250
35 254
35 255
36 37
36 45
36 49
36 51
36 39
36 41
36 44
36 56
36 66
36 75
36 78
36 81
36 84
36 85
36 86
36 91
36 93
36 97
36 99
36 101
36 117
36 119
36 120
36 121
36 130
36 131
36 133
36 134
36 136
36 137
36 144
36 145
36 146
36 150
36 154
36 155
36 156
36 158
36 159
36 162
36 165
36 167
36 169
36 171
36 172
36 181
36 185
36 186
36 188
36 189
36 197
36 204
36 208
36 213
36 214
36 217
36 218
36 219
36 220
36 226
36 228
36 231
36 236
36 248
36 255
37 38
37 42
37 44
37 41
37 43
37 48
37 61
37 62
37 63
37 64
37 69
37 70
37 71
37 78
37 80
37 82
37 99
37 105
37 108
37 113
37 114
37 115
37 117
37 121
37 127
37 129
37 132
37 142
37 143
37 147
37 148
37 149
37 153
37 154
37 158
37 164
37 170
37 182
37 183
37 184
37 185
37 187
37 191
37 193
37 195
37 205
37 211
37 213
37 218
37 220
37 232
37 243
37 248
37 252
37 253
38 39
38 41
38 42
38 49
38 59
38 64
38 65
38 68
38 71
38 72
38 74
38 81
38 83
38 85
38 94
38 114
38 118
38 120
38 121
38 125
38 126
38 137
38 141
38 148
38 151
38 152
38 153
38 154
38 158
38 159
38 170
38 173
38 174
38 179
38 189
38 190
38 192
38 194
38 196
38 207
38 208
38 209
38 210
38 215
38 217
38 219
38 222
38 224
38 226
38 229
38 231
38 232
38 233
38 244
38 248
38 253
39 40
39 48
39 49
39 50
39 52
39 55
39 59
39 62
39 65
39 66
39 89
39 91
39 94
39 98
39 112
39 120
39 133
39 139
39 140
39 146
39 152
39 154
39 155
39 159
39 163
39 166
39 171
39 174
39 178
39 181
39 185
39 189
39 190
39 201
39 209
39 216
39 218
39 230
39 232
39 235
39 247
39 248
39 250
39 251
39 254
40 42
40 49
40 56
40 58
40 59
40 65
40 66
40 68
40 69
40 70
40 72
40 75
40 76
40 82
40 88
40 91
40 96
40 99
40 100
40 101
40 102
40 103
40 109
40 116
40 120
40 122
40 124
40 125
40 129
40 133
40 134
40 135
40 137
40 141
40 142
40 144
40 146
40 153
40 154
40 155
40 156
40 158
40 159
40 160
40 167
40 169
40 170
40 173
40 177
40 179
40 195
40 206
40 208
40 209
40 216
40 218
40 220
40 221
40 222
40 225
40 230
40 232
40 241
40 243
40 249
40 250
40 251
40 254
41 53
41 63
41 64
41 70
41 78
41 81
41 82
41 83
41 87
41 90
41 94
41 99
41 100
41 103
41 104
41 118
41 120
41 121
41 124
41 132
41 144
41 149
41 151
41 154
41 156
41 167
41 169
41 171
41 176
41 177
41 191
41 194
41 197
41 205
41 220
41 221
41 223
41 224
41 229
41 232
41 233
41 234
41 235
41 242
41 248
41 251
42 43
42 46
42 55
42 60
42 69
42 78
42 80
42 85
42 88
42 95
42 101
42 105
42 107
42 110
42 112
42 116
42 120
42 124
42 127
42 130
42 136
42 137
42 140
42 147
42 150
42 153
42 155
42 157
42 158
42 164
42 168
42 172
42 175
42 177
42 181
42 188
42 199
42 202
42 205
42 207
42 215
42 228
42 231
42 233
42 237
42 243
42 244
42 247
42 249
42 254
43 44
43 46
43 50
43 52
43 58
43 59
43 61
43 67
43 69
43 70
43 71
43 75
43 80
43 85
43 88
43 89
43 90
43 92
43 94
43 96
43 100
43 102
43 103
43 109
43 112
43 115
43 118
43 125
43 129
43 130
43 134
43 136
43 137
43 142
43 144
43 145
43 148
43 151
43 155
43 156
43 158
43 159
43 162
43 164
43 170
43 176
43 183
43 187
43 190
43 202
43 207
43 209
43 210
43 211
43 212
43 222
43 225
43 229
43 231
43 235
43 241
43 245
43 247
43 249
43 250
43 251
43 253
44 46
44 47
44 54
44 64
44 65
44 67
44 72
44 78
44 79
44 91
44 96
44 103
44 108
44 110
44 113
44 115
44 119
44 121
44 125
44 129
44 133
44 136
44 139
44 146
44 153
44 155
44 161
44 170
44 179
44 183
44 189
44 193
44 202
44 210
44 214
44 217
44 218
44 223
44 224
44 234
44 237
44 242
44 243
44 247
44 255
45 46
45 48
45 50
45 51
45 55
45 59
45 60
45 66
45 67
45 73
45 75
45 77
45 79
45 83
45 86
45 89
45 90
45 96
45 100
45 101
45 105
45 113
45 117
45 118
45 129
45 130
45 135
45 137
45 141
45 147
45 148
45 149
45 150
45 154
45 159
45 167
45 168
45 170
45 175
45 177
45 179
45 181
45 189
45 191
45 193
45 194
45 195
45 201
45 207
45 214
45 217
45 221
45 224
45 225
45 231
45 244
45 246
45 248
45 251
46 47
46 52
46 53
46 54
46 55
46 60
46 62
46 64
46 68
46 71
46 72
46 79
46 86
46 91
46 92
46 93
46 94
46 100
46 114
46 115
46 117
46 118
46 121
46 125
46 126
46 130
46 133
46 134
46 137
46 138
46 142
46 143
46 145
46 153
46 158
46 159
46 163
46 167
46 170
46 178
46 179
46 180
46 186
46 189
46 194
46 195
46 196
46 197
46 201
46 206
46 207
46 209
46 210
46 212
46 213
46 214
46 215
46 218
46 220
46 225
46 227
46 231
46 234
46 237
46 238
46 254
46 255
47 50
47 52
47 54
47 59
47 60
47 62
47 65
47 69
47 74
47 75
47 76
47 77
47 84
47 86
47 96
47 97
47 101
47 102
47 107
47 108
47 113
47 114
47 115
47 119
47 122
47 123
47 124
47 126
47 129
47 131
47 136
47 140
47 151
47 153
47 158
47 160
47 162
47 166
47 170
47 171
47 174
47 178
47 187
47 188
47 190
47 191
47 193
47 194
47 197
47 204
47 205
47 208
47 216
47 221
47 227
47 231
47 233
47 239
47 245
47 251
47 254
47 256
48 51
48 56
48 66
48 68
48 78
48 79
48 82
48 85
48 88
48 94
48 95
48 98
48 99
48 100
48 102
48 105
48 108
48 122
48 124
48 128
48 129
48 130
48 140
48 149
48 160
48 168
48 174
48 185
48 186
48 187
48 195
48 202
48 204
48 206
48 211
48 217
48 220
48 227
48 230
48 232
48 241
48 245
48 247
48 253
49 50
49 51
49 56
49 68
49 70
49 71
49 78
49 81
49 83
49 84
49 85
49 90
49 93
49 96
49 97
49 98
49 99
49 105
49 118
49 126
49 133
49 135
49 136
49 138
49 146
49 151
49 152
49 155
49 157
49 158
49 162
49 168
49 170
49 174
49 177
49 179
49 181
49 183
49 187
49 188
49 189
49 194
49 196
49 197
49 198
49 211
49 218
49 225
49 227
49 230
49 233
49 235
49 236
49 241
49 247
49 249
50 52
50 56
50 60
50 61
50 62
50 63
50 70
50 81
50 83
50 92
50 95
50 98
50 103
50 106
50 116
50 123
50 125
50 127
50 129
50 130
50 134
50 135
50 137
50 143
50 144
50 149
50 150
50 158
50 168
50 169
50 170
50 171
50 173
50 179
50 182
50 190
50 212
50 221
50 223
50 236
50 239
50 241
50 244
50 245
50 248
50 252
50 256
51 53
51 54
51 55
51 59
51 64
51 66
51 71
51 75
51 77
51 78
51 86
51 101
51 102
51 107
51 108
51 114
51 120
51 121
51 124
51 125
51 135
51 147
51 149
51 162
51 163
51 175
51 177
51 186
51 188
51 190
51 195
51 197
51 198
51 214
51 215
51 221
51 222
51 225
51 234
51 237
51 245
51 250
51 254
52 53
52 57
52 59
52 63
52 64
52 84
52 90
52 97
52 98
52 99
52 100
52 102
52 105
52 116
52 123
52 128
52 129
52 139
52 147
52 149
52 157
52 160
52 162
52 163
52 164
52 166
52 167
52 170
52 176
52 179
52 182
52 190
52 193
52 197
52 198
52 210
52 213
52 227
52 228
52 229
52 235
52 240
52 250
52 251
52 252
52 255
53 54
53 56
53 59
53 61
53 63
53 67
53 68
53 71
53 72
53 83
53 85
53 90
53 100
53 105
53 106
53 113
53 119
53 121
53 123
53 124
53 127
53 147
53 150
53 152
53 159
53 161
53 162
53 168
53 172
53 175
53 179
53 186
53 194
53 198
53 202
53 205
53 206
53 210
53 216
53 219
53 220
53 221
53 224
53 231
53 236
53 238
53 244
53 247
53 250
53 255
54 55
54 58
54 69
54 72
54 73
54 77
54 82
54 84
54 86
54 89
54 90
54 106
54 108
54 110
54 120
54 121
54 122
54 124
54 126
54 129
54 130
54 131
54 133
54 135
54 142
54 144
54 145
54 150
54 154
54 157
54 158
54 161
54 163
54 167
54 172
54 180
54 181
54 187
54 188
54 189
54 193
54 194
54 196
54 197
54 217
54 218
54 220
54 222
54 224
54 226
54 230
54 233
54 234
54 238
54 253
55 67
55 68
55 71
55 72
55 78
55 79
55 80
55 85
55 87
55 89
55 98
55 100
55 101
55 102
55 104
55 105
55 111
55 122
55 127
55 131
55 141
55 143
55 149
55 151
55 153
55 154
55 158
55 162
55 170
55 173
55 177
55 181
55 187
55 190
55 199
55 213
55 214
55 215
55 228
55 229
55 234
55 235
55 236
55 237
55 239
55 241
55 245
55 251
55 256
56 60
56 62
56 65
56 66
56 74
56 80
56 84
56 96
56 98
56 109
56 114
56 123
56 128
56 131
56 132
56 133
56 139
56 140
56 145
56 151
56 154
56 156
56 159
56 161
56 165
56 180
56 184
56 187
56 189
56 191
56 194
56 197
56 199
56 203
56 205
56 206
56 211
56 218
56 222
56 227
56 228
56 230
56 231
56 235
56 236
56 242
56 250
56 253
56 256
57 58
57 59
57 64
57 69
57 70
57 71
57 74
57 78
57 83
57 84
57 89
57 91
57 93
57 94
57 105
57 106
57 107
57 112
57 119
57 123
57 129
57 144
57 146
57 149
57 150
57 156
57 157
57 161
57 162
57 165
57 166
57 168
57 173
57 174
57 175
57 177
57 182
57 190
57 193
57 195
57 206
57 217
57 219
57 222
57 224
57 226
57 230
57 235
57 240
57 242
57 245
57 250
57 253
57 254
58 61
58 69
58 80
58 82
58 83
58 85
58 88
58 89
58 91
58 97
58 100
58 102
58 109
58 112
58 120
58 121
58 130
58 133
58 135
58 136
58 138
58 146
58 147
58 149
58 158
58 160
58 166
58 178
58 185
58 188
58 197
58 198
58 203
58 207
58 209
58 212
58 213
58 214
58 216
58 221
58 223
58 224
58 227
58 228
58 232
58 233
58 238
58 243
58 246
58 253
58 256
59 60
59 61
59 66
59 67
59 73
59 74
59 76
59 82
59 98
59 99
59 103
59 106
59 107
59 116
59 117
59 120
59 124
59 126
59 133
59 139
59 141
59 142
59 149
59 150
59 155
59 166
59 168
59 170
59 172
59 174
59 175
59 180
59 182
59 186
59 192
59 194
59 197
59 216
59 220
59 226
59 230
59 235
59 240
59 241
59 251
59 253
59 256
60 61
60 63
60 62
60 67
60 73
60 81
60 84
60 89
60 97
60 103
60 104
60 112
60 120
60 126
60 130
60 132
60 136
60 137
60 146
60 149
60 151
60 165
60 170
60 172
60 180
60 184
60 200
60 205
60 207
60 208
60 209
60 212
60 224
60 239
60 240
60 244
60 245
60 246
60 250
60 253
60 254
61 62
61 65
61 74
61 79
61 80
61 82
61 83
61 86
61 87
61 88
61 96
61 100
61 105
61 116
61 117
61 118
61 119
61 124
61 125
61 127
61 131
61 139
61 143
61 157
61 159
61 160
61 164
61 168
61 177
61 178
61 184
61 185
61 186
61 193
61 198
61 199
61 201
61 202
61 208
61 216
61 223
61 224
61 242
61 243
61 244
61 247
61 248
61 249
61 251
62 63
62 66
62 68
62 71
62 73
62 75
62 76
62 79
62 85
62 86
62 87
62 88
62 92
62 101
62 103
62 108
62 112
62 113
62 114
62 119
62 121
62 123
62 128
62 139
62 141
62 143
62 144
62 146
62 148
62 150
62 155
62 162
62 166
62 167
62 170
62 174
62 176
62 177
62 179
62 182
62 183
62 204
62 211
62 213
62 216
62 218
62 227
62 229
62 237
62 241
62 248
62 254
62 255
62 256
63 65
63 71
63 76
63 80
63 83
63 92
63 105
63 108
63 110
63 112
63 117
63 120
63 122
63 127
63 128
63 129
63 130
63 131
63 135
63 136
63 141
63 145
63 146
63 156
63 158
63 165
63 167
63 171
63 175
63 176
63 178
63 179
63 180
63 188
63 190
63 191
63 193
63 201
63 202
63 210
63 211
63 214
63 217
63 221
63 222
63 224
63 226
63 229
63 231
63 242
63 244
63 252
63 253
64 65
64 69
64 72
64 78
64 84
64 88
64 93
64 97
64 100
64 103
64 107
64 109
64 124
64 130
64 140
64 141
64 142
64 146
64 150
64 152
64 153
64 155
64 159
64 165
64 172
64 188
64 193
64 195
64 197
64 203
64 209
64 211
64 213
64 216
64 221
64 227
64 228
64 229
64 233
64 241
64 252
64 253
64 254
64 255
65 66
65 67
65 71
65 79
65 81
65 83
65 90
65 92
65 94
65 105
65 106
65 110
65 113
65 117
65 129
65 133
65 139
65 145
65 148
65 149
65 151
65 153
65 157
65 164
65 169
65 171
65 176
65 183
65 186
65 193
65 200
65 202
65 207
65 209
65 211
65 218
65 219
65 226
65 231
65 235
65 240
65 244
65 247
65 251
65 256
66 68
66 74
66 77
66 82
66 88
66 91
66 92
66 95
66 97
66 98
66 99
66 103
66 105
66 108
66 112
66 114
66 115
66 121
66 123
66 126
66 127
66 139
66 152
66 155
66 163
66 175
66 184
66 189
66 190
66 192
66 201
66 204
66 209
66 211
66 214
66 218
66 224
66 227
66 230
66 237
66 238
66 246
66 251
66 254
66 255
67 68
67 84
67 92
67 96
67 98
67 69
67 70
67 71
67 72
67 74
67 75
67 77
67 80
67 82
67 87
67 91
67 94
67 97
67 107
67 108
67 110
67 116
67 119
67 122
67 127
67 128
67 132
67 144
67 149
67 150
67 155
67 164
67 172
67 173
67 177
67 181
67 185
67 189
67 193
67 200
67 207
67 209
67 210
67 213
67 219
67 222
67 231
67 236
67 243
67 248
67 251
67 254
68 69
68 77
68 81
68 83
68 79
68 80
68 82
68 84
68 85
68 98
68 99
68 101
68 102
68 111
68 116
68 125
68 127
68 128
68 133
68 144
68 146
68 149
68 151
68 153
68 161
68 164
68 169
68 171
68 173
68 174
68 175
68 176
68 180
68 185
68 190
68 195
68 198
68 199
68 201
68 211
68 212
68 223
68 224
68 226
68 232
68 234
68 248
68 250
68 251
69 70
69 74
69 76
69 72
69 75
69 81
69 89
69 93
69 94
69 95
69 98
69 99
69 102
69 105
69 106
69 114
69 118
69 128
69 129
69 136
69 137
69 141
69 143
69 149
69 151
69 157
69 164
69 166
69 170
69 172
69 181
69 183
69 184
69 190
69 191
69 197
69 198
69 201
69 202
69 203
69 208
69 210
69 213
69 216
69 218
69 219
69 223
69 227
69 230
69 232
69 235
69 236
69 239
69 240
69 248
70 71
70 73
70 80
70 86
70 87
70 93
70 94
70 95
70 98
70 101
70 107
70 108
70 120
70 122
70 123
70 125
70 134
70 137
70 138
70 139
70 140
70 141
70 143
70 145
70 155
70 157
70 174
70 180
70 191
70 207
70 211
70 212
70 221
70 222
70 229
70 230
70 232
70 237
70 238
70 239
70 250
70 251
71 72
71 74
71 75
71 80
71 87
71 94
71 98
71 100
71 110
71 113
71 114
71 116
71 117
71 126
71 129
71 132
71 134
71 156
71 163
71 166
71 168
71 169
71 173
71 178
71 182
71 184
71 193
71 198
71 200
71 201
71 206
71 207
71 209
71 211
71 214
71 215
71 218
71 219
71 224
71 230
71 235
71 240
71 245
71 249
71 250
71 253
71 255
72 79
72 81
72 85
72 88
72 89
72 94
72 101
72 107
72 109
72 113
72 116
72 118
72 119
72 128
72 132
72 134
72 147
72 148
72 151
72 154
72 162
72 164
72 172
72 174
72 180
72 182
72 183
72 187
72 188
72 193
72 197
72 206
72 207
72 238
72 242
72 244
72 249
72 250
72 252
72 253
72 255
72 256
73 74
73 82
73 86
73 94
73 101
73 111
73 115
73 121
73 122
73 125
73 126
73 133
73 135
73 137
73 158
73 159
73 172
73 173
73 177
73 178
73 181
73 182
73 191
73 194
73 205
73 210
73 213
73 216
73 217
73 220
73 221
73 229
73 236
73 237
73 241
73 244
73 249
73 251
73 254
74 75
74 77
74 91
74 92
74 96
74 97
74 102
74 105
74 109
74 111
74 115
74 124
74 125
74 127
74 130
74 132
74 133
74 142
74 146
74 147
74 150
74 153
74 157
74 159
74 163
74 173
74 182
74 184
74 189
74 192
74 196
74 206
74 213
74 214
74 223
74 224
74 227
74 231
74 232
74 235
74 238
74 241
74 245
74 249
74 256
75 82
75 104
75 107
75 108
75 112
75 113
75 115
75 117
75 124
75 130
75 135
75 136
75 140
75 143
75 150
75 159
75 160
75 161
75 170
75 172
75 174
75 181
75 185
75 187
75 192
75 195
75 199
75 200
75 204
75 206
75 216
75 217
75 220
75 227
75 228
75 238
75 242
75 245
75 248
75 249
75 251
75 253
75 256
76 82
76 84
76 87
76 92
76 104
76 105
76 111
76 114
76 118
76 119
76 121
76 123
76 128
76 131
76 136
76 138
76 141
76 143
76 152
76 156
76 159
76 160
76 161
76 166
76 169
76 171
76 176
76 177
76 181
76 186
76 189
76 192
76 203
76 207
76 209
76 214
76 221
76 225
76 226
76 234
76 239
76 247
76 250
76 252
76 256
77 78
77 80
77 83
77 86
77 99
77 100
77 103
77 107
77 108
77 109
77 115
77 116
77 125
77 127
77 129
77 131
77 133
77 136
77 143
77 146
77 147
77 149
77 151
77 152
77 157
77 161
77 162
77 166
77 168
77 174
77 179
77 181
77 182
77 183
77 184
77 185
77 187
77 197
77 200
77 201
77 206
77 214
77 215
77 229
77 241
77 242
77 244
78 79
78 80
78 84
78 89
78 92
78 99
78 101
78 102
78 109
78 111
78 115
78 118
78 121
78 131
78 133
78 135
78 141
78 146
78 151
78 152
78 162
78 163
78 165
78 167
78 168
78 172
78 185
78 189
78 194
78 201
78 211
78 212
78 213
78 225
78 230
78 231
78 235
78 238
78 241
78 248
78 249
78 253
78 254
79 84
79 90
79 94
79 95
79 96
79 112
79 114
79 116
79 119
79 124
79 133
79 134
79 136
79 140
79 141
79 147
79 149
79 150
79 155
79 162
79 163
79 170
79 171
79 172
79 173
79 174
79 176
79 178
79 180
79 185
79 189
79 190
79 194
79 195
79 199
79 200
79 207
79 212
79 215
79 221
79 225
79 230
79 240
79 243
79 244
79 247
79 251
80 82
80 84
80 89
80 91
80 96
80 110
80 114
80 117
80 120
80 124
80 126
80 134
80 136
80 140
80 144
80 145
80 148
80 151
80 156
80 157
80 162
80 163
80 173
80 177
80 180
80 181
80 183
80 188
80 193
80 201
80 208
80 210
80 211
80 214
80 215
80 219
80 226
80 231
80 234
80 238
80 246
80 248
80 255
81 82
81 85
81 87
81 91
81 98
81 99
81 114
81 119
81 120
81 123
81 134
81 135
81 140
81 141
81 143
81 146
81 149
81 152
81 155
81 159
81 165
81 169
81 170
81 171
81 175
81 187
81 188
81 190
81 196
81 198
81 215
81 226
81 229
81 233
81 235
81 237
81 243
81 244
81 246
81 253
81 254
81 255
82 88
82 93
82 96
82 104
82 107
82 108
82 111
82 119
82 120
82 121
82 122
82 123
82 127
82 137
82 140
82 141
82 164
82 165
82 168
82 173
82 177
82 181
82 183
82 184
82 185
82 186
82 187
82 192
82 194
82 196
82 210
82 216
82 222
82 224
82 226
82 234
82 238
82 243
82 249
82 252
83 84
83 89
83 90
83 93
83 94
83 96
83 101
83 103
83 108
83 113
83 114
83 127
83 128
83 132
83 133
83 134
83 139
83 140
83 142
83 149
83 152
83 155
83 156
83 157
83 166
83 168
83 171
83 175
83 183
83 186
83 190
83 191
83 192
83 199
83 200
83 204
83 212
83 217
83 218
83 227
83 231
83 232
83 233
83 234
83 243
83 249
83 253
84 85
84 89
84 91
84 102
84 106
84 110
84 114
84 125
84 126
84 127
84 137
84 140
84 147
84 148
84 152
84 154
84 156
84 160
84 163
84 166
84 169
84 177
84 180
84 183
84 190
84 194
84 198
84 199
84 200
84 203
84 205
84 207
84 211
84 215
84 219
84 220
84 221
84 222
84 223
84 224
84 225
84 226
84 230
84 236
84 237
84 239
84 240
84 241
84 245
84 247
84 252
84 256
85 86
85 88
85 87
85 94
85 95
85 98
85 99
85 104
85 112
85 119
85 121
85 122
85 123
85 129
85 132
85 138
85 147
85 152
85 161
85 162
85 166
85 171
85 173
85 180
85 186
85 188
85 200
85 201
85 209
85 215
85 219
85 222
85 226
85 227
85 234
85 237
85 239
85 242
85 244
85 245
85 247
86 87
86 89
86 90
86 95
86 96
86 97
86 100
86 103
86 109
86 111
86 112
86 113
86 115
86 116
86 119
86 138
86 141
86 143
86 144
86 145
86 146
86 157
86 158
86 170
86 175
86 183
86 188
86 190
86 193
86 195
86 196
86 197
86 201
86 202
86 205
86 209
86 213
86 219
86 220
86 221
86 222
86 223
86 224
86 228
86 234
87 90
87 94
87 95
87 100
87 102
87 106
87 111
87 114
87 121
87 127
87 129
87 130
87 134
87 140
87 149
87 150
87 155
87 156
87 159
87 170
87 174
87 178
87 181
87 189
87 196
87 198
87 199
87 202
87 205
87 206
87 207
87 211
87 212
87 221
87 222
87 224
87 227
87 234
87 241
87 243
87 245
87 247
87 250
87 252
87 256
88 90
88 91
88 95
88 105
88 110
88 122
88 130
88 133
88 141
88 146
88 151
88 157
88 159
88 164
88 169
88 171
88 173
88 174
88 175
88 180
88 183
88 184
88 187
88 193
88 209
88 214
88 219
88 220
88 223
88 224
88 226
88 230
88 232
88 236
88 241
88 243
88 244
88 246
88 250
89 90
89 91
89 93
89 95
89 97
89 102
89 106
89 114
89 117
89 119
89 125
89 128
89 130
89 134
89 138
89 142
89 146
89 152
89 157
89 158
89 166
89 168
89 172
89 178
89 181
89 187
89 190
89 196
89 203
89 205
89 209
89 211
89 214
89 215
89 225
89 226
89 227
89 244
89 246
89 247
89 248
89 250
89 256
90 91
90 92
90 93
90 98
90 104
90 105
90 107
90 114
90 119
90 123
90 135
90 144
90 148
90 156
90 157
90 159
90 162
90 163
90 171
90 186
90 191
90 197
90 199
90 206
90 211
90 216
90 218
90 223
90 229
90 231
90 233
90 240
90 241
90 243
90 255
91 102
91 108
91 113
91 114
91 115
91 119
91 128
91 129
91 141
91 143
91 148
91 149
91 152
91 159
91 166
91 171
91 173
91 177
91 181
91 183
91 187
91 193
91 195
91 196
91 197
91 198
91 199
91 201
91 204
91 206
91 207
91 213
91 216
91 218
91 222
91 226
91 244
91 246
91 250
91 253
92 93
92 95
92 97
92 98
92 104
92 106
92 112
92 114
92 117
92 125
92 128
92 130
92 142
92 143
92 150
92 155
92 158
92 166
92 177
92 179
92 183
92 195
92 199
92 201
92 204
92 215
92 217
92 220
92 226
92 229
92 230
92 237
92 241
92 243
92 245
92 249
92 250
92 253
93 94
93 98
93 106
93 116
93 118
93 120
93 124
93 127
93 131
93 132
93 134
93 141
93 142
93 149
93 154
93 156
93 157
93 162
93 166
93 168
93 174
93 176
93 177
93 184
93 189
93 200
93 203
93 204
93 206
93 207
93 216
93 228
93 231
93 233
93 234
93 240
93 247
93 248
93 249
93 250
93 251
93 252
93 253
94 112
94 114
94 120
94 126
94 130
94 131
94 132
94 142
94 144
94 145
94 146
94 147
94 151
94 153
94 157
94 159
94 160
94 170
94 182
94 183
94 186
94 188
94 195
94 206
94 209
94 225
94 227
94 229
94 237
94 242
94 247
94 251
94 252
94 253
95 99
95 100
95 103
95 107
95 109
95 111
95 117
95 118
95 119
95 125
95 126
95 132
95 138
95 139
95 145
95 148
95 149
95 151
95 153
95 155
95 159
95 167
95 175
95 180
95 182
95 183
95 185
95 189
95 191
95 193
95 194
95 195
95 197
95 199
95 201
95 207
95 209
95 215
95 220
95 230
95 232
95 234
95 235
95 237
95 238
95 239
95 240
95 242
95 243
95 244
95 246
95 247
95 249
95 254
96 97
96 98
96 111
96 116
96 118
96 120
96 129
96 133
96 138
96 142
96 158
96 167
96 178
96 184
96 187
96 188
96 190
96 193
96 194
96 195
96 200
96 201
96 212
96 227
96 229
96 230
96 231
96 233
96 235
96 241
96 242
96 243
96 251
96 253
97 99
97 104
97 105
97 112
97 113
97 114
97 116
97 117
97 123
97 125
97 134
97 136
97 147
97 149
97 152
97 153
97 163
97 166
97 167
97 170
97 172
97 173
97 181
97 183
97 192
97 198
97 203
97 207
97 216
97 220
97 221
97 223
97 227
97 229
97 230
97 242
97 245
97 253
98 100
98 103
98 104
98 106
98 109
98 110
98 113
98 117
98 118
98 121
98 124
98 152
98 158
98 161
98 162
98 166
98 167
98 171
98 174
98 175
98 176
98 177
98 179
98 180
98 182
98 188
98 191
98 192
98 195
98 197
98 200
98 203
98 204
98 206
98 208
98 213
98 218
98 219
98 223
98 226
98 231
98 234
98 242
98 243
98 256
99 100
99 108
99 112
99 114
99 101
99 102
99 105
99 107
99 109
99 111
99 133
99 134
99 136
99 138
99 141
99 144
99 150
99 152
99 154
99 156
99 161
99 164
99 165
99 169
99 177
99 180
99 184
99 187
99 188
99 189
99 192
99 194
99 196
99 203
99 210
99 226
99 227
99 235
99 236
99 239
99 242
99 244
99 246
99 256
100 101
100 105
100 107
100 102
100 104
100 106
100 108
100 111
100 117
100 128
100 130
100 134
100 138
100 144
100 146
100 147
100 154
100 158
100 159
100 160
100 161
100 162
100 166
100 167
100 169
100 170
100 173
100 177
100 181
100 183
100 185
100 190
100 191
100 193
100 201
100 204
100 205
100 206
100 209
100 213
100 216
100 220
100 222
100 225
100 226
100 229
100 234
100 237
100 238
100 239
100 241
100 245
101 102
101 104
101 109
101 110
101 111
101 113
101 117
101 118
101 124
101 129
101 132
101 138
101 140
101 143
101 153
101 158
101 159
101 167
101 170
101 172
101 173
101 178
101 183
101 185
101 190
101 192
101 200
101 209
101 211
101 214
101 218
101 219
101 221
101 222
101 225
101 232
101 234
101 236
101 237
101 241
101 242
101 246
101 248
101 249
101 250
101 251
101 254
101 255
101 256
102 103
102 107
102 110
102 115
102 121
102 125
102 127
102 130
102 133
102 134
102 135
102 137
102 140
102 148
102 153
102 154
102 156
102 164
102 179
102 183
102 184
102 185
102 189
102 192
102 197
102 198
102 199
102 201
102 203
102 204
102 205
102 211
102 213
102 219
102 225
102 230
102 234
102 239
102 241
102 245
102 246
102 250
102 255
102 256
103 105
103 111
103 114
103 119
103 123
103 126
103 128
103 130
103 131
103 135
103 138
103 140
103 145
103 147
103 149
103 152
103 155
103 156
103 162
103 170
103 171
103 172
103 175
103 178
103 180
103 182
103 186
103 190
103 193
103 196
103 201
103 202
103 203
103 205
103 208
103 209
103 228
103 229
103 231
103 233
103 234
103 236
103 237
103 238
103 245
103 250
103 251
103 253
103 254
104 108
104 112
104 114
104 129
104 132
104 141
104 145
104 151
104 156
104 167
104 169
104 170
104 171
104 175
104 176
104 181
104 187
104 189
104 195
104 197
104 203
104 204
104 215
104 221
104 228
104 230
104 236
104 237
104 238
104 243
104 245
104 253
104 254
104 255
105 106
105 108
105 109
105 113
105 118
105 120
105 125
105 137
105 139
105 143
105 152
105 153
105 154
105 155
105 156
105 157
105 160
105 164
105 172
105 174
105 179
105 188
105 190
105 192
105 195
105 196
105 199
105 205
105 209
105 215
105 218
105 219
105 224
105 227
105 228
105 230
105 231
105 240
105 243
105 250
105 255
106 114
106 115
106 116
106 121
106 122
106 123
106 127
106 128
106 129
106 130
106 152
106 153
106 156
106 160
106 163
106 167
106 174
106 175
106 183
106 184
106 185
106 190
106 203
106 204
106 206
106 209
106 212
106 217
106 218
106 223
106 224
106 236
106 244
106 246
106 255
107 110
107 112
107 117
107 118
107 120
107 121
107 126
107 127
107 130
107 134
107 138
107 140
107 151
107 152
107 158
107 169
107 175
107 178
107 182
107 185
107 190
107 194
107 197
107 199
107 208
107 215
107 231
107 233
107 235
107 236
107 245
107 249
108 109
108 111
108 114
108 119
108 123
108 129
108 130
108 139
108 140
108 144
108 147
108 148
108 149
108 154
108 156
108 161
108 162
108 167
108 168
108 178
108 193
108 203
108 215
108 217
108 220
108 221
108 223
108 224
108 225
108 234
108 235
108 239
108 245
108 250
108 256
109 110
109 111
109 124
109 125
109 129
109 131
109 134
109 138
109 144
109 150
109 151
109 153
109 154
109 155
109 164
109 167
109 168
109 177
109 181
109 182
109 196
109 199
109 202
109 206
109 210
109 213
109 217
109 218
109 227
109 232
109 234
109 243
109 251
109 252
109 255
110 117
110 119
110 129
110 138
110 139
110 144
110 145
110 147
110 149
110 150
110 162
110 166
110 168
110 169
110 173
110 176
110 178
110 185
110 191
110 192
110 195
110 196
110 199
110 203
110 207
110 208
110 209
110 211
110 217
110 219
110 226
110 237
110 239
110 241
110 244
110 245
110 249
110 250
111 112
111 114
111 121
111 139
111 140
111 143
111 146
111 149
111 151
111 155
111 161
111 170
111 172
111 175
111 176
111 179
111 187
111 189
111 193
111 195
111 198
111 199
111 201
111 204
111 205
111 212
111 218
111 223
111 226
111 227
111 231
111 233
111 235
111 241
111 246
111 247
111 248
111 251
111 255
112 113
112 115
112 120
112 121
112 125
112 126
112 127
112 135
112 147
112 149
112 151
112 164
112 165
112 170
112 181
112 182
112 189
112 190
112 196
112 198
112 201
112 203
112 204
112 211
112 214
112 216
112 233
112 236
112 240
112 241
112 243
112 252
113 119
113 120
113 122
113 126
113 128
113 130
113 134
113 135
113 143
113 145
113 150
113 152
113 154
113 162
113 166
113 173
113 176
113 179
113 180
113 185
113 190
113 192
113 195
113 196
113 200
113 202
113 205
113 206
113 208
113 213
113 216
113 221
113 233
113 236
113 241
113 242
113 245
113 246
113 252
113 253
113 256
114 116
114 119
114 120
114 128
114 139
114 140
114 141
114 144
114 157
114 158
114 159
114 160
114 170
114 174
114 175
114 177
114 179
114 184
114 188
114 194
114 197
114 201
114 203
114 207
114 209
114 218
114 221
114 224
114 225
114 227
114 234
114 245
114 247
114 250
114 253
115 116
115 120
115 122
115 124
115 125
115 126
115 129
115 130
115 133
115 134
115 135
115 141
115 143
115 144
115 145
115 149
115 150
115 157
115 161
115 168
115 169
115 173
115 176
115 177
115 178
115 180
115 189
115 195
115 201
115 208
115 209
115 210
115 211
115 215
115 216
115 217
115 222
115 226
115 229
115 230
115 232
115 233
115 235
115 238
115 245
115 250
115 251
115 256
116 117
116 119
116 118
116 121
116 122
116 124
116 126
116 130
116 137
116 140
116 142
116 145
116 147
116 152
116 157
116 159
116 161
116 163
116 167
116 169
116 174
116 181
116 185
116 186
116 193
116 196
116 197
116 199
116 208
116 210
116 217
116 221
116 232
116 234
116 235
116 242
116 244
116 245
116 252
116 256
117 118
117 121
117 126
117 127
117 136
117 140
117 141
117 167
117 168
117 170
117 179
117 186
117 199
117 207
117 212
117 214
117 216
117 222
117 235
117 238
117 241
117 252
117 254
117 255
118 125
118 127
118 130
118 136
118 138
118 139
118 144
118 145
118 147
118 148
118 149
118 157
118 159
118 163
118 175
118 176
118 182
118 185
118 187
118 196
118 202
118 206
118 207
118 209
118 212
118 215
118 219
118 227
118 236
118 238
118 240
118 241
118 242
118 248
118 250
118 252
118 254
118 255
118 256
119 121
119 123
119 125
119 127
119 141
119 144
119 147
119 151
119 152
119 159
119 167
119 169
119 170
119 173
119 176
119 180
119 183
119 191
119 197
119 200
119 203
119 208
119 212
119 221
119 229
119 231
119 238
119 246
119 252
119 254
120 121
120 122
120 130
120 135
120 137
120 140
120 153
120 161
120 168
120 173
120 174
120 175
120 176
120 177
120 186
120 193
120 195
120 199
120 202
120 207
120 213
120 215
120 220
120 222
120 227
120 230
120 233
120 239
120 241
120 242
120 245
120 254
121 122
121 123
121 128
121 134
121 137
121 138
121 142
121 145
121 152
121 156
121 164
121 172
121 181
121 191
121 193
121 196
121 199
121 203
121 207
121 211
121 216
121 220
121 225
121 228
121 235
121 241
121 242
121 244
121 245
121 252
121 254
121 255
122 123
122 127
122 128
122 129
122 130
122 134
122 137
122 140
122 150
122 161
122 163
122 164
122 167
122 170
122 171
122 172
122 174
122 186
122 187
122 190
122 192
122 195
122 204
122 207
122 214
122 218
122 229
122 235
122 237
122 241
122 255
123 124
123 126
123 136
123 139
123 143
123 144
123 146
123 153
123 159
123 178
123 185
123 186
123 190
123 191
123 192
123 195
123 200
123 201
123 214
123 216
123 217
123 218
123 228
123 229
123 230
123 237
123 239
123 248
123 251
123 256
124 125
124 132
124 133
124 138
124 147
124 149
124 150
124 151
124 152
124 155
124 156
124 157
124 160
124 162
124 163
124 164
124 166
124 169
124 171
124 182
124 188
124 191
124 195
124 196
124 198
124 214
124 226
124 232
124 234
124 240
124 243
124 250
124 251
124 254
125 126
125 129
125 131
125 133
125 134
125 136
125 140
125 144
125 150
125 153
125 154
125 160
125 161
125 163
125 168
125 173
125 183
125 191
125 195
125 199
125 201
125 207
125 211
125 214
125 217
125 220
125 221
125 223
125 227
125 233
125 235
125 240
125 243
125 244
125 245
126 130
126 134
126 146
126 149
126 157
126 159
126 176
126 178
126 179
126 185
126 190
126 203
126 205
126 207
126 219
126 220
126 226
126 229
126 231
126 234
126 237
126 238
126 252
127 128
127 131
127 132
127 137
127 143
127 145
127 155
127 157
127 159
127 165
127 174
127 176
127 177
127 179
127 183
127 194
127 195
127 196
127 197
127 207
127 208
127 215
127 225
127 226
127 231
127 232
127 235
127 236
127 238
127 240
127 242
127 250
127 254
127 255
128 134
128 136
128 139
128 141
128 142
128 145
128 146
128 148
128 150
128 151
128 153
128 154
128 160
128 164
128 165
128 169
128 175
128 177
128 180
128 185
128 189
128 191
128 197
128 202
128 209
128 218
128 223
128 234
128 244
128 245
128 254
128 255
129 133
129 135
129 137
129 140
129 144
129 151
129 152
129 153
129 156
129 164
129 168
129 169
129 170
129 178
129 181
129 188
129 192
129 196
129 199
129 202
129 209
129 210
129 211
129 214
129 219
129 224
129 231
129 233
129 242
129 245
129 249
129 251
129 254
130 131
130 163
130 179
130 187
130 191
130 193
130 136
130 137
130 139
130 148
130 155
130 157
130 159
130 160
130 174
130 185
130 186
130 188
130 192
130 200
130 211
130 228
130 229
130 233
130 235
130 242
130 246
130 247
130 251
130 252
130 253
130 256
131 132
131 148
131 156
131 160
131 162
131 133
131 141
131 144
131 147
131 153
131 167
131 169
131 176
131 184
131 191
131 204
131 210
131 211
131 214
131 218
131 222
131 232
131 233
131 234
131 236
131 238
131 240
131 249
132 133
132 141
132 145
132 147
132 137
132 139
132 142
132 158
132 160
132 161
132 171
132 177
132 181
132 185
132 189
132 192
132 193
132 198
132 204
132 206
132 208
132 211
132 222
132 224
132 226
132 235
132 237
132 249
132 251
132 252
132 253
132 256
133 134
133 138
133 140
133 137
133 142
133 144
133 145
133 158
133 175
133 182
133 188
133 190
133 191
133 194
133 195
133 199
133 201
133 211
133 212
133 214
133 216
133 218
133 224
133 225
133 229
133 230
133 232
133 234
133 247
133 253
133 254
134 135
134 137
134 141
134 143
134 149
134 152
134 155
134 156
134 157
134 158
134 173
134 180
134 183
134 186
134 191
134 203
134 214
134 220
134 221
134 229
134 230
134 235
134 238
134 239
134 251
134 255
134 256
135 136
135 137
135 144
135 148
135 150
135 160
135 163
135 170
135 172
135 178
135 184
135 205
135 206
135 208
135 211
135 213
135 221
135 226
135 230
135 232
135 233
135 236
135 243
135 244
135 249
135 250
135 253
135 254
136 140
136 142
136 153
136 155
136 157
136 160
136 162
136 168
136 170
136 171
136 173
136 183
136 184
136 197
136 200
136 210
136 219
136 222
136 226
136 234
136 236
136 238
136 242
136 247
136 249
137 139
137 148
137 151
137 152
137 154
137 167
137 173
137 178
137 182
137 200
137 201
137 209
137 212
137 214
137 217
137 222
137 224
137 225
137 229
137 230
137 234
137 237
137 247
137 251
137 255
138 139
138 141
138 142
138 144
138 145
138 146
138 152
138 161
138 164
138 170
138 173
138 175
138 184
138 193
138 197
138 199
138 200
138 202
138 203
138 209
138 213
138 215
138 220
138 221
138 223
138 232
138 236
138 241
138 252
138 253
138 254
138 256
139 145
139 147
139 149
139 153
139 154
139 167
139 176
139 179
139 183
139 187
139 193
139 195
139 196
139 201
139 202
139 205
139 206
139 219
139 225
139 241
139 245
139 247
139 249
139 250
139 251
139 255
140 143
140 145
140 148
140 151
140 153
140 161
140 162
140 165
140 168
140 172
140 173
140 185
140 191
140 192
140 200
140 204
140 207
140 210
140 211
140 212
140 214
140 215
140 216
140 223
140 227
140 229
140 231
140 236
140 242
140 246
141 142
141 144
141 147
141 153
141 154
141 155
141 164
141 165
141 169
141 173
141 174
141 180
141 181
141 184
141 186
141 187
141 193
141 197
141 200
141 209
141 210
141 213
141 214
141 219
141 220
141 224
141 226
141 243
141 245
141 251
141 256
142 143
142 144
142 146
142 147
142 148
142 149
142 153
142 157
142 159
142 162
142 165
142 168
142 169
142 173
142 175
142 176
142 184
142 188
142 193
142 194
142 195
142 200
142 201
142 210
142 211
142 212
142 214
142 217
142 220
142 221
142 229
142 232
142 239
142 242
142 243
142 246
142 247
142 249
143 147
143 148
143 149
143 151
143 153
143 159
143 161
143 162
143 166
143 175
143 176
143 177
143 178
143 179
143 181
143 184
143 186
143 195
143 209
143 210
143 218
143 220
143 225
143 229
143 231
143 233
143 243
143 254
143 255
144 148
144 149
144 150
144 152
144 156
144 168
144 170
144 178
144 179
144 183
144 185
144 186
144 193
144 199
144 201
144 209
144 214
144 218
144 223
144 227
144 228
144 232
144 239
144 241
144 243
144 250
144 254
145 146
145 149
145 152
145 157
145 158
145 162
145 163
145 164
145 172
145 182
145 185
145 186
145 189
145 191
145 200
145 209
145 219
145 222
145 224
145 227
145 228
145 236
145 242
146 147
146 151
146 152
146 154
146 162
146 165
146 167
146 174
146 176
146 179
146 186
146 190
146 196
146 197
146 201
146 204
146 206
146 209
146 214
146 216
146 218
146 219
146 223
146 224
146 225
146 229
146 231
146 234
146 240
146 243
146 244
146 245
146 247
146 253
147 149
147 152
147 153
147 154
147 155
147 157
147 159
147 173
147 177
147 179
147 180
147 185
147 187
147 201
147 203
147 213
147 220
147 226
147 232
147 233
147 236
147 237
147 238
147 239
147 242
147 244
147 252
147 255
147 256
148 149
148 153
148 155
148 152
148 156
148 157
148 162
148 170
148 172
148 175
148 176
148 180
148 181
148 182
148 183
148 184
148 186
148 190
148 191
148 192
148 199
148 201
148 206
148 210
148 211
148 223
148 227
148 232
148 233
148 234
148 238
148 239
148 242
148 243
148 245
148 246
148 247
148 250
148 255
149 150
149 152
149 151
149 156
149 160
149 164
149 169
149 173
149 174
149 177
149 178
149 183
149 187
149 190
149 199
149 202
149 207
149 210
149 211
149 212
149 217
149 227
149 237
149 238
149 239
149 240
149 243
149 244
149 248
149 249
150 151
150 154
150 158
150 161
150 164
150 178
150 191
150 194
150 196
150 199
150 201
150 204
150 206
150 207
150 210
150 216
150 219
150 220
150 223
150 228
150 229
150 236
150 238
150 241
150 244
150 245
150 249
151 160
151 169
151 170
151 177
151 182
151 185
151 193
151 196
151 198
151 208
151 212
151 216
151 218
151 227
151 234
151 244
151 245
151 253
151 254
152 157
152 160
152 162
152 165
152 167
152 171
152 177
152 180
152 181
152 183
152 186
152 187
152 188
152 189
152 195
152 201
152 202
152 203
152 205
152 207
152 215
152 229
152 239
152 243
152 246
152 248
152 255
152 256
153 154
153 161
153 163
153 164
153 165
153 176
153 183
153 184
153 185
153 189
153 198
153 199
153 201
153 202
153 205
153 208
153 213
153 214
153 217
153 232
153 235
153 237
153 239
153 240
153 245
153 247
153 248
153 249
153 251
153 252
153 255
153 256
154 160
154 168
154 170
154 181
154 182
154 193
154 203
154 213
154 219
154 222
154 223
154 228
154 230
154 231
154 244
154 248
154 250
155 156
155 160
155 162
155 164
155 167
155 168
155 170
155 171
155 172
155 176
155 177
155 179
155 182
155 183
155 185
155 186
155 189
155 195
155 197
155 200
155 202
155 206
155 211
155 212
155 213
155 215
155 235
155 236
155 238
155 242
155 246
155 248
155 250
155 254
156 157
156 159
156 160
156 163
156 164
156 165
156 167
156 172
156 173
156 176
156 177
156 178
156 185
156 192
156 196
156 197
156 202
156 203
156 205
156 210
156 211
156 219
156 224
156 232
156 240
156 242
156 244
156 250
156 251
156 252
157 158
157 159
157 162
157 164
157 167
157 173
157 178
157 181
157 182
157 184
157 192
157 194
157 197
157 202
157 206
157 209
157 210
157 214
157 221
157 222
157 224
157 226
157 228
157 230
157 231
157 239
157 243
157 244
157 246
157 248
157 250
157 252
158 160
158 164
158 167
158 170
158 175
158 177
158 185
158 186
158 194
158 197
158 208
158 212
158 213
158 220
158 222
158 223
158 226
158 228
158 229
158 231
158 238
158 240
158 242
158 243
158 244
158 245
158 247
158 249
159 163
159 165
159 171
159 174
159 181
159 183
159 186
159 189
159 191
159 195
159 196
159 198
159 203
159 204
159 206
159 214
159 217
159 218
159 219
159 237
159 238
159 254
160 161
160 163
160 166
160 170
160 174
160 178
160 185
160 196
160 198
160 204
160 209
160 210
160 212
160 218
160 224
160 227
160 228
160 240
160 241
160 242
160 243
160 246
160 247
160 249
160 250
160 251
160 253
161 163
161 164
161 166
161 167
161 169
161 182
161 185
161 188
161 191
161 192
161 195
161 200
161 201
161 202
161 209
161 212
161 217
161 220
161 230
161 232
161 243
161 249
161 252
162 167
162 168
162 170
162 172
162 173
162 178
162 183
162 186
162 187
162 194
162 195
162 196
162 201
162 202
162 205
162 209
162 214
162 217
162 228
162 230
162 239
162 240
162 241
162 243
162 248
162 250
163 164
163 172
163 176
163 178
163 166
163 168
163 169
163 171
163 173
163 177
163 181
163 188
163 195
163 197
163 199
163 201
163 202
163 211
163 212
163 216
163 219
163 223
163 227
163 229
163 240
163 242
163 249
163 252
163 255
164 165
164 169
164 171
164 166
164 167
164 168
164 189
164 198
164 199
164 200
164 201
164 205
164 206
164 210
164 216
164 218
164 228
164 231
164 236
164 239
164 240
164 249
164 250
165 166
165 168
165 170
165 171
165 172
165 176
165 182
165 184
165 191
165 196
165 198
165 203
165 206
165 207
165 209
165 211
165 221
165 225
165 228
165 230
165 234
165 244
165 248
165 249
165 252
166 167
166 168
166 177
166 182
166 190
166 194
166 196
166 197
166 198
166 199
166 201
166 202
166 203
166 204
166 205
166 232
166 237
166 240
166 244
166 249
167 168
167 171
167 175
167 176
167 182
167 185
167 192
167 194
167 197
167 202
167 203
167 205
167 207
167 211
167 212
167 217
167 220
167 226
167 237
167 238
167 239
167 240
167 243
167 244
167 245
167 247
167 248
167 250
168 170
168 173
168 176
168 178
168 181
168 182
168 184
168 188
168 192
168 195
168 200
168 208
168 213
168 218
168 220
168 221
168 228
168 229
168 236
168 242
168 243
168 245
168 247
168 249
168 252
169 170
169 172
169 177
169 178
169 179
169 181
169 183
169 189
169 190
169 193
169 206
169 207
169 220
169 223
169 227
169 247
169 248
169 255
170 171
170 175
170 178
170 182
170 186
170 187
170 197
170 198
170 201
170 212
170 213
170 214
170 219
170 220
170 224
170 227
170 229
170 236
170 240
170 250
171 172
171 174
171 177
171 192
171 193
171 194
171 197
171 212
171 220
171 223
171 230
171 232
171 243
171 246
171 247
171 254
172 173
172 175
172 182
172 185
172 186
172 191
172 194
172 200
172 206
172 216
172 220
172 221
172 224
172 226
172 227
172 234
172 236
172 243
172 248
172 249
172 256
173 174
173 183
173 189
173 191
173 192
173 198
173 201
173 202
173 203
173 226
173 234
173 235
173 237
173 238
173 240
173 242
173 248
173 253
173 256
174 178
174 180
174 183
174 193
174 195
174 197
174 200
174 205
174 206
174 207
174 215
174 222
174 223
174 229
174 232
174 244
174 248
174 251
174 254
174 256
175 176
175 177
175 182
175 191
175 192
175 198
175 210
175 213
175 218
175 222
175 231
175 236
175 239
175 240
175 243
175 248
175 252
176 177
176 179
176 182
176 183
176 191
176 195
176 199
176 200
176 215
176 216
176 218
176 226
176 232
176 234
176 239
176 240
176 242
176 244
176 246
176 251
176 252
177 180
177 185
177 187
177 189
177 190
177 194
177 209
177 213
177 214
177 221
177 230
177 238
177 252
178 183
178 188
178 189
178 191
178 195
178 197
178 209
178 210
178 219
178 220
178 222
178 224
178 229
178 236
178 240
178 244
178 250
179 180
179 184
179 186
179 181
179 182
179 187
179 193
179 195
179 198
179 204
179 207
179 209
179 212
179 214
179 224
179 228
179 229
179 234
179 235
179 238
179 242
179 246
179 247
179 248
179 250
179 252
180 181
180 183
180 191
180 192
180 194
180 201
180 207
180 210
180 211
180 215
180 220
180 227
180 234
180 244
180 246
180 251
181 182
181 184
181 188
181 191
181 198
181 201
181 209
181 220
181 222
181 227
181 228
181 238
181 250
181 255
182 185
182 186
182 188
182 189
182 193
182 194
182 200
182 201
182 202
182 206
182 207
182 211
182 215
182 226
182 231
182 233
182 234
182 239
182 244
182 247
182 253
183 185
183 187
183 189
183 195
183 197
183 201
183 202
183 211
183 212
183 213
183 214
183 215
183 216
183 220
183 221
183 226
183 230
183 232
183 248
183 252
183 253
183 254
183 255
184 185
184 188
184 191
184 194
184 195
184 197
184 198
184 201
184 202
184 205
184 208
184 210
184 213
184 217
184 223
184 227
184 234
184 238
184 240
184 241
184 248
185 187
185 188
185 189
185 190
185 211
185 218
185 221
185 225
185 227
185 228
185 229
185 240
185 252
186 190
186 198
186 205
186 215
186 218
186 219
186 222
186 225
186 229
186 238
186 240
186 247
186 250
187 188
187 190
187 192
187 197
187 198
187 200
187 203
187 204
187 206
187 208
187 209
187 221
187 225
187 228
187 236
187 237
187 241
187 243
187 248
187 250
187 254
188 189
188 192
188 193
188 194
188 195
188 196
188 197
188 203
188 206
188 211
188 213
188 216
188 217
188 226
188 233
188 235
188 239
188 246
188 252
188 253
188 255
189 192
189 196
189 204
189 205
189 206
189 207
189 210
189 215
189 221
189 223
189 224
189 227
189 228
189 231
189 232
189 242
189 245
189 252
189 253
189 255
190 199
190 200
190 207
190 213
190 214
190 217
190 218
190 221
190 225
190 227
190 236
190 252
190 253
191 192
191 194
191 195
191 197
191 198
191 200
191 203
191 204
191 206
191 208
191 210
191 216
191 221
191 223
191 233
191 239
191 240
191 247
191 248
192 193
192 196
192 197
192 200
192 203
192 204
192 208
192 214
192 216
192 220
192 223
192 228
192 231
192 232
192 239
192 240
192 243
192 249
192 250
192 255
193 195
193 205
193 206
193 207
193 212
193 213
193 214
193 215
193 220
193 223
193 224
193 225
193 231
193 238
193 242
193 253
194 195
194 211
194 219
194 223
194 225
194 203
194 205
194 206
194 207
194 215
194 216
194 218
194 222
194 224
194 229
194 235
194 238
194 243
195 196
195 204
195 208
195 210
195 203
195 211
195 212
195 213
195 216
195 217
195 218
195 219
195 222
195 227
195 230
195 233
195 235
195 246
195 250
195 254
196 197
196 201
196 203
196 200
196 204
196 205
196 206
196 207
196 210
196 214
196 225
196 227
196 234
196 236
196 237
196 240
196 245
196 254
197 198
197 200
197 199
197 202
197 207
197 208
197 211
197 212
197 216
197 218
197 225
197 228
197 236
197 239
197 240
197 243
197 244
197 247
197 250
198 199
198 202
198 206
198 207
198 211
198 213
198 220
198 221
198 238
198 241
198 242
198 249
198 251
198 252
198 256
199 204
199 207
199 208
199 210
199 211
199 212
199 214
199 220
199 222
199 223
199 229
199 242
199 245
199 247
199 253
199 255
200 204
200 209
200 211
200 222
200 223
200 231
200 237
200 240
200 241
200 248
201 202
201 209
201 220
201 224
201 230
201 233
201 234
201 237
201 239
201 241
201 245
201 256
202 203
202 207
202 208
202 216
202 223
202 225
202 236
202 239
202 241
202 244
202 245
202 246
202 248
202 250
202 255
203 204
203 205
203 208
203 214
203 225
203 227
203 233
203 237
203 243
203 245
203 246
204 205
204 207
204 212
204 225
204 227
204 231
204 234
204 237
204 238
204 240
204 241
204 246
204 255
204 256
205 206
205 209
205 213
205 214
205 224
205 236
205 237
205 238
205 241
205 242
205 245
205 247
205 248
205 252
205 253
205 256
206 209
206 210
206 211
206 212
206 223
206 228
206 236
206 237
206 245
206 252
206 254
207 214
207 215
207 216
207 218
207 220
207 221
207 222
207 229
207 233
207 236
207 243
207 246
207 250
208 209
208 212
208 217
208 220
208 221
208 227
208 231
208 245
208 247
208 256
209 225
209 227
209 230
209 231
209 232
209 234
209 237
209 238
209 241
209 242
209 243
209 245
209 248
209 249
209 250
209 252
209 253
209 254
210 215
210 220
210 223
210 229
210 230
210 231
210 237
210 240
210 242
210 252
210 254
210 256
211 212
211 216
211 218
211 219
211 221
211 227
211 247
211 248
211 254
211 256
212 213
212 215
212 222
212 223
212 229
212 248
212 249
212 250
212 251
213 214
213 216
213 217
213 219
213 229
213 230
213 244
213 248
214 219
214 223
214 228
214 229
214 233
214 235
214 243
214 253
214 254
215 219
215 225
215 226
215 239
215 247
215 252
216 217
216 223
216 224
216 226
216 227
216 229
216 232
216 235
216 237
216 245
216 250
216 251
216 253
217 218
217 219
217 226
217 230
217 234
217 243
217 246
217 252
217 254
218 222
218 232
218 233
218 234
218 239
218 241
218 247
218 249
218 251
218 256
219 220
219 222
219 223
219 232
219 235
219 238
219 241
219 248
219 249
219 252
220 221
220 232
220 242
220 243
220 251
220 252
221 235
221 239
221 250
221 251
221 254
221 256
222 241
222 243
222 244
222 245
222 247
222 250
222 252
222 253
223 224
223 228
223 236
223 237
223 238
223 240
223 243
223 245
223 248
223 251
223 253
224 227
224 230
224 231
224 234
224 236
224 244
224 248
224 251
224 254
224 255
225 230
225 250
225 252
225 256
226 227
226 235
226 239
226 241
226 236
226 240
226 242
226 245
226 247
227 228
227 232
227 234
227 230
227 231
227 233
227 235
227 248
227 250
227 254
227 255
228 229
228 231
228 230
228 240
228 243
228 246
229 230
229 235
229 240
229 242
229 248
229 249
230 233
230 235
230 236
230 238
230 256
231 245
231 246
231 248
231 249
232 233
232 236
232 237
232 248
232 250
232 252
232 255
233 238
233 242
233 245
233 248
233 249
233 252
233 254
234 242
234 245
234 250
234 253
234 254
234 256
235 236
235 238
235 237
235 239
235 245
235 248
235 256
236 237
236 241
236 248
236 251
236 254
237 238
237 240
237 250
237 255
238 248
238 250
238 251
239 240
239 241
239 242
239 243
239 244
239 245
239 251
239 255
240 244
240 252
241 242
241 243
241 246
241 247
241 248
241 250
241 251
241 253
241 255
242 243
242 247
242 249
242 248
242 253
242 254
243 244
243 246
243 245
243 248
243 253
243 254
244 245
244 250
244 251
244 254
245 247
245 249
245 252
246 250
246 251
246 252
246 253
247 248
247 251
247 252
248 253
249 253
250 251
250 253
251 252
251 256
252 255
253 256
254 255
254 256
1
