256 1 6691
1 2
1 130
1 194
1 226
1 242
1 250
1 254
1 256
1 4
1 8
1 11
1 24
1 28
1 30
1 52
1 53
1 61
1 64
1 65
1 67
1 70
1 74
1 86
1 91
1 96
1 99
1 100
1 103
1 104
1 122
1 125
1 127
1 131
1 136
1 138
1 148
1 149
1 150
1 153
1 156
1 157
1 160
1 163
1 167
1 174
1 177
1 182
1 188
1 191
1 203
1 206
1 209
1 211
1 216
1 217
1 223
1 225
1 229
1 233
1 236
1 237
1 238
1 239
1 241
1 245
1 249
1 252
1 253
2 3
2 67
2 99
2 115
2 123
2 127
2 129
2 6
2 13
2 20
2 35
2 36
2 43
2 45
2 57
2 64
2 73
2 75
2 79
2 80
2 81
2 90
2 96
2 103
2 107
2 110
2 112
2 124
2 128
2 144
2 145
2 155
2 156
2 161
2 182
2 186
2 192
2 195
2 200
2 211
2 222
2 231
2 233
2 234
2 244
2 246
2 247
3 4
3 36
3 52
3 60
3 64
3 66
3 18
3 22
3 24
3 25
3 42
3 45
3 50
3 54
3 61
3 77
3 84
3 88
3 92
3 95
3 99
3 104
3 105
3 109
3 112
3 116
3 117
3 118
3 123
3 128
3 135
3 145
3 149
3 151
3 152
3 163
3 165
3 174
3 177
3 187
3 200
3 201
3 218
3 227
3 239
3 241
3 248
4 5
4 21
4 29
4 33
4 35
4 7
4 14
4 43
4 47
4 51
4 53
4 57
4 76
4 78
4 81
4 82
4 85
4 87
4 91
4 92
4 95
4 98
4 99
4 105
4 113
4 121
4 125
4 131
4 132
4 133
4 136
4 139
4 140
4 148
4 154
4 155
4 163
4 165
4 166
4 170
4 173
4 174
4 181
4 192
4 199
4 202
4 209
4 210
4 215
4 216
4 217
4 219
4 223
4 230
4 234
4 237
4 246
4 254
4 255
5 6
5 14
5 18
5 20
5 7
5 8
5 16
5 17
5 22
5 23
5 26
5 30
5 31
5 36
5 54
5 58
5 60
5 61
5 68
5 71
5 76
5 78
5 79
5 80
5 85
5 86
5 88
5 94
5 100
5 103
5 111
5 120
5 121
5 124
5 133
5 135
5 136
5 138
5 139
5 147
5 148
5 149
5 151
5 159
5 161
5 165
5 168
5 169
5 174
5 175
5 176
5 178
5 181
5 186
5 190
5 192
5 196
5 197
5 201
5 212
5 213
5 225
5 229
5 237
5 243
5 255
6 7
6 11
6 13
6 26
6 32
6 33
6 35
6 39
6 45
6 53
6 54
6 58
6 64
6 65
6 69
6 70
6 75
6 76
6 77
6 84
6 85
6 86
6 87
6 96
6 101
6 102
6 104
6 107
6 110
6 112
6 118
6 119
6 122
6 125
6 135
6 136
6 139
6 140
6 157
6 160
6 165
6 166
6 168
6 171
6 176
6 185
6 186
6 189
6 191
6 193
6 199
6 205
6 217
6 218
6 225
7 8
7 10
7 12
7 24
7 30
7 32
7 34
7 41
7 46
7 49
7 53
7 57
7 68
7 77
7 81
7 82
7 83
7 86
7 95
7 103
7 112
7 134
7 136
7 141
7 143
7 144
7 146
7 151
7 154
7 158
7 161
7 169
7 170
7 175
7 176
7 177
7 180
7 184
7 191
7 193
7 194
7 196
7 203
7 205
7 206
7 212
7 214
7 216
7 218
7 221
7 224
7 230
7 235
7 240
7 251
8 9
8 18
8 26
8 30
8 31
8 32
8 33
8 34
8 48
8 53
8 55
8 56
8 61
8 66
8 79
8 86
8 105
8 110
8 115
8 123
8 128
8 134
8 139
8 152
8 153
8 162
8 174
8 175
8 176
8 179
8 180
8 186
8 191
8 195
8 196
8 203
8 210
8 216
8 219
8 224
8 227
8 232
8 233
8 234
8 237
8 248
8 249
8 254
9 22
9 24
9 25
9 27
9 30
9 33
9 38
9 41
9 45
9 49
9 51
9 52
9 53
9 57
9 66
9 67
9 71
9 76
9 88
9 90
9 103
9 116
9 118
9 119
9 121
9 122
9 130
9 135
9 137
9 140
9 143
9 145
9 149
9 153
9 157
9 158
9 161
9 165
9 171
9 172
9 181
9 196
9 197
9 202
9 203
9 206
9 211
9 213
9 215
9 218
9 222
9 250
9 253
9 254
10 14
10 15
10 22
10 25
10 31
10 40
10 41
10 45
10 52
10 53
10 56
10 63
10 64
10 67
10 72
10 73
10 83
10 84
10 89
10 92
10 100
10 104
10 108
10 112
10 118
10 120
10 122
10 123
10 128
10 129
10 144
10 145
10 147
10 148
10 150
10 154
10 157
10 158
10 165
10 170
10 175
10 187
10 192
10 193
10 195
10 198
10 201
10 202
10 203
10 205
10 208
10 211
10 213
10 215
10 222
10 232
10 236
10 246
10 254
10 256
11 12
11 13
11 16
11 27
11 32
11 35
11 37
11 44
11 46
11 49
11 50
11 57
11 59
11 61
11 71
11 72
11 78
11 82
11 84
11 88
11 91
11 93
11 94
11 98
11 102
11 105
11 109
11 111
11 114
11 125
11 128
11 130
11 138
11 144
11 151
11 152
11 162
11 163
11 169
11 172
11 174
11 178
11 180
11 183
11 188
11 189
11 190
11 197
11 201
11 203
11 206
11 215
11 217
11 218
11 220
11 232
11 233
11 237
11 238
11 242
11 245
12 16
12 23
12 24
12 32
12 42
12 48
12 49
12 58
12 68
12 77
12 79
12 84
12 87
12 96
12 103
12 106
12 111
12 126
12 129
12 133
12 140
12 142
12 148
12 154
12 158
12 162
12 167
12 169
12 190
12 191
12 198
12 201
12 209
12 228
12 241
12 243
12 248
12 250
12 254
13 14
13 27
13 32
13 34
13 43
13 47
13 52
13 53
13 57
13 58
13 61
13 62
13 64
13 77
13 79
13 85
13 88
13 102
13 107
13 111
13 114
13 115
13 127
13 130
13 137
13 154
13 157
13 158
13 168
13 170
13 171
13 174
13 178
13 184
13 191
13 204
13 213
13 222
13 223
13 227
13 228
13 231
13 235
13 236
13 239
13 254
13 255
14 15
14 17
14 16
14 18
14 27
14 30
14 31
14 43
14 53
14 56
14 59
14 71
14 81
14 86
14 87
14 92
14 95
14 98
14 99
14 101
14 113
14 116
14 118
14 127
14 133
14 134
14 137
14 139
14 141
14 152
14 170
14 174
14 184
14 195
14 202
14 203
14 213
14 219
14 227
14 229
14 233
14 236
14 247
14 250
15 16
15 19
15 22
15 26
15 28
15 29
15 37
15 38
15 40
15 41
15 47
15 56
15 64
15 68
15 70
15 72
15 74
15 94
15 95
15 96
15 100
15 101
15 103
15 107
15 110
15 123
15 126
15 138
15 143
15 148
15 156
15 158
15 159
15 160
15 165
15 177
15 178
15 179
15 185
15 188
15 189
15 193
15 197
15 211
15 221
15 227
15 233
15 238
15 239
15 246
15 252
15 254
15 255
16 17
16 19
16 21
16 29
16 34
16 45
16 49
16 52
16 54
16 56
16 73
16 74
16 76
16 79
16 81
16 83
16 86
16 93
16 94
16 103
16 110
16 111
16 114
16 117
16 119
16 125
16 154
16 156
16 157
16 164
16 167
16 168
16 170
16 171
16 172
16 178
16 180
16 181
16 182
16 187
16 190
16 198
16 204
16 213
16 214
16 220
16 222
16 235
16 236
16 237
16 243
16 245
16 255
17 21
17 23
17 26
17 29
17 37
17 39
17 47
17 53
17 64
17 69
17 71
17 78
17 80
17 83
17 96
17 98
17 99
17 104
17 109
17 112
17 117
17 120
17 129
17 137
17 139
17 143
17 155
17 165
17 166
17 170
17 175
17 179
17 184
17 188
17 191
17 202
17 206
17 209
17 219
17 226
17 237
17 244
17 247
17 256
18 19
18 22
18 32
18 36
18 43
18 69
18 71
18 72
18 82
18 85
18 86
18 93
18 97
18 100
18 101
18 103
18 109
18 115
18 122
18 124
18 125
18 129
18 136
18 137
18 146
18 149
18 150
18 158
18 159
18 167
18 168
18 175
18 184
18 187
18 197
18 211
18 213
18 219
18 223
18 228
18 234
18 238
18 253
19 20
19 45
19 47
19 50
19 51
19 53
19 55
19 60
19 61
19 75
19 85
19 87
19 88
19 93
19 94
19 102
19 103
19 107
19 109
19 113
19 118
19 120
19 128
19 133
19 137
19 153
19 160
19 162
19 169
19 174
19 179
19 188
19 190
19 191
19 200
19 208
19 217
19 236
19 243
19 247
20 24
20 26
20 28
20 32
20 33
20 39
20 46
20 52
20 56
20 57
20 68
20 75
20 79
20 89
20 94
20 95
20 96
20 104
20 107
20 109
20 110
20 111
20 118
20 122
20 128
20 131
20 133
20 142
20 143
20 144
20 145
20 148
20 149
20 152
20 156
20 157
20 164
20 172
20 184
20 189
20 190
20 191
20 199
20 204
20 210
20 219
20 222
20 223
20 226
20 229
20 231
20 232
20 234
20 235
20 248
20 251
20 253
21 22
21 26
21 28
21 29
21 31
21 37
21 39
21 43
21 44
21 49
21 52
21 60
21 62
21 63
21 78
21 90
21 94
21 95
21 103
21 107
21 113
21 114
21 115
21 117
21 126
21 128
21 129
21 142
21 147
21 156
21 161
21 164
21 165
21 167
21 170
21 172
21 175
21 190
21 201
21 206
21 207
21 209
21 220
21 229
21 231
21 232
21 234
21 241
21 247
21 254
22 23
22 25
22 27
22 30
22 32
22 41
22 48
22 51
22 58
22 60
22 61
22 65
22 85
22 87
22 89
22 96
22 98
22 100
22 101
22 114
22 117
22 121
22 136
22 137
22 151
22 160
22 161
22 164
22 167
22 172
22 181
22 184
22 185
22 188
22 195
22 196
22 199
22 215
22 229
22 238
22 241
22 242
22 252
22 254
23 24
23 30
23 33
23 36
23 37
23 56
23 70
23 71
23 75
23 76
23 77
23 80
23 91
23 101
23 106
23 112
23 114
23 128
23 130
23 138
23 140
23 143
23 145
23 151
23 158
23 162
23 171
23 177
23 180
23 182
23 184
23 186
23 190
23 200
23 203
23 207
23 209
23 212
23 214
23 215
23 220
23 224
23 234
23 238
23 248
23 250
23 252
24 26
24 31
24 33
24 35
24 46
24 51
24 54
24 55
24 57
24 62
24 65
24 66
24 68
24 71
24 80
24 92
24 93
24 95
24 101
24 103
24 104
24 106
24 108
24 109
24 110
24 116
24 122
24 124
24 131
24 134
24 136
24 141
24 142
24 147
24 151
24 153
24 154
24 159
24 160
24 163
24 166
24 170
24 174
24 176
24 189
24 191
24 195
24 201
24 203
24 204
24 206
24 213
24 220
24 221
24 223
24 230
24 233
24 234
24 242
24 245
24 252
24 254
25 28
25 30
25 43
25 59
25 62
25 69
25 81
25 85
25 87
25 93
25 96
25 117
25 121
25 128
25 132
25 146
25 154
25 156
25 160
25 163
25 167
25 174
25 179
25 188
25 190
25 202
25 203
25 206
25 208
25 210
25 219
25 222
25 225
25 233
25 245
25 248
25 254
25 256
26 27
26 31
26 40
26 41
26 43
26 46
26 50
26 57
26 62
26 66
26 69
26 70
26 72
26 79
26 88
26 89
26 92
26 100
26 105
26 106
26 110
26 111
26 117
26 120
26 121
26 123
26 124
26 126
26 132
26 142
26 144
26 145
26 148
26 153
26 157
26 159
26 160
26 167
26 168
26 178
26 189
26 198
26 199
26 201
26 209
26 212
26 219
26 221
26 231
26 233
26 239
26 243
26 254
27 31
27 34
27 36
27 42
27 44
27 48
27 49
27 51
27 64
27 67
27 74
27 78
27 79
27 93
27 98
27 101
27 103
27 104
27 111
27 117
27 118
27 121
27 133
27 141
27 145
27 149
27 152
27 164
27 169
27 172
27 177
27 179
27 183
27 187
27 190
27 196
27 203
27 210
27 212
27 219
27 220
27 229
27 234
27 238
27 246
27 254
28 34
28 44
28 45
28 47
28 54
28 62
28 71
28 72
28 80
28 93
28 97
28 102
28 106
28 110
28 113
28 122
28 126
28 137
28 153
28 155
28 157
28 160
28 163
28 170
28 171
28 176
28 178
28 179
28 182
28 188
28 203
28 204
28 205
28 221
28 231
28 236
28 239
28 240
28 243
28 245
29 30
29 32
29 37
29 38
29 54
29 55
29 60
29 67
29 69
29 71
29 74
29 75
29 76
29 79
29 81
29 83
29 90
29 97
29 108
29 109
29 112
29 120
29 128
29 129
29 136
29 141
29 143
29 153
29 156
29 157
29 158
29 164
29 166
29 167
29 174
29 178
29 181
29 182
29 187
29 200
29 202
29 206
29 211
29 229
29 236
29 239
29 242
29 245
29 256
30 31
30 46
30 51
30 56
30 58
30 59
30 63
30 75
30 91
30 97
30 98
30 104
30 106
30 109
30 120
30 130
30 132
30 135
30 146
30 157
30 158
30 159
30 172
30 174
30 175
30 178
30 180
30 187
30 190
30 194
30 196
30 200
30 207
30 216
30 223
30 229
30 234
30 235
30 238
30 240
30 243
30 254
31 45
31 52
31 59
31 60
31 61
31 63
31 67
31 68
31 81
31 90
31 103
31 105
31 109
31 120
31 122
31 125
31 127
31 128
31 130
31 135
31 139
31 144
31 145
31 147
31 152
31 155
31 162
31 171
31 177
31 178
31 182
31 192
31 193
31 194
31 216
31 223
31 228
31 230
31 235
31 244
31 254
32 36
32 39
32 41
32 46
32 48
32 52
32 61
32 62
32 67
32 68
32 71
32 73
32 74
32 75
32 77
32 85
32 90
32 92
32 94
32 101
32 103
32 113
32 118
32 121
32 123
32 126
32 129
32 130
32 131
32 152
32 155
32 162
32 166
32 167
32 169
32 171
32 172
32 178
32 180
32 182
32 197
32 207
32 213
32 214
32 218
32 221
32 223
32 230
32 236
32 238
32 239
32 246
33 34
33 49
33 53
33 57
33 64
33 71
33 72
33 77
33 82
33 96
33 103
33 129
33 132
33 147
33 148
33 150
33 154
33 160
33 162
33 172
33 176
33 177
33 181
33 184
33 188
33 190
33 193
33 196
33 199
33 209
33 212
33 219
33 226
33 227
33 234
33 244
33 248
34 41
34 48
34 55
34 56
34 60
34 72
34 75
34 76
34 77
34 80
34 87
34 92
34 95
34 104
34 110
34 115
34 117
34 120
34 122
34 127
34 136
34 137
34 139
34 148
34 152
34 156
34 169
34 179
34 180
34 188
34 190
34 199
34 203
34 204
34 209
34 213
34 219
34 221
34 223
34 225
34 237
34 240
34 254
35 60
35 62
35 63
35 73
35 74
35 76
35 79
35 80
35 81
35 85
35 91
35 105
35 109
35 115
35 120
35 122
35 124
35 133
35 139
35 144
35 148
35 155
35 159
35 160
35 171
35 195
35 199
35 209
35 212
35 213
35 239
35 241
35 244
35 252
35 253
35 255
36 37
36 45
36 49
36 51
36 42
36 43
36 54
36 67
36 69
36 77
36 85
36 86
36 90
36 92
36 101
36 104
36 108
36 121
36 127
36 135
36 141
36 144
36 148
36 150
36 155
36 162
36 164
36 169
36 173
36 186
36 189
36 191
36 193
36 197
36 206
36 213
36 214
36 223
36 231
36 233
36 235
36 248
36 250
36 253
37 38
37 42
37 44
37 45
37 57
37 65
37 69
37 74
37 77
37 83
37 93
37 96
37 99
37 112
37 114
37 115
37 120
37 123
37 124
37 129
37 131
37 151
37 157
37 168
37 174
37 181
37 182
37 189
37 202
37 209
37 215
37 216
37 217
37 219
37 225
37 229
37 237
37 240
37 247
37 250
37 256
38 39
38 41
38 54
38 66
38 69
38 70
38 83
38 84
38 85
38 86
38 87
38 103
38 109
38 118
38 119
38 121
38 135
38 138
38 144
38 148
38 152
38 154
38 161
38 165
38 168
38 177
38 182
38 191
38 196
38 201
38 206
38 214
38 218
38 224
38 227
38 230
38 244
38 245
39 40
39 44
39 45
39 53
39 60
39 62
39 68
39 76
39 78
39 85
39 100
39 102
39 105
39 110
39 120
39 123
39 134
39 136
39 137
39 146
39 148
39 159
39 168
39 171
39 172
39 193
39 194
39 207
39 208
39 211
39 215
39 222
39 230
39 234
39 241
39 246
39 256
40 44
40 48
40 52
40 57
40 59
40 63
40 77
40 78
40 82
40 92
40 97
40 99
40 115
40 119
40 123
40 124
40 129
40 132
40 134
40 142
40 155
40 158
40 169
40 177
40 180
40 186
40 197
40 203
40 208
40 209
40 218
40 219
40 231
40 234
40 236
40 238
40 242
40 247
40 252
40 255
41 46
41 53
41 55
41 56
41 57
41 59
41 61
41 68
41 72
41 82
41 85
41 90
41 93
41 97
41 98
41 112
41 114
41 124
41 128
41 133
41 134
41 139
41 149
41 150
41 158
41 162
41 163
41 175
41 195
41 197
41 199
41 202
41 204
41 210
41 217
41 236
41 239
41 240
41 243
41 248
41 251
41 253
42 43
42 44
42 46
42 47
42 49
42 50
42 57
42 58
42 66
42 67
42 68
42 74
42 86
42 87
42 97
42 103
42 109
42 112
42 139
42 140
42 142
42 144
42 145
42 157
42 162
42 165
42 170
42 176
42 182
42 189
42 190
42 193
42 194
42 200
42 211
42 213
42 215
43 51
43 52
43 59
43 62
43 75
43 83
43 86
43 95
43 97
43 98
43 99
43 100
43 107
43 108
43 109
43 111
43 114
43 118
43 120
43 121
43 133
43 138
43 141
43 147
43 152
43 154
43 156
43 165
43 193
43 194
43 195
43 202
43 217
43 224
43 230
43 236
43 242
43 247
43 249
43 251
43 255
44 50
44 51
44 57
44 60
44 66
44 74
44 80
44 84
44 89
44 93
44 98
44 109
44 110
44 122
44 128
44 137
44 140
44 144
44 145
44 151
44 158
44 159
44 163
44 166
44 168
44 174
44 175
44 180
44 181
44 186
44 189
44 192
44 196
44 197
44 199
44 203
44 204
44 207
44 212
44 213
44 214
44 217
44 219
44 227
44 234
44 235
44 237
44 247
44 252
44 253
44 254
44 256
45 46
45 48
45 51
45 57
45 58
45 62
45 68
45 77
45 82
45 87
45 89
45 92
45 100
45 101
45 102
45 105
45 108
45 115
45 125
45 126
45 138
45 140
45 144
45 147
45 175
45 193
45 201
45 205
45 206
45 209
45 211
45 212
45 220
45 223
45 228
45 234
45 236
45 242
45 245
45 249
45 251
45 254
46 47
46 49
46 50
46 58
46 62
46 74
46 81
46 82
46 89
46 90
46 97
46 98
46 100
46 105
46 106
46 107
46 112
46 122
46 127
46 131
46 141
46 143
46 147
46 155
46 157
46 161
46 163
46 167
46 171
46 173
46 174
46 178
46 179
46 180
46 185
46 187
46 196
46 202
46 204
46 205
46 207
46 220
46 221
46 226
46 235
46 242
46 251
47 61
47 65
47 66
47 67
47 76
47 95
47 96
47 97
47 105
47 108
47 110
47 114
47 119
47 121
47 127
47 128
47 132
47 134
47 144
47 145
47 148
47 149
47 153
47 155
47 158
47 160
47 162
47 167
47 169
47 174
47 190
47 195
47 201
47 202
47 212
47 213
47 214
47 221
47 228
47 229
47 233
47 235
47 236
47 251
48 54
48 55
48 59
48 60
48 70
48 71
48 73
48 79
48 81
48 82
48 84
48 90
48 91
48 96
48 104
48 107
48 109
48 123
48 130
48 133
48 145
48 160
48 165
48 169
48 172
48 177
48 195
48 200
48 202
48 214
48 215
48 222
48 223
48 225
48 234
48 240
48 242
48 249
48 250
48 251
49 50
49 53
49 63
49 65
49 68
49 83
49 85
49 88
49 89
49 92
49 101
49 112
49 122
49 125
49 135
49 136
49 138
49 155
49 156
49 158
49 171
49 173
49 176
49 185
49 187
49 194
49 197
49 203
49 210
49 213
49 215
49 220
49 224
49 227
49 229
49 233
49 235
49 237
49 242
49 243
49 247
49 249
49 250
50 51
50 55
50 59
50 60
50 89
50 90
50 98
50 104
50 112
50 116
50 119
50 124
50 126
50 134
50 138
50 140
50 151
50 156
50 175
50 178
50 179
50 183
50 184
50 185
50 190
50 199
50 203
50 207
50 210
50 213
50 214
50 215
50 218
50 222
50 224
50 226
50 232
50 233
50 241
50 243
50 245
50 247
50 249
50 250
50 252
51 54
51 58
51 61
51 63
51 64
51 68
51 75
51 78
51 86
51 97
51 101
51 105
51 106
51 109
51 123
51 128
51 130
51 134
51 140
51 144
51 154
51 157
51 171
51 173
51 177
51 178
51 180
51 182
51 183
51 185
51 187
51 192
51 195
51 198
51 214
51 217
51 219
51 220
51 222
51 226
51 227
51 234
51 238
51 239
51 244
51 245
51 246
51 247
52 53
52 57
52 59
52 54
52 63
52 65
52 66
52 70
52 75
52 87
52 90
52 96
52 100
52 102
52 105
52 107
52 108
52 109
52 110
52 124
52 125
52 128
52 133
52 149
52 152
52 164
52 167
52 168
52 170
52 173
52 178
52 179
52 181
52 182
52 186
52 192
52 193
52 196
52 208
52 212
52 213
52 217
52 219
52 220
52 223
52 224
52 233
52 234
52 236
52 252
52 254
52 255
52 256
53 54
53 56
53 62
53 64
53 67
53 73
53 79
53 82
53 85
53 88
53 89
53 95
53 111
53 112
53 114
53 123
53 127
53 134
53 137
53 138
53 142
53 146
53 153
53 155
53 157
53 161
53 169
53 171
53 173
53 190
53 203
53 206
53 222
53 229
53 231
53 232
53 234
53 238
53 242
53 251
53 252
54 55
54 59
54 72
54 73
54 74
54 76
54 77
54 78
54 82
54 84
54 89
54 92
54 94
54 96
54 97
54 125
54 126
54 128
54 130
54 136
54 150
54 153
54 159
54 165
54 166
54 172
54 176
54 179
54 181
54 182
54 191
54 192
54 195
54 196
54 197
54 204
54 206
54 210
54 214
54 215
54 221
54 229
54 246
54 254
54 255
54 256
55 63
55 79
55 91
55 94
55 97
55 98
55 99
55 103
55 108
55 112
55 113
55 114
55 118
55 125
55 132
55 133
55 141
55 142
55 146
55 150
55 152
55 154
55 164
55 168
55 169
55 170
55 173
55 174
55 178
55 180
55 181
55 185
55 187
55 188
55 194
55 199
55 203
55 204
55 210
55 213
55 214
55 216
55 217
55 218
55 222
55 227
55 231
55 248
55 254
56 58
56 69
56 73
56 79
56 81
56 84
56 86
56 87
56 90
56 92
56 97
56 103
56 110
56 120
56 121
56 142
56 152
56 160
56 164
56 168
56 170
56 171
56 173
56 175
56 184
56 187
56 189
56 201
56 205
56 209
56 211
56 213
56 217
56 220
56 236
56 240
56 246
56 248
56 250
56 256
57 58
57 70
57 71
57 74
57 77
57 82
57 84
57 93
57 96
57 97
57 99
57 116
57 120
57 127
57 131
57 132
57 150
57 159
57 160
57 172
57 175
57 178
57 185
57 186
57 199
57 206
57 211
57 219
57 237
57 238
57 241
57 244
57 245
57 251
58 63
58 67
58 73
58 74
58 76
58 79
58 82
58 83
58 90
58 97
58 98
58 101
58 103
58 109
58 119
58 123
58 135
58 136
58 139
58 140
58 141
58 145
58 149
58 155
58 156
58 163
58 169
58 170
58 172
58 176
58 179
58 182
58 200
58 201
58 204
58 213
58 215
58 216
58 223
58 225
58 229
58 244
58 246
58 249
58 250
58 253
59 63
59 67
59 72
59 80
59 82
59 86
59 87
59 92
59 94
59 110
59 120
59 121
59 122
59 125
59 132
59 135
59 136
59 140
59 142
59 145
59 149
59 151
59 155
59 161
59 163
59 173
59 180
59 187
59 192
59 196
59 210
59 211
59 215
59 219
59 222
59 240
59 244
59 249
59 250
59 251
59 252
60 61
60 63
60 70
60 73
60 80
60 82
60 90
60 96
60 100
60 104
60 109
60 112
60 114
60 127
60 136
60 147
60 151
60 153
60 159
60 160
60 174
60 176
60 177
60 182
60 195
60 198
60 199
60 204
60 206
60 207
60 214
60 215
60 217
60 220
60 223
60 235
60 236
60 237
60 252
60 256
61 62
61 69
61 71
61 75
61 85
61 89
61 91
61 106
61 109
61 120
61 121
61 123
61 136
61 141
61 152
61 153
61 155
61 161
61 162
61 167
61 174
61 176
61 178
61 182
61 189
61 192
61 197
61 203
61 215
61 221
61 234
61 242
61 244
61 255
62 69
62 71
62 77
62 87
62 88
62 95
62 103
62 107
62 108
62 110
62 113
62 115
62 118
62 127
62 128
62 132
62 141
62 144
62 147
62 157
62 158
62 163
62 168
62 169
62 191
62 196
62 205
62 219
62 221
62 224
62 226
62 228
62 253
62 255
62 256
63 65
63 66
63 68
63 70
63 73
63 79
63 81
63 83
63 85
63 93
63 97
63 101
63 103
63 104
63 124
63 138
63 144
63 150
63 151
63 158
63 163
63 167
63 176
63 180
63 182
63 183
63 198
63 199
63 203
63 204
63 211
63 214
63 215
63 219
63 221
63 222
63 226
63 230
63 236
63 243
63 244
63 245
63 250
64 65
64 70
64 74
64 77
64 82
64 85
64 90
64 91
64 92
64 93
64 96
64 104
64 107
64 108
64 110
64 114
64 117
64 122
64 123
64 127
64 130
64 136
64 141
64 154
64 173
64 174
64 179
64 189
64 207
64 211
64 215
64 218
64 219
64 226
64 229
64 232
64 235
64 241
64 242
64 246
64 247
64 252
64 255
65 73
65 75
65 85
65 88
65 96
65 97
65 108
65 112
65 115
65 118
65 120
65 121
65 125
65 133
65 140
65 153
65 157
65 163
65 171
65 175
65 180
65 184
65 206
65 211
65 212
65 215
65 219
65 221
65 222
65 223
65 249
65 253
66 73
66 80
66 98
66 102
66 107
66 108
66 110
66 111
66 117
66 118
66 126
66 134
66 135
66 161
66 170
66 173
66 178
66 187
66 190
66 194
66 198
66 200
66 212
66 219
66 221
66 226
66 228
66 231
66 236
66 238
66 244
66 252
66 253
66 255
67 68
67 84
67 92
67 96
67 98
67 74
67 81
67 102
67 119
67 120
67 132
67 141
67 154
67 156
67 158
67 161
67 164
67 172
67 173
67 174
67 178
67 179
67 180
67 184
67 194
67 195
67 205
67 213
67 215
67 222
67 237
67 238
67 248
67 251
68 69
68 77
68 81
68 83
68 79
68 84
68 86
68 88
68 91
68 94
68 96
68 99
68 103
68 107
68 109
68 114
68 119
68 120
68 127
68 134
68 140
68 150
68 165
68 171
68 172
68 177
68 181
68 185
68 189
68 191
68 194
68 196
68 197
68 212
68 213
68 214
68 217
68 224
68 231
68 232
68 238
68 239
68 240
68 244
68 245
69 70
69 74
69 76
69 71
69 79
69 81
69 83
69 85
69 86
69 90
69 92
69 94
69 100
69 114
69 120
69 121
69 133
69 136
69 137
69 139
69 141
69 146
69 147
69 153
69 155
69 166
69 169
69 170
69 173
69 179
69 183
69 189
69 192
69 193
69 194
69 199
69 201
69 202
69 211
69 215
69 216
69 244
69 245
69 246
69 247
69 248
70 71
70 73
70 72
70 79
70 91
70 112
70 113
70 123
70 138
70 139
70 141
70 144
70 146
70 147
70 151
70 154
70 163
70 166
70 178
70 180
70 184
70 186
70 198
70 200
70 202
70 205
70 212
70 217
70 219
70 232
70 238
70 242
70 244
70 248
71 72
71 74
71 75
71 78
71 83
71 87
71 92
71 95
71 113
71 115
71 116
71 120
71 122
71 128
71 129
71 135
71 137
71 143
71 145
71 146
71 149
71 160
71 161
71 164
71 171
71 174
71 177
71 185
71 187
71 200
71 203
71 204
71 210
71 221
71 222
71 227
71 234
71 241
71 243
71 252
72 81
72 95
72 98
72 99
72 100
72 101
72 106
72 117
72 120
72 121
72 130
72 131
72 138
72 145
72 154
72 156
72 161
72 167
72 192
72 195
72 205
72 211
72 216
72 224
72 228
72 231
72 244
72 249
72 250
72 256
73 74
73 77
73 84
73 92
73 106
73 109
73 116
73 118
73 122
73 127
73 138
73 141
73 145
73 154
73 155
73 157
73 161
73 165
73 166
73 170
73 189
73 191
73 192
73 195
73 197
73 205
73 207
73 209
73 210
73 213
73 218
73 221
73 225
73 228
73 234
73 235
73 239
73 240
73 241
73 251
73 254
74 75
74 81
74 83
74 101
74 102
74 105
74 110
74 111
74 112
74 116
74 117
74 121
74 124
74 129
74 130
74 135
74 139
74 140
74 146
74 153
74 164
74 170
74 184
74 185
74 187
74 189
74 191
74 193
74 194
74 201
74 213
74 224
74 228
74 236
74 240
74 241
74 244
74 251
75 80
75 81
75 90
75 91
75 92
75 95
75 97
75 98
75 105
75 111
75 128
75 137
75 147
75 153
75 154
75 155
75 167
75 168
75 172
75 175
75 178
75 186
75 190
75 192
75 202
75 215
75 216
75 220
75 245
75 249
75 251
75 254
76 89
76 90
76 93
76 96
76 98
76 100
76 112
76 117
76 127
76 128
76 132
76 138
76 141
76 148
76 149
76 154
76 157
76 161
76 163
76 164
76 170
76 183
76 191
76 193
76 195
76 205
76 206
76 208
76 209
76 215
76 224
76 226
76 230
76 236
76 239
76 247
76 248
76 252
76 253
77 78
77 80
77 82
77 89
77 94
77 95
77 99
77 102
77 107
77 115
77 116
77 125
77 131
77 134
77 137
77 147
77 149
77 150
77 172
77 176
77 185
77 191
77 199
77 204
77 205
77 206
77 209
77 220
77 224
77 227
77 234
77 241
77 242
77 243
77 244
77 247
77 251
77 255
77 256
78 79
78 83
78 86
78 87
78 88
78 95
78 113
78 117
78 120
78 122
78 123
78 124
78 126
78 128
78 137
78 144
78 154
78 172
78 182
78 185
78 220
78 221
78 232
78 235
78 238
78 245
78 255
79 84
79 93
79 98
79 101
79 102
79 106
79 109
79 122
79 129
79 138
79 139
79 140
79 141
79 146
79 151
79 157
79 164
79 178
79 180
79 184
79 190
79 194
79 198
79 199
79 208
79 209
79 217
79 218
79 221
79 234
79 241
79 250
80 89
80 99
80 101
80 120
80 128
80 129
80 133
80 134
80 136
80 138
80 142
80 144
80 147
80 148
80 152
80 156
80 157
80 160
80 168
80 172
80 174
80 176
80 178
80 187
80 196
80 199
80 204
80 206
80 223
80 227
80 237
80 238
80 249
80 255
81 82
81 86
81 91
81 92
81 101
81 110
81 116
81 118
81 120
81 122
81 127
81 132
81 144
81 151
81 152
81 153
81 155
81 163
81 165
81 167
81 169
81 174
81 197
81 198
81 200
81 203
81 206
81 212
81 214
81 220
81 221
81 225
81 231
81 235
81 243
81 246
81 248
82 84
82 87
82 113
82 129
82 132
82 135
82 136
82 148
82 149
82 156
82 157
82 162
82 164
82 166
82 172
82 173
82 176
82 185
82 189
82 190
82 196
82 199
82 201
82 205
82 209
82 212
82 215
82 216
82 220
82 223
82 233
82 240
83 84
83 91
83 97
83 98
83 100
83 112
83 116
83 117
83 119
83 126
83 127
83 128
83 129
83 135
83 137
83 138
83 140
83 141
83 144
83 150
83 152
83 168
83 169
83 174
83 192
83 200
83 206
83 208
83 211
83 212
83 215
83 218
83 220
83 225
83 227
83 229
83 231
83 236
83 238
83 239
83 246
83 249
83 252
83 253
83 256
84 85
84 89
84 91
84 87
84 98
84 99
84 107
84 109
84 113
84 115
84 123
84 130
84 133
84 139
84 146
84 149
84 161
84 164
84 167
84 178
84 180
84 181
84 189
84 195
84 203
84 206
84 209
84 216
84 217
84 219
84 221
84 237
84 245
84 246
85 86
85 88
85 91
85 99
85 103
85 112
85 119
85 127
85 129
85 147
85 153
85 154
85 156
85 157
85 159
85 167
85 171
85 172
85 176
85 181
85 189
85 196
85 197
85 199
85 202
85 212
85 214
85 228
85 230
85 231
85 232
85 233
85 236
85 240
85 244
85 256
86 87
86 91
86 95
86 99
86 107
86 109
86 116
86 118
86 121
86 122
86 126
86 137
86 138
86 139
86 143
86 145
86 158
86 160
86 171
86 173
86 175
86 178
86 180
86 183
86 186
86 194
86 197
86 199
86 203
86 205
86 206
86 223
86 232
86 233
86 234
86 237
86 241
86 242
86 252
86 253
87 93
87 96
87 99
87 100
87 101
87 108
87 110
87 111
87 114
87 116
87 121
87 127
87 130
87 133
87 135
87 138
87 149
87 154
87 157
87 161
87 162
87 165
87 169
87 171
87 172
87 177
87 179
87 189
87 193
87 200
87 201
87 202
87 203
87 217
87 221
87 225
87 231
87 235
87 242
87 246
87 247
87 248
87 255
87 256
88 101
88 103
88 104
88 105
88 107
88 113
88 121
88 124
88 125
88 128
88 138
88 146
88 147
88 152
88 157
88 159
88 160
88 164
88 168
88 171
88 189
88 202
88 206
88 214
88 218
88 219
88 222
88 233
88 235
89 90
89 92
89 95
89 109
89 124
89 125
89 126
89 127
89 129
89 135
89 137
89 145
89 149
89 152
89 163
89 164
89 172
89 175
89 182
89 187
89 191
89 192
89 194
89 201
89 207
89 223
89 224
89 226
89 227
89 232
89 238
89 239
89 243
89 255
90 91
90 106
90 114
90 116
90 117
90 120
90 124
90 127
90 128
90 132
90 133
90 135
90 138
90 139
90 144
90 149
90 150
90 151
90 163
90 171
90 183
90 191
90 198
90 224
90 225
90 226
90 229
90 232
90 234
90 239
90 240
90 242
90 250
90 251
91 93
91 94
91 97
91 101
91 107
91 115
91 117
91 119
91 121
91 123
91 127
91 132
91 133
91 134
91 136
91 137
91 146
91 149
91 150
91 152
91 153
91 163
91 167
91 173
91 184
91 188
91 189
91 200
91 201
91 212
91 221
91 222
91 226
91 228
91 237
91 241
91 247
91 248
91 249
91 252
92 93
92 95
92 111
92 114
92 127
92 135
92 141
92 151
92 154
92 155
92 162
92 163
92 164
92 176
92 179
92 185
92 190
92 192
92 193
92 199
92 207
92 213
92 214
92 216
92 224
92 230
92 233
92 240
92 243
92 252
92 255
93 94
93 98
93 99
93 100
93 106
93 109
93 114
93 124
93 127
93 128
93 135
93 139
93 144
93 145
93 146
93 151
93 153
93 154
93 158
93 160
93 161
93 163
93 164
93 165
93 168
93 169
93 171
93 172
93 176
93 196
93 202
93 216
93 222
93 225
93 231
93 232
93 234
93 249
93 254
94 102
94 105
94 133
94 144
94 148
94 149
94 161
94 164
94 166
94 169
94 170
94 176
94 177
94 182
94 195
94 202
94 203
94 204
94 221
94 239
94 240
94 241
94 249
94 254
94 255
95 98
95 119
95 124
95 129
95 130
95 131
95 132
95 139
95 143
95 158
95 163
95 173
95 177
95 184
95 185
95 191
95 192
95 193
95 201
95 210
95 217
95 220
95 221
95 232
95 235
95 236
95 237
95 246
95 251
95 254
95 256
96 97
96 98
96 111
96 124
96 126
96 130
96 135
96 143
96 146
96 148
96 153
96 154
96 155
96 160
96 163
96 166
96 167
96 169
96 170
96 175
96 176
96 180
96 182
96 196
96 200
96 205
96 209
96 221
96 235
96 237
96 238
96 244
96 246
96 249
96 254
96 255
97 98
97 100
97 108
97 110
97 112
97 116
97 121
97 122
97 126
97 137
97 140
97 143
97 161
97 162
97 164
97 169
97 170
97 175
97 178
97 184
97 190
97 193
97 198
97 199
97 200
97 201
97 208
97 209
97 211
97 229
97 234
97 236
97 237
97 238
97 239
98 100
98 104
98 106
98 113
98 128
98 129
98 135
98 145
98 146
98 149
98 151
98 153
98 154
98 155
98 167
98 172
98 175
98 193
98 196
98 200
98 209
98 211
98 227
98 236
98 249
98 256
99 100
99 108
99 112
99 114
99 102
99 105
99 110
99 113
99 117
99 125
99 129
99 137
99 138
99 139
99 144
99 150
99 172
99 178
99 180
99 182
99 188
99 192
99 195
99 199
99 201
99 214
99 216
99 219
99 225
99 229
99 237
99 240
99 241
99 243
99 246
99 252
99 253
99 255
100 101
100 105
100 107
100 109
100 114
100 117
100 124
100 127
100 130
100 140
100 141
100 143
100 153
100 160
100 162
100 174
100 181
100 194
100 196
100 202
100 214
100 216
100 218
100 219
100 222
100 229
100 233
100 239
100 245
100 248
100 252
100 255
101 102
101 104
101 124
101 129
101 131
101 132
101 136
101 140
101 151
101 156
101 163
101 166
101 167
101 169
101 170
101 175
101 178
101 179
101 184
101 186
101 197
101 198
101 201
101 202
101 204
101 210
101 217
101 222
101 230
101 235
101 239
101 240
101 247
101 249
102 103
102 107
102 111
102 114
102 117
102 124
102 129
102 131
102 136
102 146
102 162
102 163
102 165
102 169
102 171
102 173
102 201
102 211
102 221
102 227
102 228
102 247
102 250
102 251
103 108
103 110
103 111
103 115
103 119
103 120
103 126
103 132
103 139
103 149
103 157
103 159
103 175
103 176
103 190
103 194
103 203
103 211
103 216
103 222
103 229
103 242
103 249
104 105
104 110
104 114
104 120
104 127
104 131
104 139
104 143
104 144
104 152
104 157
104 161
104 165
104 170
104 171
104 188
104 200
104 201
104 207
104 209
104 216
104 224
104 227
104 228
104 239
104 240
104 250
104 253
104 254
105 106
105 117
105 150
105 151
105 152
105 157
105 161
105 164
105 172
105 174
105 180
105 196
105 207
105 226
105 231
105 236
105 237
105 242
105 243
105 248
105 252
106 113
106 115
106 123
106 125
106 127
106 128
106 129
106 144
106 148
106 154
106 159
106 162
106 182
106 184
106 185
106 186
106 190
106 195
106 203
106 206
106 208
106 215
106 221
106 230
106 234
106 235
106 242
106 246
106 248
106 251
106 254
107 108
107 110
107 120
107 122
107 125
107 129
107 143
107 145
107 150
107 152
107 153
107 156
107 157
107 164
107 170
107 174
107 179
107 184
107 187
107 191
107 193
107 195
107 200
107 203
107 209
107 213
107 219
107 220
107 225
107 226
107 234
107 236
107 241
107 252
107 254
108 109
108 111
108 114
108 122
108 123
108 124
108 125
108 127
108 129
108 134
108 136
108 141
108 147
108 150
108 152
108 157
108 178
108 180
108 186
108 196
108 200
108 212
108 213
108 216
108 223
108 227
108 230
108 232
108 233
108 234
108 244
108 256
109 110
109 123
109 130
109 131
109 137
109 139
109 142
109 145
109 148
109 150
109 159
109 162
109 166
109 169
109 179
109 180
109 187
109 190
109 194
109 195
109 198
109 209
109 211
109 237
109 242
109 244
109 245
109 247
109 252
110 112
110 117
110 119
110 122
110 123
110 125
110 126
110 127
110 132
110 135
110 138
110 140
110 142
110 143
110 146
110 153
110 156
110 163
110 173
110 177
110 182
110 186
110 194
110 196
110 198
110 210
110 216
110 219
110 220
110 223
110 225
110 230
110 232
110 235
110 237
110 240
110 241
110 242
110 250
110 252
110 253
110 254
111 116
111 117
111 119
111 130
111 137
111 138
111 145
111 152
111 179
111 181
111 183
111 198
111 201
111 202
111 203
111 206
111 207
111 210
111 215
111 216
111 220
111 232
111 251
111 252
112 113
112 122
112 132
112 133
112 137
112 138
112 143
112 151
112 162
112 169
112 179
112 185
112 186
112 187
112 191
112 193
112 194
112 204
112 205
112 213
112 219
112 230
112 232
112 233
112 238
112 246
112 252
113 114
113 115
113 116
113 122
113 124
113 125
113 129
113 155
113 159
113 160
113 180
113 199
113 204
113 212
113 216
113 217
113 220
113 222
113 225
113 228
113 230
113 232
113 238
113 241
113 246
113 247
114 116
114 119
114 120
114 123
114 136
114 138
114 143
114 151
114 153
114 156
114 158
114 167
114 179
114 184
114 205
114 227
114 231
114 234
114 241
114 252
114 253
115 116
115 120
115 122
115 121
115 125
115 126
115 127
115 131
115 133
115 138
115 142
115 143
115 145
115 148
115 153
115 159
115 170
115 176
115 187
115 192
115 202
115 211
115 214
115 224
115 225
115 230
115 232
115 234
115 235
115 238
115 241
115 250
115 251
116 117
116 119
116 120
116 122
116 128
116 129
116 135
116 136
116 137
116 139
116 153
116 160
116 162
116 165
116 174
116 176
116 179
116 187
116 191
116 196
116 197
116 207
116 209
116 212
116 221
116 222
116 232
116 233
116 244
116 245
116 250
116 256
117 118
117 119
117 126
117 130
117 132
117 133
117 134
117 139
117 145
117 146
117 159
117 162
117 166
117 175
117 181
117 182
117 188
117 191
117 194
117 195
117 207
117 213
117 215
117 225
117 230
117 238
117 247
117 250
117 253
118 121
118 124
118 125
118 127
118 132
118 136
118 137
118 138
118 139
118 148
118 151
118 159
118 164
118 168
118 183
118 188
118 193
118 196
118 201
118 202
118 205
118 209
118 215
118 222
118 225
118 234
118 237
118 242
118 251
119 120
119 130
119 133
119 135
119 137
119 139
119 148
119 150
119 153
119 154
119 157
119 159
119 161
119 167
119 174
119 175
119 180
119 181
119 190
119 192
119 194
119 196
119 199
119 211
119 214
119 217
119 218
119 219
119 220
119 221
119 225
119 240
119 249
119 253
120 121
120 127
120 129
120 135
120 137
120 138
120 146
120 158
120 164
120 169
120 171
120 172
120 174
120 179
120 185
120 189
120 190
120 191
120 205
120 210
120 216
120 252
120 253
120 256
121 123
121 129
121 143
121 146
121 153
121 157
121 159
121 178
121 182
121 185
121 186
121 214
121 227
121 228
121 237
121 238
121 239
121 240
121 242
122 131
122 133
122 140
122 144
122 154
122 159
122 180
122 183
122 186
122 189
122 190
122 191
122 197
122 208
122 217
122 218
122 222
122 224
122 233
122 242
122 243
122 246
122 248
122 256
123 124
123 126
123 130
123 133
123 137
123 149
123 160
123 161
123 164
123 166
123 171
123 183
123 192
123 201
123 209
123 212
123 220
123 221
123 222
123 227
123 236
123 245
123 249
124 125
124 127
124 134
124 137
124 138
124 141
124 147
124 158
124 165
124 170
124 177
124 181
124 182
124 184
124 188
124 191
124 194
124 196
124 203
124 204
124 210
124 214
124 221
124 230
124 237
124 242
124 246
124 251
124 252
125 128
125 129
125 137
125 140
125 141
125 142
125 147
125 148
125 150
125 152
125 153
125 155
125 158
125 159
125 162
125 167
125 169
125 178
125 182
125 184
125 187
125 197
125 199
125 201
125 213
125 224
125 230
125 236
125 249
125 252
126 127
126 131
126 140
126 144
126 158
126 159
126 161
126 163
126 165
126 168
126 171
126 175
126 179
126 180
126 187
126 192
126 206
126 207
126 208
126 211
126 215
126 221
126 223
126 226
126 228
126 235
126 241
126 249
126 253
127 128
127 131
127 136
127 137
127 139
127 140
127 144
127 146
127 149
127 153
127 173
127 177
127 178
127 182
127 183
127 184
127 185
127 200
127 202
127 211
127 216
127 217
127 218
127 224
127 231
127 241
127 242
127 243
127 247
127 250
128 129
128 132
128 133
128 137
128 143
128 148
128 150
128 151
128 152
128 153
128 155
128 157
128 173
128 176
128 182
128 183
128 188
128 190
128 191
128 199
128 200
128 203
128 210
128 215
128 221
128 224
128 227
128 232
128 233
128 241
128 242
128 243
128 252
128 255
128 256
129 138
129 150
129 155
129 166
129 172
129 174
129 176
129 192
129 196
129 204
129 205
129 207
129 230
129 236
129 238
129 243
129 247
130 131
130 163
130 179
130 187
130 191
130 193
130 133
130 134
130 136
130 142
130 151
130 154
130 156
130 159
130 166
130 167
130 174
130 177
130 178
130 183
130 188
130 196
130 204
130 212
130 217
130 222
130 226
130 238
130 239
130 241
130 247
130 256
131 132
131 148
131 156
131 160
131 162
131 135
131 136
131 150
131 155
131 169
131 174
131 179
131 180
131 194
131 199
131 206
131 208
131 209
131 216
131 228
131 234
131 239
131 242
131 243
131 245
131 248
131 249
131 255
132 133
132 141
132 145
132 147
132 135
132 138
132 143
132 144
132 154
132 161
132 162
132 169
132 171
132 172
132 175
132 176
132 183
132 186
132 192
132 196
132 199
132 205
132 216
132 218
132 221
132 223
132 234
132 241
132 243
132 246
133 134
133 138
133 140
133 136
133 142
133 149
133 153
133 185
133 197
133 198
133 199
133 205
133 223
133 239
133 243
133 252
133 254
134 135
134 137
134 136
134 139
134 151
134 152
134 158
134 164
134 195
134 201
134 205
134 210
134 213
134 219
134 226
134 227
134 247
134 248
134 251
135 136
135 140
135 141
135 143
135 158
135 164
135 167
135 172
135 173
135 179
135 193
135 204
135 206
135 207
135 212
135 219
135 222
135 225
135 228
135 230
135 240
135 251
135 254
136 143
136 148
136 149
136 157
136 164
136 167
136 170
136 171
136 172
136 193
136 195
136 202
136 203
136 216
136 217
136 225
136 229
136 237
136 240
136 244
136 248
136 249
136 251
137 141
137 145
137 148
137 149
137 152
137 158
137 164
137 168
137 169
137 182
137 184
137 185
137 188
137 189
137 192
137 195
137 196
137 200
137 209
137 213
137 215
137 220
137 223
137 224
137 228
137 231
137 233
137 243
138 139
138 142
138 146
138 149
138 154
138 155
138 164
138 167
138 168
138 183
138 190
138 200
138 217
138 222
138 223
138 228
138 239
138 251
139 143
139 144
139 147
139 151
139 163
139 167
139 170
139 171
139 172
139 180
139 182
139 186
139 190
139 194
139 195
139 196
139 197
139 216
139 221
139 238
139 247
139 252
139 255
140 143
140 156
140 160
140 161
140 167
140 171
140 176
140 184
140 188
140 191
140 192
140 194
140 198
140 215
140 218
140 221
140 228
140 235
140 238
140 250
140 254
140 256
141 142
141 144
141 148
141 160
141 163
141 164
141 165
141 166
141 167
141 175
141 187
141 197
141 198
141 203
141 207
141 213
141 220
141 224
141 227
141 235
141 243
141 245
141 248
142 143
142 155
142 164
142 167
142 170
142 177
142 178
142 180
142 187
142 191
142 202
142 203
142 206
142 218
142 228
142 233
142 235
142 236
142 237
142 242
142 243
142 245
142 246
142 247
142 249
142 253
143 146
143 153
143 167
143 168
143 175
143 177
143 186
143 192
143 193
143 196
143 203
143 205
143 210
143 212
143 217
143 221
143 222
143 232
143 235
143 237
143 253
144 145
144 158
144 164
144 165
144 167
144 168
144 215
144 230
144 233
144 247
145 146
145 156
145 161
145 164
145 173
145 178
145 179
145 183
145 184
145 191
145 195
145 196
145 201
145 205
145 214
145 215
145 217
145 220
145 224
145 237
145 239
145 242
145 246
145 249
145 254
145 256
146 150
146 152
146 157
146 160
146 161
146 172
146 181
146 185
146 186
146 212
146 216
146 218
146 226
146 228
146 233
146 235
146 236
146 238
146 240
146 248
146 249
146 252
146 253
147 151
147 153
147 160
147 166
147 167
147 168
147 170
147 176
147 194
147 196
147 213
147 220
147 223
147 233
147 234
147 236
147 237
147 242
147 247
147 249
147 250
147 251
147 255
148 149
148 153
148 155
148 151
148 152
148 158
148 169
148 184
148 188
148 192
148 197
148 199
148 201
148 205
148 213
148 215
148 221
148 222
148 223
148 230
148 238
148 243
148 253
149 150
149 152
149 154
149 157
149 158
149 159
149 164
149 167
149 180
149 182
149 185
149 189
149 191
149 194
149 196
149 204
149 207
149 216
149 226
149 236
149 239
149 240
149 249
149 250
149 256
150 151
150 153
150 165
150 167
150 168
150 181
150 197
150 199
150 208
150 212
150 213
150 217
150 219
150 222
150 227
150 230
150 234
150 242
150 252
150 256
151 153
151 156
151 159
151 160
151 161
151 166
151 169
151 175
151 184
151 185
151 193
151 200
151 201
151 212
151 220
151 236
151 237
151 242
151 245
151 256
152 153
152 156
152 159
152 165
152 170
152 174
152 182
152 183
152 188
152 190
152 191
152 200
152 201
152 207
152 209
152 222
152 226
152 227
152 228
152 240
152 247
152 252
153 154
153 156
153 166
153 172
153 179
153 182
153 184
153 189
153 193
153 197
153 200
153 215
153 221
153 223
153 233
153 235
153 237
153 244
153 246
153 251
154 163
154 164
154 180
154 181
154 182
154 183
154 184
154 191
154 206
154 207
154 208
154 211
154 216
154 219
154 221
154 222
154 228
154 229
154 235
154 236
154 238
154 241
154 242
154 243
155 157
155 158
155 161
155 164
155 165
155 172
155 176
155 187
155 188
155 190
155 191
155 202
155 204
155 205
155 210
155 212
155 227
155 231
155 239
155 242
155 253
155 254
155 255
155 256
156 157
156 159
156 165
156 166
156 172
156 173
156 177
156 183
156 188
156 212
156 233
156 234
156 235
156 238
156 241
156 243
156 249
156 252
156 256
157 158
157 160
157 164
157 165
157 166
157 167
157 169
157 181
157 187
157 189
157 193
157 196
157 198
157 202
157 203
157 204
157 213
157 214
157 216
157 217
157 218
157 233
157 234
157 244
157 247
157 248
157 252
157 253
158 160
158 165
158 169
158 170
158 171
158 172
158 174
158 175
158 178
158 189
158 192
158 193
158 205
158 206
158 208
158 227
158 230
158 232
158 236
158 244
158 250
159 162
159 163
159 167
159 172
159 176
159 180
159 191
159 194
159 212
159 216
159 217
159 218
159 219
159 221
159 222
159 227
159 231
159 241
159 247
159 250
159 254
160 161
160 172
160 187
160 201
160 203
160 205
160 208
160 211
160 217
160 219
160 220
160 222
160 226
160 234
160 237
160 252
160 254
161 162
161 166
161 182
161 183
161 191
161 192
161 197
161 198
161 199
161 211
161 212
161 232
161 251
161 256
162 164
162 165
162 179
162 182
162 185
162 198
162 200
162 202
162 204
162 205
162 206
162 211
162 213
162 230
162 232
162 233
162 245
162 248
162 250
162 252
162 256
163 164
163 172
163 176
163 178
163 173
163 180
163 182
163 183
163 195
163 197
163 203
163 210
163 213
163 214
163 217
163 220
163 230
163 231
163 235
163 236
163 242
163 244
163 248
163 256
164 165
164 169
164 171
164 168
164 170
164 177
164 184
164 185
164 186
164 190
164 196
164 198
164 200
164 201
164 209
164 216
164 217
164 229
164 232
164 238
164 244
164 245
165 166
165 168
165 173
165 174
165 175
165 180
165 182
165 186
165 203
165 225
165 227
165 229
165 230
165 234
165 240
166 167
166 171
166 181
166 184
166 186
166 193
166 214
166 226
166 232
166 233
166 234
166 243
166 245
166 248
167 170
167 171
167 172
167 175
167 178
167 179
167 182
167 188
167 189
167 191
167 196
167 204
167 212
167 217
167 220
167 221
167 228
167 231
167 240
167 241
167 242
167 247
167 248
167 254
168 170
168 171
168 177
168 179
168 183
168 184
168 196
168 203
168 204
168 205
168 212
168 214
168 220
168 233
168 236
168 237
168 239
168 240
168 256
169 170
169 171
169 182
169 187
169 189
169 194
169 197
169 199
169 200
169 202
169 204
169 212
169 214
169 215
169 217
169 218
169 219
169 222
169 233
169 236
169 243
169 248
169 249
169 250
170 171
170 172
170 175
170 178
170 181
170 187
170 188
170 205
170 209
170 212
170 213
170 219
170 222
170 225
170 226
170 230
170 237
170 238
170 242
170 247
170 249
170 253
170 256
171 178
171 189
171 191
171 194
171 195
171 196
171 197
171 202
171 211
171 216
171 217
171 229
171 231
171 232
171 233
171 234
171 238
171 241
171 247
171 251
171 255
172 173
172 175
172 180
172 182
172 186
172 190
172 195
172 197
172 200
172 204
172 205
172 209
172 213
172 229
172 232
172 233
173 174
173 178
173 180
173 181
173 183
173 184
173 191
173 213
173 231
173 232
173 233
173 237
173 242
173 248
173 250
174 179
174 185
174 190
174 201
174 209
174 218
174 224
174 231
174 234
174 236
174 237
174 238
174 252
175 179
175 185
175 193
175 196
175 197
175 199
175 204
175 205
175 208
175 209
175 215
175 221
175 224
175 233
175 234
175 235
175 239
175 240
175 242
175 243
175 246
175 250
175 251
175 253
176 177
176 181
176 191
176 196
176 202
176 204
176 212
176 219
176 222
176 224
176 234
176 239
176 242
176 244
176 248
176 252
177 186
177 190
177 192
177 202
177 204
177 212
177 214
177 225
177 228
177 229
177 236
177 242
177 248
177 250
177 252
177 256
178 180
178 193
178 197
178 201
178 212
178 214
178 225
178 230
178 232
178 234
178 238
178 244
178 249
178 251
179 180
179 184
179 186
179 181
179 189
179 193
179 196
179 201
179 202
179 208
179 218
179 225
179 228
179 230
179 245
179 246
179 250
179 253
179 256
180 181
180 183
180 189
180 202
180 203
180 207
180 217
180 221
180 225
180 226
180 228
180 236
180 242
180 245
180 248
181 182
181 185
181 187
181 188
181 190
181 197
181 199
181 210
181 223
181 231
181 232
181 235
181 244
181 249
182 193
182 202
182 206
182 215
182 216
182 217
182 220
182 224
182 230
182 231
182 233
182 243
182 244
183 188
183 193
183 203
183 205
183 232
183 233
183 246
183 256
184 185
184 187
184 188
184 193
184 195
184 208
184 224
184 227
184 229
184 231
184 232
184 233
184 244
184 245
184 247
184 254
185 188
185 196
185 214
185 221
185 228
185 230
185 236
185 251
186 188
186 189
186 199
186 217
186 234
186 239
186 247
186 255
187 188
187 190
187 196
187 205
187 214
187 218
187 231
187 233
187 236
187 239
187 248
187 250
188 189
188 194
188 199
188 216
188 228
188 230
188 233
188 237
188 244
188 250
188 252
188 256
189 191
189 194
189 202
189 203
189 211
189 216
189 217
189 221
189 224
189 225
189 229
189 234
189 245
189 252
190 191
190 194
190 196
190 212
190 213
190 216
190 221
190 234
190 242
190 246
191 192
191 196
191 205
191 206
191 215
191 218
191 223
191 226
191 232
191 235
191 242
191 251
192 193
192 196
192 202
192 209
192 212
192 215
192 220
192 223
192 227
192 238
192 239
192 247
192 253
193 198
193 199
193 201
193 204
193 209
193 210
193 216
193 220
193 227
193 233
193 240
193 241
193 242
193 253
194 195
194 211
194 219
194 223
194 225
194 198
194 205
194 208
194 209
194 210
194 215
194 217
194 228
194 232
194 240
194 253
194 256
195 196
195 204
195 208
195 210
195 206
195 231
195 233
195 235
195 236
195 237
195 243
195 256
196 197
196 201
196 203
196 216
196 217
196 225
196 226
196 232
196 241
196 244
196 250
196 256
197 198
197 200
197 209
197 211
197 214
197 215
197 216
197 217
197 226
197 230
197 233
197 234
197 236
197 237
197 238
197 240
197 252
197 253
198 199
198 200
198 208
198 211
198 212
198 221
198 227
198 229
198 235
198 237
198 242
198 244
198 250
198 251
198 255
199 204
199 208
199 211
199 212
199 227
199 228
199 229
199 239
199 244
199 247
200 202
200 204
200 210
200 215
200 221
200 222
200 224
200 229
200 237
200 238
200 244
200 247
201 202
201 203
201 205
201 210
201 217
201 221
201 225
201 232
201 246
202 209
202 210
202 211
202 228
202 229
202 232
202 235
202 236
202 241
202 246
202 254
202 256
203 208
203 212
203 214
203 217
203 225
203 234
203 237
203 239
203 240
203 243
203 251
203 253
204 205
204 207
204 231
204 232
204 243
204 244
204 254
205 206
205 210
205 211
205 213
205 214
205 216
205 224
205 226
205 228
205 235
205 242
205 247
205 252
205 253
206 210
206 221
206 231
206 232
206 238
206 247
206 250
206 254
206 256
207 213
207 216
207 221
207 226
207 231
207 239
207 242
207 243
207 253
207 256
208 209
208 215
208 221
208 230
208 239
208 241
208 245
208 254
208 256
209 211
209 212
209 224
209 232
209 246
209 247
209 248
209 252
209 253
209 254
210 215
210 218
210 227
210 232
210 233
210 238
210 240
210 247
210 251
211 212
211 216
211 218
211 215
211 234
211 246
211 247
211 252
212 213
212 215
212 216
212 217
212 219
212 224
212 226
212 232
212 240
212 242
212 246
212 250
212 252
213 214
213 216
213 220
213 222
213 246
214 217
214 219
214 221
214 222
214 226
214 227
214 238
214 247
214 248
214 249
215 216
215 217
215 218
215 223
215 233
215 234
215 243
215 244
215 245
215 246
215 248
215 252
215 255
215 256
216 217
216 223
216 228
216 230
216 231
216 234
216 237
216 238
216 242
216 247
216 249
217 218
217 223
217 224
217 229
217 235
217 238
217 239
217 242
217 245
217 254
217 255
217 256
218 219
218 222
218 223
218 227
218 235
218 241
218 244
218 247
218 250
218 256
219 220
219 222
219 231
219 243
219 245
219 249
219 256
220 221
220 236
220 239
220 242
220 250
220 251
221 224
221 228
221 237
221 238
221 239
221 248
222 230
222 232
222 238
222 249
222 255
223 224
223 225
223 226
223 227
223 235
223 237
223 241
223 246
223 248
223 251
224 242
225 230
225 240
225 243
225 245
225 246
225 247
225 248
226 227
226 235
226 239
226 241
226 234
226 236
226 243
226 249
227 228
227 232
227 234
227 233
227 238
227 246
227 247
227 250
227 253
227 254
228 229
228 231
228 230
228 236
228 242
228 244
228 245
228 247
228 248
228 251
228 252
228 253
228 254
228 255
229 230
229 234
229 239
229 247
229 248
229 251
230 235
230 236
230 237
230 239
230 245
230 256
231 248
231 255
232 233
232 244
232 245
232 250
232 255
232 256
233 234
233 235
233 245
233 246
233 247
234 236
234 242
234 252
235 236
235 238
235 246
235 251
236 237
236 246
236 253
237 238
237 239
237 241
237 243
237 245
237 256
238 248
238 253
238 255
239 240
239 241
239 242
240 242
240 247
240 252
241 243
241 244
241 252
242 243
242 247
242 249
242 248
242 253
243 244
243 246
243 252
244 245
244 248
245 247
245 253
245 254
245 256
246 247
246 248
247 248
247 251
247 254
249 250
250 251
250 253
250 255
251 252
254 255
254 256
1
