512 1 6881
1 2
1 258
1 386
1 450
1 482
1 498
1 506
1 510
1 512
1 43
1 52
1 60
1 78
1 84
1 85
1 94
1 111
1 146
1 216
1 233
1 237
1 252
1 288
1 291
1 353
1 366
1 405
1 410
1 442
1 456
1 462
1 478
1 490
2 3
2 131
2 195
2 227
2 243
2 251
2 255
2 257
2 19
2 21
2 35
2 70
2 99
2 132
2 149
2 186
2 189
2 191
2 204
2 221
2 250
2 254
2 297
2 299
2 378
2 388
2 434
2 438
2 460
2 503
3 4
3 68
3 100
3 116
3 124
3 128
3 130
3 13
3 35
3 89
3 93
3 95
3 125
3 132
3 154
3 160
3 164
3 172
3 178
3 198
3 212
3 219
3 254
3 257
3 290
3 301
3 306
3 307
3 312
3 313
3 344
3 347
3 401
3 443
3 449
3 471
4 5
4 37
4 53
4 61
4 65
4 67
4 11
4 32
4 83
4 86
4 107
4 112
4 135
4 139
4 150
4 160
4 202
4 220
4 250
4 254
4 264
4 266
4 318
4 345
4 394
4 398
4 417
4 424
4 430
4 450
5 6
5 22
5 30
5 34
5 36
5 8
5 26
5 70
5 108
5 110
5 128
5 149
5 172
5 198
5 228
5 254
5 262
5 359
5 360
5 372
5 377
5 382
5 387
5 390
5 421
5 439
5 474
5 480
5 510
6 7
6 15
6 19
6 21
6 29
6 71
6 88
6 103
6 124
6 144
6 184
6 193
6 261
6 269
6 295
6 296
6 315
6 319
6 327
6 330
6 336
6 361
6 366
6 492
7 8
7 12
7 14
7 18
7 33
7 70
7 97
7 132
7 174
7 199
7 204
7 211
7 239
7 246
7 302
7 354
7 359
7 371
7 376
7 382
7 403
7 434
7 466
7 482
8 9
8 11
8 36
8 37
8 50
8 75
8 103
8 106
8 125
8 151
8 204
8 220
8 244
8 273
8 310
8 321
8 347
8 362
8 424
8 436
8 446
8 467
8 487
8 488
8 493
9 10
9 31
9 39
9 52
9 93
9 98
9 112
9 125
9 135
9 157
9 158
9 202
9 223
9 230
9 257
9 262
9 270
9 294
9 296
9 317
9 324
9 331
9 342
9 388
9 389
9 395
9 416
9 468
10 13
10 55
10 70
10 84
10 115
10 147
10 153
10 170
10 177
10 204
10 207
10 254
10 268
10 275
10 279
10 281
10 325
10 418
10 428
10 439
10 443
10 449
10 505
11 55
11 56
11 58
11 73
11 89
11 147
11 148
11 207
11 223
11 226
11 235
11 252
11 264
11 281
11 289
11 307
11 322
11 323
11 354
11 372
11 391
11 401
11 455
11 459
11 465
11 468
11 489
11 505
11 508
12 13
12 30
12 45
12 49
12 58
12 62
12 102
12 112
12 116
12 117
12 138
12 154
12 159
12 163
12 166
12 185
12 238
12 242
12 265
12 268
12 271
12 309
12 345
12 352
12 362
12 389
12 412
12 427
12 435
12 466
12 499
12 502
13 17
13 27
13 29
13 38
13 61
13 132
13 139
13 152
13 164
13 235
13 248
13 258
13 262
13 293
13 313
13 364
13 370
13 373
13 383
13 388
13 438
13 440
13 468
13 492
13 501
14 41
14 52
14 53
14 118
14 152
14 156
14 163
14 231
14 234
14 240
14 243
14 273
14 275
14 328
14 330
14 354
14 368
14 383
14 403
14 407
14 410
14 432
14 460
14 466
15 16
15 18
15 78
15 81
15 116
15 128
15 140
15 141
15 155
15 170
15 195
15 207
15 218
15 246
15 251
15 304
15 338
15 360
15 364
15 385
15 388
15 416
15 472
15 499
16 17
16 20
16 43
16 68
16 80
16 93
16 101
16 149
16 159
16 165
16 175
16 183
16 188
16 202
16 308
16 318
16 336
16 392
16 399
16 402
16 412
16 430
16 433
16 450
16 478
16 499
16 501
17 22
17 34
17 92
17 119
17 135
17 141
17 158
17 164
17 194
17 198
17 206
17 211
17 216
17 223
17 230
17 274
17 291
17 338
17 345
17 368
17 421
17 447
17 469
17 487
17 492
17 494
18 28
18 43
18 71
18 167
18 178
18 221
18 238
18 242
18 248
18 275
18 284
18 358
18 366
18 387
18 404
18 406
18 410
18 414
18 423
18 461
18 490
18 506
19 20
19 80
19 91
19 94
19 106
19 113
19 118
19 119
19 158
19 177
19 188
19 221
19 228
19 232
19 242
19 255
19 261
19 277
19 283
19 284
19 303
19 331
19 341
19 352
19 366
19 373
19 375
19 490
19 496
19 499
19 511
20 28
20 42
20 46
20 55
20 83
20 87
20 90
20 150
20 154
20 180
20 206
20 217
20 257
20 273
20 286
20 313
20 317
20 330
20 338
20 355
20 375
20 379
20 442
20 453
20 473
20 475
21 43
21 70
21 74
21 86
21 97
21 125
21 174
21 187
21 212
21 215
21 241
21 259
21 265
21 280
21 291
21 301
21 304
21 310
21 312
21 351
21 356
21 411
21 423
21 475
21 479
21 481
22 23
22 27
22 29
22 76
22 111
22 133
22 154
22 178
22 205
22 206
22 209
22 224
22 255
22 283
22 284
22 286
22 305
22 323
22 347
22 358
22 364
22 377
22 382
22 446
22 469
22 475
22 483
22 488
22 512
23 24
23 26
23 30
23 40
23 64
23 80
23 130
23 143
23 149
23 155
23 171
23 172
23 205
23 206
23 226
23 245
23 249
23 259
23 266
23 320
23 331
23 357
23 383
23 416
23 418
23 432
23 441
23 458
23 460
23 466
23 473
23 510
24 25
24 31
24 41
24 51
24 98
24 117
24 129
24 151
24 168
24 187
24 211
24 237
24 312
24 318
24 419
24 442
24 445
24 463
24 466
24 476
24 492
24 495
25 52
25 59
25 94
25 109
25 121
25 122
25 133
25 165
25 208
25 235
25 243
25 346
25 373
25 375
25 377
25 385
25 419
25 454
25 480
25 494
25 500
26 41
26 72
26 83
26 91
26 106
26 120
26 132
26 162
26 172
26 220
26 231
26 236
26 277
26 281
26 298
26 311
26 313
26 321
26 366
26 370
26 374
26 409
26 453
26 505
27 28
27 35
27 52
27 53
27 77
27 130
27 145
27 162
27 168
27 198
27 199
27 218
27 247
27 277
27 279
27 282
27 292
27 319
27 362
27 403
27 411
27 429
27 431
27 468
28 44
28 50
28 52
28 63
28 77
28 90
28 95
28 96
28 120
28 123
28 180
28 184
28 188
28 229
28 231
28 283
28 290
28 329
28 354
28 355
28 368
28 390
28 394
28 450
28 494
28 495
29 43
29 44
29 54
29 63
29 69
29 74
29 85
29 97
29 114
29 129
29 141
29 170
29 203
29 206
29 217
29 237
29 238
29 241
29 295
29 305
29 329
29 341
29 414
29 417
29 429
29 431
29 443
29 463
29 505
30 31
30 33
30 62
30 116
30 171
30 179
30 184
30 207
30 214
30 227
30 239
30 261
30 280
30 290
30 306
30 332
30 355
30 356
30 417
30 422
30 423
30 426
30 427
30 438
30 443
30 448
30 451
30 485
30 496
30 507
31 32
31 47
31 65
31 91
31 97
31 114
31 118
31 122
31 127
31 135
31 158
31 239
31 253
31 346
31 353
31 401
31 406
31 424
31 450
31 465
31 472
32 57
32 67
32 165
32 192
32 208
32 211
32 246
32 255
32 266
32 270
32 286
32 338
32 342
32 370
32 391
32 404
32 423
32 458
32 472
33 51
33 77
33 89
33 108
33 116
33 234
33 244
33 280
33 298
33 307
33 309
33 324
33 346
33 361
33 391
33 407
33 414
33 421
33 451
33 461
33 467
33 479
34 35
34 52
34 74
34 95
34 138
34 152
34 264
34 265
34 267
34 291
34 293
34 300
34 313
34 372
34 402
34 420
34 423
34 431
34 435
34 444
34 467
34 509
35 46
35 98
35 101
35 118
35 142
35 160
35 194
35 209
35 234
35 242
35 272
35 366
35 384
35 387
35 397
35 401
35 465
35 511
36 50
36 55
36 69
36 92
36 105
36 123
36 134
36 136
36 137
36 144
36 177
36 185
36 189
36 214
36 216
36 217
36 231
36 289
36 307
36 309
36 329
36 330
36 372
36 414
36 441
36 470
36 474
36 483
36 495
37 38
37 46
37 50
37 52
37 71
37 93
37 95
37 105
37 125
37 163
37 178
37 209
37 230
37 236
37 241
37 252
37 253
37 271
37 297
37 302
37 340
37 359
37 386
37 399
37 418
37 438
37 466
37 473
37 487
37 496
37 503
38 39
38 43
38 45
38 75
38 119
38 127
38 130
38 168
38 195
38 215
38 272
38 275
38 279
38 294
38 307
38 485
38 491
39 40
39 42
39 45
39 77
39 165
39 167
39 180
39 185
39 219
39 230
39 231
39 249
39 271
39 302
39 319
39 336
39 346
39 352
39 357
39 362
39 367
39 434
39 447
39 469
39 474
39 491
40 41
40 74
40 88
40 113
40 114
40 127
40 196
40 253
40 260
40 289
40 309
40 320
40 334
40 346
40 349
40 361
40 386
40 399
40 423
40 440
40 449
40 510
41 43
41 47
41 55
41 62
41 66
41 67
41 124
41 125
41 134
41 148
41 166
41 180
41 224
41 242
41 251
41 291
41 309
41 338
41 405
41 408
41 425
41 427
41 436
41 476
41 496
42 76
42 100
42 204
42 244
42 263
42 286
42 313
42 315
42 332
42 374
42 389
42 390
42 406
42 409
42 489
43 44
43 71
43 92
43 101
43 103
43 105
43 131
43 153
43 180
43 208
43 233
43 238
43 247
43 251
43 255
43 322
43 328
43 332
43 335
43 347
43 381
43 382
43 410
43 441
43 483
43 499
44 58
44 63
44 75
44 95
44 104
44 109
44 159
44 172
44 199
44 237
44 272
44 280
44 344
44 389
44 393
44 423
44 433
44 459
44 468
44 474
44 511
44 512
45 156
45 207
45 217
45 223
45 239
45 246
45 259
45 283
45 287
45 299
45 346
45 372
45 397
45 432
45 477
45 479
45 491
45 507
46 47
46 49
46 48
46 144
46 149
46 183
46 190
46 196
46 215
46 219
46 224
46 257
46 269
46 288
46 316
46 333
46 336
46 339
46 353
46 360
46 374
46 423
46 467
46 502
46 504
47 48
47 64
47 74
47 82
47 104
47 119
47 142
47 144
47 152
47 170
47 176
47 179
47 201
47 208
47 219
47 220
47 245
47 247
47 274
47 286
47 312
47 330
47 354
47 372
47 409
47 415
47 424
47 459
47 476
47 477
47 506
48 65
48 79
48 107
48 125
48 170
48 183
48 196
48 204
48 215
48 225
48 243
48 247
48 254
48 293
48 304
48 317
48 367
48 368
48 430
48 443
48 446
48 477
49 66
49 71
49 74
49 78
49 80
49 87
49 94
49 108
49 124
49 160
49 181
49 199
49 206
49 211
49 254
49 280
49 291
49 317
49 332
49 348
49 360
49 384
49 387
49 396
49 405
49 409
49 466
49 484
49 488
49 494
50 51
50 81
50 103
50 104
50 111
50 112
50 119
50 132
50 166
50 178
50 184
50 185
50 195
50 215
50 228
50 235
50 244
50 271
50 284
50 285
50 320
50 350
50 383
50 421
50 438
50 472
50 504
50 508
51 62
51 75
51 85
51 143
51 162
51 195
51 210
51 219
51 235
51 236
51 246
51 249
51 266
51 276
51 282
51 295
51 314
51 360
51 410
51 421
51 428
51 496
51 502
51 509
52 68
52 89
52 100
52 105
52 108
52 142
52 155
52 166
52 168
52 181
52 182
52 201
52 238
52 268
52 270
52 324
52 345
52 363
52 377
52 387
52 412
52 425
52 426
52 504
53 54
53 58
53 60
53 64
53 91
53 111
53 114
53 126
53 145
53 156
53 196
53 216
53 230
53 231
53 244
53 276
53 287
53 291
53 331
53 347
53 350
53 351
53 362
53 370
53 371
53 376
53 405
53 435
53 436
53 444
53 475
53 480
53 512
54 55
54 57
54 58
54 77
54 88
54 89
54 109
54 130
54 144
54 150
54 177
54 185
54 186
54 232
54 235
54 241
54 251
54 273
54 278
54 311
54 315
54 329
54 364
54 383
54 397
54 407
54 413
54 425
54 439
54 444
54 457
54 460
54 473
54 478
54 483
54 504
55 56
55 72
55 73
55 109
55 115
55 118
55 120
55 124
55 146
55 152
55 158
55 160
55 162
55 174
55 177
55 224
55 250
55 251
55 269
55 271
55 329
55 351
55 390
55 426
55 444
55 450
55 460
55 482
55 484
55 500
55 501
56 75
56 97
56 129
56 204
56 250
56 266
56 292
56 294
56 311
56 320
56 420
56 424
56 425
56 481
57 71
57 87
57 139
57 145
57 153
57 233
57 243
57 244
57 248
57 260
57 297
57 335
57 336
57 341
57 360
57 452
57 495
58 59
58 95
58 119
58 121
58 130
58 132
58 134
58 138
58 139
58 168
58 184
58 195
58 247
58 288
58 301
58 324
58 333
58 360
58 371
58 397
58 407
58 416
58 442
58 493
58 497
58 501
58 512
59 81
59 95
59 103
59 137
59 154
59 169
59 176
59 190
59 233
59 243
59 280
59 312
59 317
59 354
59 382
59 389
59 404
59 418
59 457
59 483
59 489
60 110
60 128
60 154
60 183
60 208
60 281
60 306
60 316
60 332
60 359
60 367
60 378
60 394
60 436
60 453
60 455
60 463
60 475
60 483
60 496
61 62
61 64
61 68
61 75
61 128
61 138
61 139
61 151
61 178
61 181
61 201
61 225
61 230
61 269
61 272
61 314
61 319
61 320
61 325
61 328
61 335
61 379
61 391
61 396
61 415
61 464
61 505
62 63
62 82
62 166
62 174
62 191
62 194
62 210
62 213
62 214
62 274
62 278
62 286
62 305
62 316
62 374
62 393
62 396
62 401
62 411
62 449
63 80
63 84
63 136
63 163
63 174
63 176
63 203
63 231
63 236
63 258
63 290
63 305
63 306
63 310
63 317
63 319
63 343
63 348
63 351
63 354
63 355
63 357
63 372
63 392
63 402
63 443
63 481
63 490
64 67
64 111
64 143
64 163
64 174
64 203
64 221
64 233
64 242
64 247
64 258
64 291
64 305
64 309
64 324
64 333
64 358
64 392
64 407
64 410
64 420
64 430
64 444
64 455
64 460
64 497
65 66
65 71
65 86
65 95
65 96
65 109
65 142
65 143
65 152
65 181
65 192
65 203
65 217
65 220
65 228
65 235
65 237
65 246
65 284
65 297
65 345
65 382
65 389
65 397
65 426
65 443
65 477
66 81
66 162
66 194
66 254
66 273
66 274
66 306
66 339
66 363
66 369
66 370
66 375
66 383
66 385
66 387
66 401
66 412
66 423
66 434
66 439
66 455
66 467
66 481
66 486
67 76
67 99
67 106
67 123
67 125
67 150
67 185
67 197
67 201
67 215
67 220
67 221
67 230
67 253
67 266
67 285
67 344
67 350
67 386
67 401
67 456
67 464
68 69
68 85
68 93
68 97
68 99
68 70
68 82
68 119
68 143
68 165
68 177
68 190
68 191
68 192
68 207
68 278
68 287
68 299
68 323
68 328
68 331
68 342
68 347
68 349
68 368
68 435
68 442
68 456
68 486
68 490
68 508
69 70
69 78
69 82
69 84
69 73
69 87
69 90
69 127
69 139
69 160
69 167
69 183
69 303
69 324
69 360
69 366
69 374
69 375
69 387
69 417
69 443
69 449
69 463
69 472
70 71
70 75
70 77
70 90
70 118
70 135
70 178
70 186
70 262
70 284
70 314
70 318
70 347
70 354
70 397
70 403
70 421
71 72
71 74
71 113
71 115
71 133
71 158
71 164
71 223
71 279
71 306
71 395
71 399
71 411
71 444
71 453
71 482
71 512
72 73
72 139
72 190
72 268
72 283
72 292
72 326
72 336
72 342
72 377
72 386
72 417
72 431
72 433
72 464
72 484
73 89
73 90
73 133
73 203
73 210
73 237
73 240
73 261
73 275
73 332
73 333
73 380
73 418
73 432
73 441
73 451
73 490
73 495
73 501
74 79
74 84
74 87
74 108
74 192
74 211
74 244
74 245
74 249
74 265
74 289
74 298
74 311
74 317
74 325
74 328
74 342
74 343
74 409
74 414
74 416
74 440
74 474
74 496
75 76
75 96
75 159
75 182
75 206
75 230
75 236
75 243
75 269
75 276
75 289
75 316
75 336
75 347
75 371
75 411
75 432
75 483
76 127
76 146
76 162
76 167
76 173
76 176
76 264
76 280
76 287
76 311
76 335
76 355
76 357
76 369
76 392
76 426
76 446
76 464
76 505
77 100
77 112
77 122
77 125
77 132
77 135
77 136
77 189
77 229
77 242
77 243
77 245
77 250
77 256
77 263
77 266
77 306
77 332
77 341
77 360
77 366
77 370
77 373
77 376
77 407
77 452
77 464
77 475
77 490
78 79
78 81
78 94
78 145
78 184
78 193
78 220
78 302
78 362
78 401
78 426
78 460
78 464
78 466
78 467
78 500
78 511
79 80
79 124
79 140
79 336
79 397
79 426
80 91
80 101
80 170
80 213
80 221
80 246
80 265
80 304
80 308
80 346
80 351
80 394
80 419
80 426
80 483
80 495
80 497
81 225
81 251
81 268
81 292
81 299
81 305
81 310
81 317
81 340
81 392
81 447
81 456
82 83
82 84
82 89
82 124
82 143
82 165
82 173
82 197
82 199
82 203
82 209
82 213
82 224
82 232
82 271
82 290
82 321
82 341
82 374
82 384
82 406
82 427
82 449
82 491
83 109
83 110
83 136
83 166
83 169
83 174
83 240
83 252
83 276
83 279
83 316
83 327
83 400
83 437
83 462
83 463
83 480
83 485
83 498
84 96
84 109
84 110
84 113
84 118
84 121
84 125
84 126
84 145
84 182
84 237
84 253
84 258
84 271
84 279
84 280
84 294
84 317
84 347
84 369
84 372
84 428
84 429
84 437
85 86
85 90
85 92
85 101
85 116
85 126
85 129
85 160
85 170
85 195
85 201
85 220
85 252
85 255
85 272
85 276
85 280
85 298
85 304
85 323
85 340
85 381
85 409
85 417
85 420
85 438
85 457
85 477
85 489
85 512
86 87
86 89
86 107
86 108
86 139
86 163
86 174
86 188
86 192
86 204
86 207
86 227
86 231
86 291
86 295
86 322
86 324
86 339
86 342
86 359
86 373
86 402
86 408
86 417
86 426
86 433
86 441
86 450
86 494
86 495
86 505
87 88
87 142
87 184
87 213
87 227
87 261
87 262
87 266
87 267
87 271
87 279
87 286
87 291
87 323
87 402
87 450
87 454
87 488
87 495
88 127
88 137
88 146
88 160
88 205
88 220
88 223
88 239
88 244
88 254
88 263
88 269
88 277
88 312
88 327
88 338
88 339
88 358
88 379
88 393
88 419
88 435
88 455
88 456
88 459
88 462
88 468
88 495
88 497
89 98
89 104
89 112
89 196
89 224
89 273
89 294
89 299
89 328
89 335
89 336
89 369
89 378
89 385
89 407
89 411
89 418
89 456
90 91
90 131
90 136
90 149
90 166
90 170
90 176
90 203
90 215
90 243
90 258
90 313
90 324
90 326
90 367
90 385
90 429
90 443
90 512
91 93
91 100
91 102
91 114
91 115
91 120
91 134
91 148
91 155
91 209
91 253
91 274
91 279
91 313
91 338
91 366
91 383
91 384
91 390
91 465
91 467
91 483
91 494
91 497
92 93
92 94
92 122
92 128
92 150
92 163
92 214
92 225
92 323
92 345
92 367
92 398
92 399
92 442
92 487
92 491
92 501
92 507
93 94
93 96
93 100
93 115
93 138
93 143
93 146
93 164
93 189
93 217
93 219
93 249
93 262
93 274
93 311
93 384
93 402
93 413
93 415
93 416
93 420
93 457
93 473
93 497
94 95
94 109
94 115
94 128
94 132
94 136
94 150
94 154
94 172
94 174
94 175
94 215
94 216
94 226
94 240
94 322
94 343
94 394
94 396
94 418
94 436
94 474
94 498
94 504
95 119
95 137
95 145
95 172
95 187
95 195
95 208
95 227
95 229
95 241
95 254
95 258
95 361
95 392
95 394
95 415
95 498
96 131
96 138
96 142
96 179
96 183
96 186
96 197
96 203
96 209
96 215
96 250
96 325
96 350
96 352
96 390
96 409
96 430
96 439
96 457
96 479
96 501
97 98
97 102
97 165
97 203
97 211
97 212
97 215
97 286
97 342
97 346
97 369
97 483
97 484
97 502
97 507
98 111
98 120
98 146
98 149
98 194
98 203
98 218
98 287
98 296
98 309
98 311
98 324
98 325
98 338
98 369
98 385
98 387
98 395
98 413
98 417
98 432
98 436
98 456
98 458
98 461
98 466
98 470
98 471
98 503
98 509
99 153
99 170
99 245
99 246
99 296
99 304
99 313
99 327
99 341
99 346
99 350
99 352
99 353
99 428
99 437
99 442
99 452
99 461
99 511
100 101
100 109
100 113
100 115
100 116
100 130
100 140
100 145
100 168
100 170
100 192
100 211
100 220
100 239
100 247
100 250
100 376
100 398
100 404
100 411
100 415
100 420
100 422
100 426
100 470
100 484
101 102
101 106
101 108
101 112
101 122
101 203
101 212
101 258
101 283
101 304
101 315
101 319
101 357
101 406
101 410
101 413
101 485
101 511
102 103
102 105
102 164
102 166
102 181
102 187
102 219
102 221
102 222
102 271
102 305
102 479
102 480
102 496
103 104
103 114
103 126
103 132
103 137
103 244
103 246
103 283
103 308
103 310
103 322
103 362
103 367
103 407
103 423
103 452
103 462
103 475
103 489
103 496
103 502
104 109
104 114
104 163
104 198
104 218
104 241
104 284
104 303
104 304
104 330
104 333
104 335
104 362
104 365
104 407
104 438
104 461
104 487
104 511
105 122
105 129
105 159
105 170
105 194
105 202
105 249
105 260
105 287
105 292
105 293
105 310
105 316
105 357
105 369
105 381
105 400
105 420
105 422
105 431
105 454
106 107
106 108
106 167
106 181
106 182
106 205
106 232
106 236
106 243
106 247
106 276
106 278
106 286
106 301
106 308
106 320
106 322
106 372
106 392
106 393
106 437
106 447
106 468
106 481
106 510
107 128
107 145
107 192
107 275
107 305
107 309
107 344
107 353
107 359
107 424
107 437
107 461
107 464
107 465
107 479
107 498
107 508
108 142
108 158
108 180
108 191
108 223
108 233
108 278
108 290
108 311
108 344
108 347
108 358
108 390
108 410
108 443
108 452
108 499
108 500
109 110
109 112
109 157
109 158
109 167
109 181
109 206
109 229
109 313
109 366
109 370
109 371
109 404
109 408
109 418
109 421
109 423
109 450
109 482
109 484
109 509
110 111
110 147
110 167
110 177
110 188
110 196
110 204
110 206
110 211
110 227
110 233
110 236
110 260
110 275
110 350
110 371
110 405
110 406
110 435
110 440
110 463
110 475
110 506
111 141
111 188
111 189
111 231
111 251
111 259
111 266
111 268
111 333
111 336
111 351
111 368
111 375
111 386
111 433
111 455
111 456
111 480
112 161
112 229
112 243
112 289
112 300
112 301
112 312
112 321
112 333
112 357
112 363
112 394
112 395
112 400
112 406
112 416
112 444
112 452
112 464
112 467
112 480
112 483
112 489
113 114
113 136
113 139
113 156
113 169
113 202
113 208
113 214
113 235
113 240
113 253
113 271
113 284
113 297
113 344
113 351
113 368
113 376
113 389
113 423
113 431
113 443
113 497
114 132
114 142
114 156
114 187
114 206
114 227
114 243
114 287
114 288
114 301
114 305
114 310
114 329
114 348
114 370
114 395
114 415
114 426
114 432
114 451
114 465
114 502
114 504
115 119
115 199
115 256
115 286
115 294
115 308
115 317
115 326
115 328
115 350
115 357
115 387
115 422
115 428
115 439
115 445
115 467
115 483
116 117
116 121
116 123
116 233
116 271
116 287
116 298
116 303
116 315
116 317
116 353
116 362
116 365
116 387
116 441
116 475
116 478
116 509
116 510
117 118
117 120
117 142
117 146
117 157
117 162
117 206
117 214
117 221
117 267
117 284
117 287
117 386
117 411
117 416
117 450
117 472
117 492
117 495
117 511
118 119
118 126
118 162
118 174
118 176
118 189
118 220
118 234
118 241
118 253
118 278
118 282
118 295
118 350
118 371
118 405
118 486
119 122
119 136
119 147
119 150
119 224
119 242
119 246
119 251
119 254
119 286
119 299
119 317
119 354
119 408
119 444
119 459
119 499
120 135
120 145
120 184
120 239
120 241
120 247
120 251
120 266
120 278
120 283
120 286
120 292
120 294
120 381
120 420
120 433
120 456
120 473
120 481
120 486
120 488
121 122
121 137
121 139
121 152
121 153
121 169
121 171
121 178
121 183
121 186
121 203
121 209
121 216
121 220
121 228
121 268
121 270
121 285
121 333
121 374
121 446
122 129
122 143
122 159
122 168
122 172
122 183
122 193
122 218
122 221
122 228
122 257
122 267
122 281
122 333
122 395
122 415
122 434
122 438
122 444
122 477
123 139
123 146
123 159
123 169
123 254
123 273
123 285
123 327
123 362
123 383
123 388
123 421
123 460
123 473
123 507
124 125
124 127
124 128
124 167
124 172
124 216
124 223
124 238
124 266
124 269
124 272
124 293
124 305
124 311
124 318
124 322
124 342
124 350
124 487
124 512
125 126
125 182
125 232
125 237
125 260
125 295
125 303
125 306
125 370
125 381
125 388
125 409
125 414
125 415
125 417
125 419
125 474
125 510
126 134
126 137
126 151
126 156
126 181
126 193
126 208
126 244
126 246
126 251
126 304
126 306
126 368
126 390
126 427
126 438
126 448
126 465
127 142
127 257
127 301
127 306
127 326
127 337
127 341
127 345
127 356
127 360
127 421
127 429
127 438
127 453
127 477
127 498
127 508
128 129
128 149
128 155
128 179
128 200
128 238
128 255
128 259
128 288
128 331
128 394
128 397
128 432
128 453
128 460
128 461
128 505
129 145
129 161
129 170
129 199
129 205
129 218
129 221
129 285
129 286
129 322
129 330
129 360
129 419
129 480
129 484
129 503
130 131
130 135
130 147
130 168
130 179
130 187
130 213
130 247
130 257
130 284
130 285
130 293
130 296
130 317
130 328
130 350
130 380
130 388
130 396
130 403
130 404
130 405
130 419
130 433
130 470
130 487
131 132
131 164
131 180
131 188
131 192
131 194
131 149
131 151
131 158
131 202
131 235
131 261
131 262
131 286
131 291
131 315
131 316
131 317
131 325
131 328
131 340
131 375
131 377
131 381
131 409
131 444
131 445
131 461
131 470
131 471
131 482
131 492
131 498
131 504
132 133
132 149
132 157
132 161
132 163
132 152
132 193
132 215
132 217
132 222
132 324
132 367
132 402
132 404
132 413
132 429
132 441
132 457
132 476
133 134
133 142
133 146
133 148
133 163
133 167
133 168
133 169
133 176
133 181
133 210
133 234
133 284
133 292
133 334
133 350
133 357
133 396
133 432
133 458
133 467
133 475
133 480
133 484
133 489
133 494
133 500
134 135
134 139
134 141
134 150
134 158
134 227
134 243
134 270
134 280
134 354
134 358
134 405
134 433
134 463
134 465
134 489
135 136
135 138
135 137
135 168
135 174
135 219
135 258
135 265
135 281
135 290
135 292
135 304
135 312
135 336
135 337
135 342
135 365
135 403
135 419
135 420
135 421
135 444
135 455
135 458
135 469
136 137
136 141
136 142
136 204
136 215
136 250
136 270
136 295
136 378
136 486
136 495
137 141
137 148
137 152
137 162
137 168
137 175
137 185
137 198
137 226
137 230
137 383
137 456
137 478
137 483
137 512
138 178
138 206
138 229
138 239
138 260
138 273
138 288
138 311
138 320
138 336
138 344
138 417
138 419
138 445
138 447
138 462
138 497
138 502
138 504
139 140
139 158
139 164
139 199
139 215
139 225
139 236
139 254
139 260
139 283
139 300
139 379
139 383
139 393
139 438
139 446
139 461
139 472
139 482
139 485
139 506
139 511
140 147
140 161
140 167
140 170
140 173
140 177
140 208
140 232
140 255
140 304
140 307
140 332
140 345
140 375
140 385
140 390
140 401
140 444
140 452
140 504
141 147
141 148
141 170
141 171
141 174
141 178
141 186
141 189
141 196
141 213
141 222
141 275
141 293
141 304
141 308
141 427
141 430
141 463
141 478
141 512
142 143
142 145
142 157
142 180
142 193
142 195
142 222
142 223
142 231
142 288
142 299
142 344
142 373
142 389
142 417
142 426
142 453
142 460
142 481
142 493
142 497
143 144
143 160
143 175
143 184
143 226
143 250
143 253
143 325
143 383
143 405
143 431
143 443
143 445
143 448
143 471
144 163
144 182
144 205
144 208
144 228
144 229
144 236
144 238
144 242
144 265
144 290
144 291
144 306
144 325
144 336
144 349
144 354
144 357
144 373
144 381
144 438
144 455
144 510
145 162
145 195
145 232
145 265
145 274
145 285
145 304
145 315
145 343
145 359
145 393
145 433
145 439
145 449
145 481
145 490
145 505
145 506
146 147
146 152
146 163
146 195
146 197
146 226
146 236
146 237
146 263
146 304
146 332
146 335
146 339
146 364
146 403
146 414
146 416
146 437
146 458
146 471
146 480
146 484
146 495
146 498
147 150
147 182
147 407
147 412
147 455
147 456
147 458
147 460
147 469
148 181
148 199
148 253
148 279
148 285
148 288
148 306
148 334
148 365
148 377
148 381
148 433
148 441
148 471
148 483
148 484
148 510
149 150
149 154
149 156
149 151
149 163
149 173
149 189
149 197
149 267
149 275
149 300
149 305
149 309
149 316
149 348
149 358
149 377
149 412
149 420
149 425
149 431
149 470
149 478
150 151
150 153
150 158
150 180
150 189
150 198
150 204
150 227
150 228
150 247
150 273
150 287
150 308
150 341
150 343
150 349
150 386
150 423
150 425
150 442
150 461
150 479
150 487
150 510
151 152
151 156
151 163
151 189
151 207
151 222
151 237
151 285
151 290
151 291
151 309
151 313
151 333
151 349
151 357
151 358
151 374
151 382
151 394
151 401
151 415
151 428
151 432
151 433
151 446
151 447
151 460
152 155
152 157
152 236
152 246
152 260
152 273
152 331
152 333
152 336
152 345
152 354
152 361
152 362
152 371
152 374
152 380
152 410
152 413
152 449
152 453
152 483
153 158
153 185
153 194
153 233
153 236
153 238
153 251
153 259
153 285
153 294
153 313
153 353
153 357
153 369
153 372
153 405
153 435
153 440
153 444
153 453
153 482
153 483
153 503
153 504
153 505
154 155
154 156
154 175
154 182
154 220
154 221
154 239
154 250
154 278
154 287
154 339
154 414
154 434
154 475
155 161
155 177
155 188
155 190
155 194
155 209
155 223
155 292
155 314
155 317
155 318
155 324
155 365
155 371
155 378
155 384
155 428
155 444
155 469
155 508
156 157
156 194
156 211
156 288
156 290
156 333
156 340
156 344
156 346
156 378
156 407
156 463
156 507
156 510
157 158
157 160
157 163
157 171
157 223
157 253
157 277
157 279
157 304
157 307
157 313
157 322
157 333
157 352
157 355
157 386
157 410
157 427
157 428
157 431
157 461
157 466
157 503
158 159
158 173
158 208
158 218
158 259
158 351
158 361
158 379
158 383
158 402
158 427
158 432
158 467
158 494
158 504
159 195
159 214
159 217
159 295
159 299
159 301
159 354
159 361
159 397
159 405
159 425
159 445
159 489
160 174
160 184
160 224
160 261
160 276
160 278
160 304
160 323
160 342
160 415
160 436
160 471
160 482
160 503
160 506
161 162
161 166
161 172
161 192
161 202
161 227
161 241
161 291
161 308
161 318
161 335
161 351
161 352
161 368
161 380
161 425
161 430
161 453
161 463
161 468
161 495
161 502
162 169
162 170
162 172
162 200
162 227
162 241
162 242
162 252
162 255
162 278
162 282
162 295
162 306
162 326
162 361
162 366
162 368
162 443
162 450
162 460
162 472
162 495
163 202
163 214
163 223
163 245
163 248
163 270
163 275
163 301
163 304
163 308
163 327
163 331
163 344
163 369
163 385
163 387
163 394
163 398
163 402
163 423
163 467
163 495
163 507
164 165
164 173
164 177
164 179
164 167
164 189
164 256
164 270
164 293
164 328
164 370
164 401
164 481
165 166
165 170
165 172
165 175
165 249
165 267
165 287
165 295
165 365
165 442
165 489
166 167
166 169
166 171
166 178
166 208
166 216
166 236
166 245
166 256
166 303
166 320
166 321
166 347
166 356
166 397
166 444
166 501
166 505
166 508
167 168
167 178
167 184
167 189
167 243
167 262
167 265
167 284
167 292
167 334
167 336
167 354
167 361
167 436
167 479
168 193
168 206
168 231
168 233
168 243
168 305
168 330
168 353
168 355
168 359
168 363
168 416
168 425
168 431
168 434
168 444
168 461
168 469
168 470
168 483
169 174
169 183
169 197
169 229
169 245
169 249
169 276
169 295
169 322
169 364
169 381
169 442
169 450
170 171
170 237
170 238
170 242
170 264
170 302
170 307
170 330
170 346
170 355
170 387
170 392
170 405
170 434
170 456
170 458
170 465
170 467
170 473
170 482
170 510
171 187
171 189
171 210
171 255
171 263
171 273
171 279
171 280
171 319
171 401
171 418
171 422
171 433
171 435
171 437
171 456
171 464
171 477
171 484
171 505
172 221
172 269
172 281
172 307
172 319
172 346
172 348
172 359
172 381
172 417
172 446
172 463
172 466
172 470
172 505
173 174
173 176
173 177
173 180
173 187
173 196
173 199
173 214
173 221
173 236
173 285
173 302
173 321
173 430
173 442
173 472
173 478
173 488
173 494
174 175
174 207
174 227
174 257
174 272
174 358
174 361
174 365
174 376
174 418
174 461
174 488
175 196
175 204
175 214
175 223
175 234
175 240
175 306
175 310
175 344
175 350
175 374
175 449
175 457
175 488
175 497
175 498
175 502
176 206
176 221
176 237
176 274
176 280
176 291
176 337
176 390
176 457
176 468
176 496
176 497
177 178
177 188
177 211
177 215
177 225
177 232
177 234
177 247
177 252
177 255
177 287
177 321
177 352
177 354
177 373
177 382
177 392
177 403
177 409
177 414
177 445
177 481
178 193
178 198
178 233
178 244
178 297
178 314
178 340
178 370
178 411
178 428
178 439
178 441
178 442
178 451
178 458
178 461
178 477
179 183
179 185
179 190
179 198
179 241
179 271
179 290
179 294
179 318
179 360
179 369
179 375
179 395
179 401
179 441
179 450
179 464
179 466
180 181
180 185
180 187
180 186
180 200
180 203
180 206
180 216
180 265
180 272
180 296
180 371
180 376
180 393
180 428
180 445
180 453
180 469
180 473
180 511
181 182
181 184
181 190
181 197
181 210
181 214
181 226
181 256
181 324
181 394
181 449
181 471
181 498
181 499
182 183
182 237
182 255
182 280
182 290
182 309
182 324
182 337
182 341
182 371
182 375
182 423
182 437
182 438
183 213
183 239
183 263
183 283
183 361
183 375
183 420
183 422
183 463
183 478
184 187
184 190
184 196
184 231
184 270
184 274
184 324
184 329
184 331
184 367
184 433
184 456
184 495
184 498
185 186
185 197
185 223
185 237
185 257
185 260
185 325
185 328
185 341
185 356
185 360
185 361
185 368
185 372
185 386
185 393
185 404
185 427
185 444
185 463
185 477
185 503
185 506
185 508
186 192
186 202
186 203
186 240
186 255
186 266
186 276
186 277
186 341
186 423
186 438
186 473
186 493
186 497
187 233
187 239
187 244
187 247
187 318
187 332
187 369
187 382
187 390
187 392
187 430
187 454
187 458
187 488
187 496
187 504
188 189
188 191
188 202
188 212
188 215
188 216
188 228
188 236
188 257
188 267
188 293
188 301
188 304
188 305
188 306
188 321
188 342
188 353
188 358
188 359
188 384
188 406
188 414
188 464
188 503
189 190
189 226
189 259
189 265
189 267
189 274
189 283
189 286
189 306
189 357
189 360
189 365
189 427
189 429
189 440
189 448
189 460
189 475
189 476
189 481
189 487
190 199
190 220
190 327
190 334
190 396
190 447
191 210
191 262
191 284
191 300
191 353
191 370
191 396
191 399
191 400
191 404
191 405
191 411
191 415
191 425
191 437
191 458
191 460
191 476
191 504
192 193
192 274
192 281
192 297
192 306
192 312
192 319
192 342
192 385
192 390
192 434
192 467
192 471
192 476
192 490
192 502
192 506
193 199
193 227
193 230
193 275
193 287
193 301
193 306
193 323
193 339
193 343
193 345
193 358
193 366
193 398
193 403
193 453
193 458
193 476
194 196
194 239
194 254
194 257
194 265
194 269
194 271
194 273
194 294
194 300
194 364
194 368
194 383
194 387
194 393
194 404
194 408
194 438
194 449
194 464
194 466
195 196
195 212
195 220
195 224
195 226
195 215
195 232
195 267
195 277
195 325
195 348
195 355
195 363
195 369
195 370
195 394
195 397
195 398
195 418
195 443
195 475
195 501
195 508
196 197
196 205
196 209
196 211
196 200
196 215
196 232
196 235
196 310
196 327
196 334
196 335
196 359
196 366
196 369
196 382
196 389
196 399
196 414
196 417
196 418
196 422
196 435
196 444
196 453
196 456
196 483
196 494
197 198
197 202
197 204
197 226
197 249
197 251
197 256
197 296
197 328
197 386
197 480
197 482
197 487
197 503
198 199
198 201
198 200
198 212
198 224
198 227
198 305
198 323
198 329
198 335
198 354
198 368
198 413
198 431
198 459
198 485
199 200
199 208
199 218
199 229
199 240
199 244
199 247
199 260
199 280
199 294
199 311
199 315
199 338
199 341
199 346
199 364
199 366
199 387
199 415
199 447
199 450
199 481
200 207
200 209
200 220
200 226
200 248
200 259
200 282
200 285
200 313
200 314
200 318
200 353
200 367
200 423
200 432
200 449
200 454
200 457
200 465
200 494
200 497
201 207
201 244
201 245
201 248
201 286
201 311
201 393
201 404
201 477
201 496
202 203
202 229
202 230
202 234
202 255
202 265
202 291
202 303
202 343
202 355
202 391
202 397
202 407
202 437
202 449
202 467
202 502
203 204
203 209
203 215
203 283
203 288
203 313
203 314
203 325
203 334
203 368
203 369
203 414
203 435
203 465
203 486
204 207
204 216
204 222
204 236
204 241
204 292
204 308
204 313
204 336
204 362
204 370
204 377
204 402
204 408
205 206
205 208
205 207
205 216
205 222
205 284
205 285
205 323
205 333
205 337
205 354
205 370
205 388
205 394
205 410
205 414
205 434
205 451
205 476
205 477
205 492
206 207
206 216
206 218
206 229
206 255
206 256
206 257
206 266
206 303
206 365
206 371
206 396
206 406
206 416
206 417
206 418
206 425
206 426
206 444
206 458
206 461
206 468
206 469
207 221
207 230
207 236
207 246
207 260
207 274
207 291
207 302
207 305
207 306
207 322
207 336
207 365
207 418
207 423
207 430
207 466
207 467
207 475
207 485
207 495
207 504
208 241
208 278
208 279
208 287
208 324
208 326
208 366
208 372
208 388
208 394
208 395
208 452
208 463
209 210
209 215
209 224
209 237
209 246
209 296
209 307
209 312
209 317
209 324
209 327
209 339
209 356
209 363
209 384
209 451
209 468
209 473
209 481
209 491
210 221
210 272
210 329
210 337
210 355
210 394
210 407
210 432
210 452
210 479
210 497
210 501
210 512
211 230
211 234
211 238
211 258
211 300
211 305
211 324
211 327
211 344
211 370
211 378
211 405
211 406
211 428
211 445
211 476
211 486
211 505
212 213
212 217
212 219
212 214
212 225
212 334
212 336
212 338
212 340
212 380
212 390
212 405
212 411
212 443
212 480
212 484
212 505
212 509
213 214
213 216
213 262
213 292
213 317
213 346
213 366
213 403
213 460
213 485
213 501
213 504
214 215
214 237
214 261
214 263
214 264
214 273
214 281
214 294
214 310
214 320
214 369
214 378
214 399
214 415
214 418
214 432
214 433
214 456
214 470
215 249
215 263
215 277
215 286
215 305
215 381
215 424
215 427
215 455
215 495
215 496
215 499
216 231
216 248
216 281
216 284
216 297
216 298
216 309
216 317
216 350
216 354
216 367
216 400
216 465
216 491
217 218
217 226
217 235
217 237
217 246
217 264
217 273
217 276
217 291
217 300
217 316
217 354
217 409
217 416
217 417
217 431
217 469
217 475
217 478
217 494
218 224
218 227
218 267
218 268
218 395
218 400
218 403
218 457
218 458
218 474
218 480
218 484
218 495
219 231
219 260
219 273
219 291
219 317
219 319
219 373
219 376
219 384
219 386
219 408
219 436
219 439
219 465
219 488
219 512
220 221
220 223
220 285
220 288
220 295
220 344
220 366
220 380
220 388
220 406
220 435
220 474
220 482
220 489
221 222
221 244
221 286
221 289
221 308
221 327
221 331
221 349
221 374
221 380
221 395
221 425
221 435
221 481
221 488
221 500
222 251
222 306
222 311
222 338
222 351
222 368
222 376
222 400
222 411
222 424
222 429
222 437
222 477
222 489
223 247
223 274
223 283
223 292
223 298
223 300
223 352
223 363
223 398
223 409
223 423
223 425
223 436
223 468
223 497
224 225
224 243
224 269
224 290
224 298
224 302
224 352
224 372
224 401
224 416
224 429
224 450
224 453
224 460
224 481
224 489
224 505
224 510
225 229
225 249
225 257
225 270
225 291
225 293
225 315
225 323
225 325
225 345
225 365
225 391
225 419
225 423
225 433
225 468
225 472
225 478
225 501
226 241
226 244
226 259
226 280
226 285
226 292
226 299
226 327
226 345
226 348
226 374
226 376
226 382
226 396
226 405
226 423
226 425
226 430
226 451
226 466
226 468
226 475
226 489
226 501
226 510
227 228
227 236
227 240
227 242
227 229
227 283
227 291
227 292
227 360
227 417
227 432
227 469
227 477
227 486
227 509
228 229
228 233
228 235
228 262
228 263
228 269
228 294
228 324
228 368
228 382
228 387
228 398
228 402
228 451
228 463
229 230
229 232
229 235
229 257
229 275
229 286
229 316
229 327
229 334
229 339
229 366
229 485
229 487
229 493
230 231
230 263
230 290
230 310
230 343
230 349
230 361
230 438
230 440
230 452
231 236
231 238
231 251
231 255
231 280
231 310
231 323
231 382
231 411
231 462
231 477
231 479
231 499
232 256
232 260
232 263
232 269
232 277
232 278
232 343
232 344
232 365
232 387
232 415
232 454
232 506
232 507
232 511
233 234
233 240
233 249
233 252
233 269
233 283
233 312
233 319
233 346
233 352
233 355
233 427
233 437
233 438
233 458
233 472
233 482
234 294
234 303
234 337
234 355
234 381
234 410
234 472
234 475
234 498
234 500
235 269
235 271
235 281
235 306
235 318
235 319
235 359
235 375
235 377
235 391
235 408
235 410
235 419
235 420
235 493
235 497
236 237
236 239
236 253
236 261
236 307
236 317
236 336
236 347
236 382
236 386
236 398
236 426
236 458
236 465
237 238
237 241
237 263
237 287
237 291
237 303
237 306
237 323
237 334
237 367
237 398
237 423
237 483
237 497
237 500
237 505
237 507
238 277
238 281
238 283
238 290
238 314
238 319
238 358
238 359
238 382
238 418
238 434
238 442
238 444
238 494
239 252
239 280
239 369
239 372
239 449
239 497
240 241
240 264
240 288
240 320
240 354
240 376
240 385
240 388
240 407
240 416
240 428
240 430
240 454
240 496
240 499
241 279
241 316
241 317
241 325
241 429
241 439
241 441
241 452
241 497
241 498
242 324
242 338
242 349
242 435
242 443
242 447
242 448
242 496
242 505
242 510
243 244
243 248
243 250
243 246
243 264
243 320
243 335
243 348
243 401
243 413
243 460
243 468
243 475
244 245
244 247
244 252
244 286
244 343
244 360
244 363
244 372
244 405
244 424
244 428
244 431
244 472
244 484
244 497
245 246
245 299
245 300
245 305
245 347
245 352
245 389
245 437
245 455
245 497
246 248
246 272
246 314
246 337
246 341
246 406
246 411
246 434
246 436
246 458
246 464
246 478
247 311
247 352
247 355
247 365
247 366
247 370
247 377
247 381
247 409
247 433
247 451
247 509
248 249
248 256
248 299
248 310
248 354
248 434
248 440
248 449
248 505
249 380
249 391
249 427
249 450
250 257
250 258
250 263
250 300
250 318
250 324
250 331
250 345
250 355
250 362
250 363
250 371
250 377
250 381
250 383
250 393
250 412
250 421
250 488
250 489
250 491
250 500
250 509
251 252
251 254
251 270
251 324
251 352
251 369
251 382
251 413
251 438
251 441
251 454
251 490
251 504
252 253
252 266
252 279
252 295
252 303
252 345
252 408
252 415
252 421
252 440
252 462
252 467
252 494
252 504
252 512
253 278
253 305
253 319
253 320
253 354
253 430
253 432
253 504
254 255
254 294
254 328
254 374
254 380
254 459
254 483
254 498
254 502
254 504
255 256
255 285
255 287
255 310
255 327
255 330
255 344
255 355
255 361
255 381
255 390
255 391
255 393
255 419
255 431
255 435
255 489
256 270
256 282
256 303
256 309
256 356
256 385
256 431
256 498
256 509
257 269
257 291
257 292
257 443
257 493
257 505
258 259
258 323
258 355
258 371
258 379
258 383
258 385
258 320
258 334
258 338
258 350
258 392
258 400
258 443
258 446
258 465
258 506
259 260
259 292
259 308
259 316
259 320
259 322
259 261
259 273
259 293
259 339
259 395
259 430
259 445
259 450
259 461
259 472
259 489
259 497
259 506
259 509
260 261
260 277
260 285
260 289
260 291
260 283
260 284
260 295
260 321
260 322
260 324
260 326
260 333
260 344
260 346
260 355
260 364
260 365
260 369
260 404
260 420
260 433
260 458
260 486
260 495
261 262
261 270
261 274
261 276
261 273
261 278
261 313
261 314
261 317
261 337
261 370
261 384
261 404
261 415
261 418
261 422
262 263
262 267
262 269
262 307
262 316
262 317
262 335
262 391
262 414
262 439
262 449
262 483
262 496
262 511
263 264
263 266
263 275
263 278
263 350
263 379
263 440
263 442
263 452
263 471
264 265
264 273
264 303
264 318
264 319
264 350
264 352
264 393
264 397
264 414
264 439
264 445
264 446
264 455
264 463
264 499
265 284
265 287
265 349
265 359
265 377
265 379
265 383
265 403
265 433
265 439
265 484
265 489
265 502
266 282
266 283
266 287
266 290
266 291
266 295
266 297
266 333
266 341
266 344
266 417
266 437
266 453
266 460
266 471
266 476
266 511
267 268
267 270
267 273
267 309
267 335
267 343
267 424
267 428
267 434
267 435
267 441
267 450
267 459
267 471
267 473
268 280
268 303
268 370
268 378
268 380
268 391
268 444
268 447
268 455
268 468
268 491
269 279
269 297
269 321
269 396
269 415
269 419
269 430
269 440
269 450
269 465
269 488
270 271
270 273
270 284
270 329
270 364
270 373
270 379
270 380
270 399
270 449
271 272
271 305
271 314
271 319
271 330
271 353
271 403
271 412
271 418
271 423
271 452
271 453
271 507
272 274
272 359
272 369
272 370
272 380
272 423
272 431
272 453
272 464
272 494
273 295
273 299
273 307
273 308
273 312
273 323
273 338
273 344
273 404
273 418
273 460
273 488
274 275
274 309
274 319
274 364
274 381
274 410
274 412
274 428
274 429
274 450
274 457
274 464
275 284
275 285
275 324
275 326
275 336
275 347
275 348
275 357
275 368
275 375
275 380
275 400
275 401
275 423
275 475
275 504
276 291
276 329
276 342
276 351
276 356
276 366
276 380
276 400
276 434
276 448
276 451
276 464
276 506
277 278
277 282
277 284
277 287
277 313
277 327
277 479
277 510
278 279
278 281
278 302
278 312
278 361
278 423
278 425
278 431
278 468
278 502
279 280
279 302
279 304
279 349
279 362
279 370
279 432
279 454
279 458
279 473
280 283
280 295
280 328
280 332
280 341
280 345
280 354
280 446
280 453
280 468
280 471
280 480
281 293
281 351
281 362
281 380
281 385
281 393
281 416
281 431
281 472
281 505
281 509
281 510
282 283
282 284
282 288
282 290
282 291
282 300
282 307
282 355
282 396
282 411
282 417
282 423
282 424
282 428
282 480
283 285
283 289
283 306
283 316
283 361
283 378
283 397
283 409
283 426
283 454
283 474
283 483
283 502
283 508
283 511
284 290
284 294
284 297
284 319
284 324
284 353
284 366
284 372
284 379
284 381
284 408
284 416
284 426
284 466
284 505
284 509
285 286
285 288
285 335
285 363
285 372
285 389
285 392
285 424
285 435
285 472
285 479
285 488
286 287
286 308
286 316
286 337
286 348
286 350
286 357
286 360
286 390
286 396
286 402
286 409
286 460
286 465
286 469
286 477
286 479
286 510
287 319
287 328
287 332
287 342
287 351
287 407
287 433
287 441
287 453
287 472
287 482
287 483
288 334
288 362
288 378
288 381
288 383
288 421
288 457
288 470
288 493
288 496
289 290
289 297
289 310
289 332
289 356
289 385
289 392
289 458
290 307
290 322
290 323
290 336
290 345
290 351
290 404
290 422
290 432
290 440
290 450
290 473
290 488
291 292
291 314
291 343
291 386
291 393
291 398
291 404
291 423
291 458
292 293
292 301
292 305
292 307
292 317
292 335
292 349
292 353
292 372
292 377
292 413
292 424
292 460
292 467
292 475
292 478
292 495
292 497
293 294
293 298
293 300
293 310
293 324
293 343
293 363
293 376
293 392
293 417
293 421
293 440
293 465
294 295
294 297
294 296
294 307
294 339
294 348
294 363
294 366
294 380
294 388
294 450
294 451
294 463
295 296
295 342
295 344
295 353
295 357
295 373
295 403
295 404
295 413
295 418
295 426
295 432
295 492
295 505
296 304
296 348
296 358
296 363
296 381
296 388
296 415
296 416
296 428
296 488
296 492
296 494
297 359
297 372
297 383
297 437
297 478
298 299
298 309
298 329
298 415
298 448
298 465
298 480
299 316
299 317
299 379
299 392
299 430
299 444
299 469
299 509
300 304
300 306
300 311
300 320
300 337
300 339
300 342
300 390
300 430
300 433
300 435
300 470
300 476
301 302
301 304
301 338
301 378
301 385
301 386
301 391
301 476
301 477
301 478
301 493
302 303
302 317
302 328
302 343
302 347
302 360
302 370
302 409
302 434
302 491
302 494
303 337
303 374
303 398
303 404
303 405
303 424
303 466
303 472
303 478
303 496
303 509
304 311
304 322
304 345
304 415
304 424
304 425
304 476
304 483
304 497
304 500
304 503
304 505
304 511
305 306
305 312
305 315
305 316
305 338
305 446
305 448
305 467
305 504
306 343
306 346
306 348
306 367
306 411
306 454
306 476
306 478
306 480
306 486
306 500
306 506
307 318
307 322
307 334
307 346
307 372
307 389
307 433
307 482
307 490
307 506
308 309
308 313
308 315
308 318
308 336
308 361
308 383
308 384
308 443
308 450
308 473
308 508
309 310
309 312
309 323
309 332
309 344
309 356
309 373
309 378
309 414
309 420
309 451
310 311
310 317
310 320
310 344
310 345
310 361
310 364
310 366
310 369
310 372
310 400
310 402
310 438
310 452
310 457
310 468
310 494
311 349
311 364
311 390
311 401
311 428
311 456
311 472
312 330
312 354
312 358
312 374
312 383
312 484
312 488
312 499
313 314
313 377
313 379
313 393
313 404
313 422
313 439
313 453
313 462
313 464
313 475
313 480
314 329
314 343
314 371
314 376
314 391
314 393
314 396
314 437
314 441
314 447
314 469
314 479
314 503
315 372
315 389
315 410
315 476
315 506
316 317
316 319
316 351
316 352
316 409
316 420
316 466
316 472
316 474
316 483
316 510
317 318
317 325
317 344
317 368
317 369
317 387
317 412
317 418
317 423
317 438
317 459
317 467
317 484
318 378
318 384
318 399
318 435
318 455
318 458
318 492
319 326
319 354
319 375
319 424
319 433
319 457
319 459
319 469
319 480
319 511
320 321
320 347
320 365
320 374
320 375
320 394
320 417
320 424
320 463
321 345
321 350
321 356
321 360
321 370
321 388
321 403
321 411
321 460
321 488
321 497
321 501
321 511
322 371
322 398
322 403
322 427
322 430
322 466
322 488
322 496
322 502
323 324
323 340
323 348
323 352
323 354
323 382
323 391
323 399
323 412
323 417
323 423
323 435
323 438
323 439
323 450
323 464
323 476
323 485
323 500
324 325
324 333
324 337
324 339
324 344
324 345
324 355
324 364
324 374
324 390
324 406
324 409
324 480
325 326
325 330
325 332
325 335
325 350
325 364
325 389
325 397
325 449
325 506
326 327
326 329
326 331
326 393
326 415
326 422
326 441
326 476
327 328
327 349
327 357
327 419
327 444
327 469
327 485
327 488
328 345
328 386
328 389
328 392
328 393
328 460
328 506
329 331
329 340
329 364
329 369
329 381
329 384
329 387
329 392
329 466
329 484
329 494
329 512
330 331
330 337
330 364
330 389
330 391
330 394
330 422
330 436
330 491
330 501
331 340
331 410
331 421
331 429
331 432
331 435
331 459
331 481
331 487
332 338
332 364
332 378
332 387
332 408
332 422
332 487
333 334
333 336
333 355
333 400
333 401
333 451
333 452
333 458
333 459
333 465
333 494
334 335
334 337
334 356
334 369
334 374
334 411
334 477
334 511
335 374
335 390
335 408
335 449
335 455
335 464
335 483
336 349
336 358
336 363
336 367
336 378
336 381
336 384
336 394
336 405
336 430
336 455
336 457
336 476
336 480
336 499
336 507
337 338
337 350
337 382
337 386
337 392
337 400
337 410
337 435
337 439
337 452
337 482
337 495
338 348
338 377
338 380
338 383
338 413
338 424
338 444
338 469
338 473
338 481
339 409
339 418
339 451
339 477
339 495
339 500
339 506
339 511
340 341
340 345
340 347
340 369
340 409
340 508
341 342
341 344
341 378
341 396
341 399
341 406
341 419
341 428
341 430
341 465
341 476
341 511
342 343
342 356
342 393
342 416
342 418
342 422
342 436
342 444
342 466
342 471
342 508
343 365
343 369
343 382
343 385
343 434
343 453
344 345
344 388
344 396
344 403
344 448
345 346
345 366
345 384
345 428
345 431
345 472
345 481
346 380
346 404
346 423
346 467
346 483
346 503
347 352
347 360
347 368
347 405
347 412
347 472
347 492
347 500
347 503
347 508
348 349
348 351
348 380
348 416
348 433
348 446
348 460
348 474
349 350
349 354
349 412
349 427
349 478
349 506
349 511
350 372
350 382
350 390
350 406
350 409
350 423
350 431
350 447
350 474
351 359
351 425
351 486
351 501
352 353
352 372
352 375
352 388
352 405
352 444
352 468
353 359
353 381
353 395
353 417
353 418
353 419
353 463
353 477
353 495
354 369
354 390
354 412
354 423
354 434
354 448
355 356
355 364
355 368
355 370
355 358
355 361
355 367
355 375
355 411
355 462
355 474
355 483
355 485
355 510
356 357
356 361
356 363
356 409
356 414
356 468
356 472
356 481
356 500
357 358
357 360
357 397
357 424
357 433
357 434
357 456
357 464
357 496
358 359
358 377
358 391
358 413
358 438
358 460
358 462
358 487
358 494
358 498
358 510
359 389
359 409
359 414
359 432
359 460
359 462
359 464
359 482
359 500
360 363
360 386
360 398
360 478
360 481
360 510
361 362
361 409
361 411
361 414
361 425
361 427
361 444
361 479
361 498
362 443
362 447
362 453
362 456
362 470
362 493
362 503
362 506
363 380
363 430
363 456
363 478
363 480
363 508
363 510
364 365
364 367
364 422
364 445
364 446
364 478
364 483
364 485
364 495
364 505
365 366
365 400
365 443
365 458
365 468
365 500
366 377
366 385
366 416
366 437
366 443
366 467
366 481
366 494
366 495
367 380
367 426
367 492
367 498
368 369
368 471
368 503
369 376
369 440
369 454
369 491
370 437
371 372
371 376
371 378
371 402
371 450
371 452
371 480
371 493
371 496
372 373
372 375
372 380
372 385
372 431
372 447
372 459
372 496
372 510
373 374
373 384
373 433
373 480
373 496
374 397
374 413
374 447
374 460
374 462
374 481
374 489
374 497
375 383
375 387
375 400
375 405
375 432
375 478
375 487
375 495
375 502
376 377
376 447
376 451
376 457
376 480
376 505
376 511
377 397
377 407
377 435
377 442
377 466
377 508
378 393
378 436
378 474
378 486
378 492
379 380
379 382
379 400
379 418
379 419
379 424
379 427
379 460
380 381
380 394
380 437
380 454
380 464
380 486
380 504
381 408
381 413
381 427
381 446
381 476
382 457
382 499
382 503
383 384
383 400
383 407
383 445
383 458
383 461
383 480
383 493
383 505
383 511
384 395
384 471
384 479
384 491
385 387
385 405
385 420
385 447
385 475
385 495
385 504
386 387
386 419
386 435
386 443
386 447
386 449
386 418
386 428
386 432
386 452
386 470
386 477
386 480
386 505
386 506
386 512
387 388
387 404
387 412
387 416
387 418
387 396
387 422
387 438
387 440
387 459
387 495
388 389
388 397
388 401
388 403
388 399
388 413
388 414
388 423
388 435
388 444
388 500
388 507
389 390
389 394
389 396
389 412
389 419
389 437
389 450
390 391
390 393
390 405
390 407
390 430
390 447
390 453
390 454
390 459
390 465
390 482
390 498
390 505
390 510
391 392
391 412
391 417
391 430
391 444
392 410
392 413
392 458
392 498
393 395
393 399
393 436
393 437
393 483
393 501
393 512
394 395
394 425
394 437
394 448
394 455
394 464
394 473
394 507
395 408
395 410
395 453
395 470
395 500
395 504
396 408
396 478
396 480
397 398
397 400
397 432
397 439
397 467
398 399
398 402
398 407
398 413
398 414
398 455
398 501
398 506
399 415
399 429
400 401
400 441
400 473
400 493
401 402
401 420
401 493
401 502
402 406
402 421
402 425
402 440
402 449
402 465
403 404
403 429
403 447
403 460
403 502
404 405
404 409
404 411
404 419
404 422
404 445
404 446
404 452
404 506
405 406
405 408
405 418
405 419
405 439
405 459
405 460
405 481
405 510
406 407
406 410
406 476
406 480
406 481
406 482
406 499
406 501
406 511
407 426
407 459
407 509
408 432
408 444
408 469
408 511
409 410
409 439
409 451
409 458
409 462
409 465
410 451
410 464
410 468
410 481
411 454
411 494
412 413
412 415
412 421
412 472
412 496
413 414
413 416
413 424
413 458
413 493
414 454
414 475
414 492
414 498
415 476
416 417
416 420
416 435
416 456
416 461
417 448
417 459
417 503
417 504
419 420
419 428
419 432
419 434
419 421
419 458
419 498
420 421
420 425
420 427
420 471
420 474
420 490
421 422
421 424
421 432
421 503
422 423
422 460
422 500
423 427
423 444
423 450
424 461
424 466
424 497
424 509
425 426
425 458
425 465
425 471
425 508
426 438
426 510
427 472
427 512
428 429
428 431
428 444
428 469
428 472
429 430
429 441
429 457
429 458
429 460
429 500
430 443
430 456
430 458
430 471
430 473
430 499
431 465
431 485
431 493
431 496
432 433
432 453
432 457
432 503
432 511
433 436
433 466
433 492
433 505
434 439
434 446
434 447
434 455
434 492
435 436
435 440
435 442
435 498
436 437
436 439
436 452
436 508
437 438
437 446
437 474
438 445
438 470
438 474
438 482
439 453
439 456
439 460
439 489
440 441
440 443
440 448
440 467
440 511
440 512
441 448
441 465
441 471
441 482
441 508
442 449
442 455
442 473
443 444
443 446
443 445
443 484
443 489
443 500
443 511
444 445
444 459
444 471
444 483
444 485
445 471
445 482
445 485
446 463
446 508
447 448
447 479
447 485
447 487
447 488
447 506
448 455
448 459
448 473
448 478
448 490
448 497
450 451
450 467
450 475
450 479
450 481
450 465
450 473
450 478
450 483
451 452
451 460
451 464
451 466
451 474
451 486
451 495
451 510
452 453
452 457
452 459
452 456
452 479
452 493
453 454
453 456
453 462
453 499
453 504
454 455
454 461
454 497
455 468
455 509
456 465
456 491
456 505
457 458
457 482
458 461
458 463
458 486
458 490
458 499
458 506
458 512
459 460
459 475
460 461
460 463
460 495
461 462
461 503
462 471
462 477
464 465
464 491
465 477
465 492
465 505
466 478
466 489
466 491
467 468
467 472
467 474
467 500
468 469
468 471
468 483
468 492
469 470
469 476
470 471
470 491
470 506
470 508
471 492
471 509
472 473
472 476
472 479
472 495
472 500
472 503
474 476
474 500
474 510
475 476
475 478
475 481
475 490
475 499
475 503
476 477
476 481
476 485
476 498
476 506
477 485
477 489
477 492
478 479
478 493
479 480
479 503
480 482
480 493
481 486
482 483
482 491
482 495
482 497
482 490
482 494
482 511
483 484
483 488
483 490
483 499
483 509
484 485
484 487
485 486
485 504
485 508
488 489
488 496
488 503
491 492
491 494
491 504
491 512
492 493
492 498
492 510
493 510
494 500
495 496
497 507
498 499
498 503
498 505
498 504
498 509
499 500
499 502
500 501
503 504
503 510
503 512
505 508
505 509
506 507
506 509
507 508
508 509
510 511
1
