128 1 127
1 2
1 66
1 98
1 114
1 122
1 126
1 128
2 3
2 35
2 51
2 59
2 63
2 65
3 4
3 20
3 28
3 32
3 34
4 5
4 13
4 17
4 19
5 6
5 10
5 12
6 7
6 9
7 8
10 11
13 14
13 16
14 15
17 18
20 21
20 25
20 27
21 22
21 24
22 23
25 26
28 29
28 31
29 30
32 33
35 36
35 44
35 48
35 50
36 37
36 41
36 43
37 38
37 40
38 39
41 42
44 45
44 47
45 46
48 49
51 52
51 56
51 58
52 53
52 55
53 54
56 57
59 60
59 62
60 61
63 64
66 67
66 83
66 91
66 95
66 97
67 68
67 76
67 80
67 82
68 69
68 73
68 75
69 70
69 72
70 71
73 74
76 77
76 79
77 78
80 81
83 84
83 88
83 90
84 85
84 87
85 86
88 89
91 92
91 94
92 93
95 96
98 99
98 107
98 111
98 113
99 100
99 104
99 106
100 101
100 103
101 102
104 105
107 108
107 110
108 109
111 112
114 115
114 119
114 121
115 116
115 118
116 117
119 120
122 123
122 125
123 124
126 127
1
