32 1 156
1 2
1 18
1 26
1 30
1 32
1 6
1 10
1 20
1 21
1 24
1 28
1 29
1 31
2 3
2 11
2 15
2 17
2 5
2 8
2 9
2 13
2 24
2 29
2 31
3 4
3 8
3 10
3 13
3 17
3 19
3 25
3 29
3 30
3 31
4 5
4 7
4 10
4 12
4 13
4 15
4 22
4 23
4 28
5 6
5 8
5 11
5 15
5 17
5 22
6 7
6 10
6 25
7 13
7 17
7 27
7 30
7 31
7 32
8 9
8 17
8 27
8 30
8 32
9 15
9 23
9 25
9 30
9 31
10 11
10 12
10 22
10 26
11 12
11 14
11 13
11 15
11 16
11 18
11 20
11 21
11 26
11 28
12 13
12 16
12 20
12 27
12 30
13 15
13 25
13 28
13 30
13 31
14 17
14 21
14 22
14 26
14 30
14 31
14 32
15 16
15 19
15 23
15 25
15 31
16 18
16 19
16 20
16 29
16 31
16 32
17 18
17 22
17 23
17 26
17 27
17 29
17 31
18 19
18 23
18 25
18 20
18 27
18 30
19 20
19 22
19 23
19 25
19 28
19 30
20 21
20 25
20 28
21 23
21 27
21 28
21 29
21 30
21 31
22 25
22 26
22 28
23 24
23 25
23 28
23 30
23 31
23 32
24 31
25 28
26 27
26 29
27 28
27 30
28 30
29 31
30 31
1
