64 1 558
1 2
1 34
1 50
1 58
1 62
1 64
1 7
1 13
1 20
1 22
1 25
1 27
1 28
1 32
1 36
1 38
1 39
1 43
1 53
1 59
1 60
1 61
2 3
2 19
2 27
2 31
2 33
2 5
2 15
2 22
2 26
2 34
2 35
2 40
2 48
2 53
2 60
3 4
3 12
3 16
3 18
3 5
3 15
3 23
3 25
3 44
3 48
3 54
3 60
3 61
3 63
4 5
4 9
4 11
4 12
4 14
4 18
4 24
4 29
4 38
4 43
4 44
4 50
4 51
4 53
5 6
5 8
5 13
5 14
5 20
5 29
5 30
5 39
5 42
5 46
5 49
5 59
5 60
5 61
5 64
6 7
6 9
6 11
6 21
6 25
6 27
6 31
6 32
6 35
6 42
6 53
6 55
6 58
6 63
6 64
7 10
7 12
7 15
7 16
7 17
7 18
7 27
7 29
7 33
7 36
7 47
7 51
7 56
7 61
7 64
8 18
8 19
8 28
8 29
8 30
8 32
8 35
8 36
8 37
8 38
8 47
8 58
8 60
9 10
9 17
9 23
9 27
9 33
9 36
9 40
9 42
9 44
9 46
9 47
9 57
9 58
9 60
10 11
10 12
10 15
10 24
10 25
10 26
10 32
10 34
10 35
10 38
10 39
10 41
10 42
10 44
10 60
10 62
10 63
11 14
11 17
11 23
11 28
11 31
11 35
11 37
11 38
11 40
11 45
11 54
11 60
12 13
12 15
12 14
12 18
12 20
12 21
12 25
12 26
12 28
12 33
12 34
12 35
12 36
12 37
12 50
12 57
12 63
13 14
13 19
13 30
13 35
13 36
13 43
13 48
13 49
13 63
14 15
14 16
14 30
14 32
14 33
14 39
14 41
14 42
14 46
14 48
14 56
14 61
15 21
15 24
15 28
15 29
15 30
15 36
15 40
15 43
15 54
15 56
15 60
16 17
16 18
16 20
16 21
16 23
16 35
16 38
16 39
16 44
16 46
16 47
16 50
16 51
16 55
16 59
16 61
17 25
17 27
17 30
17 31
17 32
17 35
17 39
17 44
17 45
17 47
17 48
17 49
17 50
17 51
17 53
18 21
18 35
18 37
18 38
18 40
18 46
18 48
18 52
18 54
18 55
18 59
18 60
18 61
19 20
19 24
19 26
19 23
19 36
19 43
19 44
19 49
19 53
19 54
19 59
20 21
20 23
20 24
20 28
20 30
20 32
20 33
20 35
20 40
20 41
20 42
20 43
20 44
20 47
20 50
20 55
20 59
20 63
21 22
21 23
21 24
21 25
21 35
21 36
21 43
21 44
21 45
21 46
21 59
22 26
22 28
22 30
22 31
22 35
22 46
22 48
22 53
22 54
22 60
22 64
23 24
23 31
23 36
23 41
23 42
23 47
23 54
23 60
23 62
24 25
24 31
24 35
24 41
24 42
24 43
24 47
24 52
24 53
24 59
24 61
24 64
25 35
25 38
25 43
25 45
25 47
25 60
25 61
25 62
25 64
26 36
26 38
26 39
26 44
26 45
26 49
26 53
26 55
26 59
26 61
27 28
27 30
27 29
27 33
27 34
27 36
27 40
27 41
27 49
27 52
27 58
27 61
27 62
27 63
27 64
28 29
28 34
28 35
28 36
28 46
28 49
28 50
28 59
29 32
29 38
29 39
29 40
29 41
29 44
29 47
29 50
29 53
29 57
29 58
29 63
30 37
30 42
30 52
30 54
30 56
30 58
30 59
30 61
30 63
31 32
31 37
31 40
31 43
31 61
32 38
32 40
32 46
32 50
32 51
32 52
32 55
32 56
32 57
32 59
32 60
33 36
33 38
33 39
33 40
33 42
33 48
33 51
33 52
33 54
33 57
33 58
34 35
34 43
34 47
34 49
34 36
34 50
34 54
34 56
34 60
34 64
35 36
35 40
35 42
35 48
35 49
35 52
35 58
35 63
35 64
36 37
36 39
36 40
36 42
36 58
36 59
36 64
37 38
37 46
37 50
37 51
37 54
37 60
38 43
38 44
38 45
38 46
38 56
38 58
38 61
39 42
39 49
39 51
39 60
39 61
39 63
40 41
40 43
40 46
40 51
40 52
40 56
40 57
40 61
40 62
41 47
41 48
41 62
41 63
42 43
42 45
42 51
42 54
42 56
42 58
42 61
42 62
42 63
42 64
43 44
43 46
43 48
43 49
43 50
44 45
44 46
44 48
44 49
44 52
44 53
44 56
44 59
44 60
44 63
45 53
45 55
45 57
45 61
46 59
46 62
47 48
47 52
47 54
47 58
47 59
47 62
47 64
48 49
48 51
48 53
48 54
48 55
49 54
49 58
49 63
50 51
50 55
50 57
50 58
50 59
50 60
50 64
51 52
51 54
51 56
51 57
51 62
52 53
52 55
52 60
52 61
52 64
53 55
53 63
54 55
54 58
54 61
54 64
55 56
56 57
58 59
58 61
59 60
60 63
60 64
61 62
61 64
62 63
1
