64 1 159
1 2
1 34
1 50
1 58
1 62
1 64
1 14
1 25
1 48
2 3
2 19
2 27
2 31
2 33
2 21
2 38
3 4
3 12
3 16
3 18
3 5
3 13
3 14
3 15
3 20
4 5
4 9
4 11
4 16
4 38
4 44
4 52
5 6
5 8
5 7
5 28
6 7
6 26
6 33
6 34
8 30
8 48
9 10
9 62
10 20
10 23
11 13
11 30
11 32
11 60
12 13
12 15
12 47
12 52
13 14
13 23
14 19
14 22
14 44
14 53
14 60
14 61
15 39
16 17
16 43
17 43
18 43
19 20
19 24
19 26
20 21
20 23
20 34
20 50
20 58
21 22
21 29
21 49
22 36
22 45
22 48
22 53
22 58
24 25
24 31
24 34
24 37
25 55
26 55
26 59
27 28
27 30
27 58
28 29
28 64
29 30
29 52
29 53
29 62
30 31
30 38
30 49
31 32
31 37
31 39
31 57
32 33
32 39
33 37
33 57
34 35
34 43
34 47
34 49
34 39
34 40
34 57
35 36
35 40
35 42
36 37
36 39
37 38
38 49
38 54
40 41
40 49
40 62
41 44
42 45
42 48
42 51
43 44
43 46
43 50
44 45
44 54
45 46
45 57
45 58
46 53
47 48
50 51
50 55
50 57
50 62
51 52
51 54
51 57
52 53
55 56
58 59
58 61
58 62
58 64
59 60
59 61
60 61
62 63
1
