128 1 1742
1 2
1 66
1 98
1 114
1 122
1 126
1 128
1 3
1 6
1 7
1 9
1 14
1 17
1 21
1 22
1 24
1 28
1 34
1 35
1 43
1 47
1 55
1 59
1 61
1 64
1 65
1 75
1 76
1 77
1 78
1 87
1 90
1 104
1 105
1 109
1 117
1 118
1 121
1 124
1 127
2 3
2 35
2 51
2 59
2 63
2 65
2 7
2 11
2 21
2 22
2 29
2 32
2 34
2 37
2 43
2 54
2 68
2 69
2 70
2 71
2 73
2 93
2 94
2 96
2 97
2 98
2 101
2 102
2 114
2 117
2 118
2 120
3 4
3 20
3 28
3 32
3 34
3 7
3 8
3 16
3 26
3 29
3 33
3 35
3 38
3 39
3 43
3 50
3 70
3 75
3 98
3 105
3 108
3 112
3 118
3 123
4 5
4 13
4 17
4 19
4 10
4 12
4 20
4 29
4 36
4 44
4 57
4 61
4 63
4 65
4 70
4 77
4 78
4 83
4 90
4 98
4 99
4 101
4 102
4 122
4 125
5 6
5 10
5 12
5 7
5 9
5 15
5 18
5 27
5 28
5 30
5 32
5 33
5 34
5 35
5 38
5 41
5 47
5 56
5 63
5 65
5 82
5 85
5 88
5 97
5 127
6 7
6 9
6 19
6 23
6 26
6 28
6 29
6 35
6 43
6 45
6 48
6 50
6 53
6 54
6 55
6 65
6 71
6 75
6 83
6 92
6 96
6 97
6 104
6 105
6 116
6 122
6 123
6 124
7 8
7 11
7 12
7 17
7 26
7 30
7 33
7 34
7 46
7 50
7 53
7 59
7 62
7 70
7 78
7 85
7 88
7 90
7 95
7 96
7 100
7 103
7 119
7 121
7 124
8 16
8 25
8 42
8 45
8 48
8 59
8 69
8 70
8 72
8 74
8 83
8 88
8 91
8 92
8 94
8 103
8 107
8 110
8 112
8 113
8 121
9 19
9 25
9 30
9 31
9 32
9 36
9 51
9 52
9 55
9 57
9 61
9 74
9 75
9 84
9 85
9 90
9 92
9 96
9 102
9 107
9 109
9 119
9 125
10 11
10 31
10 33
10 53
10 56
10 69
10 72
10 77
10 79
10 91
10 97
10 101
10 110
10 111
10 119
10 123
10 126
11 12
11 17
11 25
11 32
11 36
11 38
11 40
11 48
11 49
11 56
11 61
11 68
11 73
11 80
11 88
11 91
11 93
11 94
11 95
11 100
11 103
11 104
11 106
11 113
11 118
11 120
11 124
11 125
12 16
12 17
12 23
12 27
12 37
12 43
12 50
12 52
12 55
12 64
12 66
12 67
12 72
12 86
12 90
12 91
12 92
12 93
12 94
12 95
12 105
12 107
12 108
12 111
12 120
12 121
12 125
13 14
13 16
13 19
13 21
13 23
13 26
13 38
13 46
13 47
13 53
13 60
13 65
13 67
13 74
13 75
13 77
13 83
13 96
13 104
13 106
13 112
13 116
13 119
13 124
13 125
14 15
14 23
14 27
14 37
14 42
14 43
14 47
14 58
14 59
14 65
14 68
14 69
14 70
14 77
14 79
14 80
14 81
14 82
14 87
14 88
14 91
14 92
14 96
14 97
14 98
14 105
14 107
14 117
15 23
15 26
15 29
15 32
15 40
15 56
15 57
15 72
15 84
15 96
15 102
15 106
15 107
15 112
15 119
15 120
15 126
16 18
16 20
16 21
16 29
16 39
16 40
16 44
16 65
16 71
16 72
16 73
16 76
16 85
16 87
16 93
16 95
16 101
16 102
16 104
16 106
16 112
16 116
16 125
16 128
17 18
17 19
17 21
17 26
17 30
17 31
17 39
17 41
17 42
17 51
17 56
17 66
17 68
17 75
17 82
17 89
17 93
17 94
17 97
17 98
17 106
17 112
17 113
18 21
18 24
18 25
18 26
18 32
18 34
18 36
18 40
18 41
18 45
18 47
18 52
18 57
18 90
18 96
18 102
18 103
18 105
18 109
18 119
18 122
18 124
18 126
19 26
19 52
19 55
19 64
19 67
19 70
19 71
19 77
19 82
19 83
19 89
19 95
19 97
19 99
19 103
19 106
19 107
19 128
20 21
20 25
20 27
20 26
20 43
20 46
20 48
20 55
20 62
20 75
20 79
20 81
20 82
20 84
20 86
20 89
20 92
20 99
20 103
20 118
20 119
20 122
21 22
21 24
21 23
21 26
21 33
21 39
21 53
21 56
21 58
21 65
21 77
21 79
21 80
21 81
21 92
21 98
21 107
21 110
21 111
21 112
21 113
21 116
21 122
21 127
22 23
22 29
22 30
22 35
22 40
22 43
22 50
22 52
22 55
22 72
22 75
22 81
22 83
22 91
22 94
22 95
22 105
22 106
22 111
22 124
22 127
23 30
23 36
23 42
23 43
23 45
23 46
23 48
23 49
23 50
23 58
23 59
23 60
23 63
23 64
23 67
23 68
23 73
23 75
23 91
23 94
23 99
23 107
23 109
23 111
23 116
23 118
23 123
23 124
23 126
23 127
24 55
24 63
24 65
24 70
24 75
24 79
24 81
24 86
24 92
24 93
24 97
24 101
24 103
24 112
24 115
24 121
24 124
24 125
25 26
25 29
25 30
25 35
25 37
25 45
25 48
25 53
25 61
25 71
25 73
25 74
25 75
25 79
25 87
25 92
25 99
25 101
25 104
25 105
25 108
25 120
25 123
26 27
26 40
26 47
26 53
26 54
26 57
26 64
26 69
26 72
26 74
26 78
26 81
26 88
26 95
26 96
26 98
26 108
26 123
27 36
27 43
27 44
27 48
27 72
27 76
27 84
27 89
27 90
27 113
27 114
27 115
27 119
27 121
27 124
27 125
27 127
28 29
28 31
28 32
28 37
28 39
28 41
28 48
28 49
28 54
28 57
28 59
28 60
28 68
28 79
28 80
28 82
28 84
28 90
28 98
28 102
28 103
28 104
28 106
28 119
28 124
29 30
29 41
29 54
29 58
29 59
29 63
29 70
29 81
29 97
29 110
29 114
29 122
29 123
29 124
29 127
30 33
30 37
30 40
30 44
30 46
30 53
30 55
30 64
30 65
30 66
30 67
30 68
30 80
30 87
30 92
30 93
30 94
30 96
30 97
30 102
30 104
30 106
30 107
30 123
30 125
30 127
31 32
31 34
31 37
31 51
31 53
31 58
31 67
31 70
31 72
31 73
31 84
31 103
31 116
31 117
31 118
31 125
31 128
32 33
32 34
32 35
32 47
32 48
32 50
32 51
32 55
32 58
32 63
32 69
32 71
32 76
32 77
32 79
32 86
32 91
32 96
32 99
32 102
32 107
32 108
32 117
32 120
32 125
33 41
33 46
33 56
33 57
33 58
33 59
33 62
33 68
33 72
33 80
33 81
33 82
33 84
33 87
33 93
33 94
33 101
33 103
33 104
33 114
33 116
33 117
33 118
33 123
33 124
33 125
33 127
34 55
34 57
34 59
34 62
34 64
34 70
34 84
34 89
34 95
34 97
34 98
34 102
34 105
34 110
34 113
34 119
34 126
34 127
35 36
35 44
35 48
35 50
35 37
35 39
35 49
35 51
35 57
35 73
35 88
35 92
35 93
35 96
35 98
35 102
35 108
35 121
35 122
36 37
36 41
36 43
36 44
36 45
36 50
36 57
36 61
36 62
36 63
36 65
36 67
36 72
36 74
36 77
36 88
36 92
36 96
36 99
36 105
36 106
36 117
36 125
37 38
37 40
37 45
37 53
37 58
37 74
37 77
37 84
37 89
37 91
37 94
37 95
37 99
37 107
37 111
37 113
37 125
37 126
38 39
38 42
38 49
38 63
38 69
38 72
38 73
38 92
38 94
38 96
38 97
38 101
38 106
38 110
38 123
38 128
39 54
39 56
39 58
39 59
39 60
39 61
39 70
39 77
39 80
39 84
39 87
39 91
39 100
39 102
39 106
39 112
39 113
39 117
39 123
39 125
39 127
40 41
40 42
40 52
40 54
40 56
40 71
40 72
40 81
40 103
40 108
40 118
40 120
40 121
40 122
40 124
41 42
41 48
41 51
41 52
41 54
41 57
41 59
41 61
41 72
41 82
41 88
41 92
41 93
41 101
41 110
41 112
41 115
41 126
41 128
42 44
42 47
42 49
42 57
42 60
42 64
42 66
42 71
42 82
42 98
42 104
42 105
42 111
42 117
42 124
42 126
43 45
43 46
43 62
43 68
43 70
43 86
43 88
43 89
43 91
43 95
43 100
43 116
43 125
44 45
44 47
44 52
44 55
44 59
44 60
44 62
44 69
44 70
44 75
44 81
44 82
44 83
44 85
44 86
44 87
44 99
44 104
45 46
45 48
45 62
45 71
45 82
45 85
45 86
45 87
45 91
45 95
45 112
45 113
45 115
45 117
45 120
45 122
45 123
45 125
46 54
46 66
46 71
46 73
46 83
46 84
46 85
46 96
46 100
46 103
46 107
46 109
46 111
46 114
46 117
47 48
47 51
47 62
47 69
47 76
47 81
47 82
47 85
47 86
47 89
47 96
47 104
47 110
47 112
47 118
48 49
48 51
48 53
48 54
48 58
48 60
48 61
48 68
48 74
48 76
48 81
48 85
48 92
48 98
48 103
48 112
48 113
48 126
48 128
49 51
49 63
49 68
49 73
49 74
49 75
49 81
49 84
49 85
49 86
49 88
49 89
49 98
49 105
49 106
49 107
49 110
49 111
49 112
49 116
49 121
50 51
50 53
50 55
50 58
50 59
50 64
50 68
50 69
50 70
50 74
50 78
50 80
50 81
50 83
50 84
50 86
50 90
50 93
50 110
50 113
50 121
50 125
51 52
51 56
51 58
51 54
51 59
51 60
51 63
51 65
51 66
51 72
51 79
51 80
51 85
51 88
51 92
51 95
51 99
51 100
51 101
51 104
51 105
51 109
51 117
51 127
51 128
52 53
52 55
52 58
52 64
52 73
52 82
52 83
52 98
52 123
53 54
53 55
53 62
53 67
53 75
53 77
53 79
53 83
53 84
53 87
53 97
53 104
53 106
53 107
53 109
53 111
53 114
53 118
53 120
53 122
53 124
53 125
53 126
53 127
54 58
54 59
54 75
54 76
54 87
54 88
54 91
54 92
54 94
54 103
54 104
54 113
54 119
54 122
55 61
55 63
55 66
55 68
55 69
55 74
55 86
55 91
55 93
55 96
55 102
55 109
55 123
55 127
56 57
56 59
56 81
56 83
56 86
56 87
56 92
56 95
56 96
56 98
56 102
56 110
56 111
56 115
56 116
56 123
56 127
56 128
57 58
57 60
57 63
57 64
57 67
57 71
57 76
57 88
57 91
57 96
57 97
57 98
57 102
57 106
57 110
57 115
57 119
57 120
57 122
58 59
58 64
58 69
58 77
58 80
58 89
58 95
58 98
58 110
58 111
58 117
58 121
58 122
58 127
59 60
59 62
59 72
59 84
59 85
59 90
59 92
59 98
59 105
59 107
59 114
59 120
59 125
60 61
60 72
60 97
60 98
60 100
60 104
60 107
60 109
60 110
60 112
60 115
60 122
61 63
61 66
61 71
61 78
61 88
61 89
61 92
61 94
61 98
61 105
61 115
62 70
62 94
62 95
62 102
62 106
62 112
62 117
62 127
63 64
63 69
63 75
63 79
63 86
63 87
63 93
63 94
63 98
63 101
63 105
63 106
63 117
63 118
63 127
64 65
64 68
64 75
64 78
64 88
64 92
64 94
64 95
64 96
64 98
64 107
64 118
64 122
64 125
65 67
65 69
65 70
65 72
65 79
65 93
65 102
65 105
65 114
65 117
65 128
66 67
66 83
66 91
66 95
66 97
66 72
66 73
66 78
66 86
66 89
66 94
66 96
66 123
66 124
66 125
67 68
67 76
67 80
67 82
67 69
67 87
67 93
67 99
67 107
67 112
67 113
67 127
68 69
68 73
68 75
68 70
68 74
68 76
68 78
68 83
68 84
68 86
68 87
68 89
68 90
68 94
68 96
68 100
68 101
68 105
68 111
68 112
68 118
68 121
68 125
69 70
69 72
69 78
69 83
69 87
69 90
69 93
69 98
69 105
69 108
69 112
69 120
69 122
69 124
69 125
70 71
70 75
70 86
70 93
70 110
70 112
70 113
70 118
70 121
70 128
71 76
71 78
71 81
71 83
71 89
71 103
71 106
71 109
71 114
71 115
71 121
71 122
71 124
72 85
72 86
72 87
72 89
72 101
72 107
72 108
72 111
72 113
72 115
72 117
72 122
72 127
73 74
73 76
73 103
73 107
73 109
73 118
73 126
73 128
74 77
74 78
74 80
74 90
74 91
74 94
74 110
74 115
74 128
75 78
75 81
75 82
75 85
75 94
75 101
75 113
75 123
75 127
76 77
76 79
76 78
76 80
76 91
76 93
76 97
76 101
76 103
76 123
76 125
77 78
77 79
77 82
77 93
77 97
77 103
77 104
77 113
77 124
78 80
78 83
78 87
78 90
78 92
78 96
78 99
78 100
78 103
78 110
78 112
78 114
78 120
78 122
78 124
79 81
79 84
79 85
79 87
79 90
79 105
79 108
79 120
79 128
80 81
80 89
80 106
80 111
80 119
80 121
80 123
80 125
81 82
81 83
81 87
81 104
81 106
81 107
81 119
81 121
81 122
82 83
82 84
82 85
82 96
82 100
82 103
82 105
82 112
82 113
82 116
82 122
83 84
83 88
83 90
83 85
83 98
83 104
83 123
84 85
84 87
84 94
84 96
84 98
84 99
84 101
84 106
84 109
84 113
84 118
84 119
84 123
84 126
84 128
85 86
85 93
85 99
85 108
85 117
85 119
85 122
85 126
86 89
86 90
86 94
86 97
86 107
86 115
86 118
86 120
86 122
87 93
87 98
87 103
87 114
87 124
88 89
88 94
88 101
88 116
88 120
88 122
88 124
89 93
89 94
89 97
89 109
89 112
89 116
89 117
89 119
89 123
90 91
90 95
90 99
90 100
90 104
90 113
90 115
90 117
90 120
90 123
90 124
90 125
91 92
91 94
91 97
91 98
91 99
91 104
91 105
91 106
91 107
91 123
91 125
91 127
92 93
92 98
92 116
92 117
92 123
92 127
93 98
93 102
93 109
93 114
93 122
93 124
94 95
94 108
94 113
94 122
94 123
94 127
94 128
95 96
95 99
95 103
95 115
95 123
95 126
96 97
96 100
96 102
96 106
96 113
96 117
96 123
96 127
97 101
97 103
97 104
97 112
97 113
97 117
97 124
97 125
97 127
97 128
98 99
98 107
98 111
98 113
98 102
98 103
98 109
98 112
98 116
98 128
99 100
99 104
99 106
99 109
100 101
100 103
100 109
100 111
100 113
101 102
101 108
101 112
101 115
101 117
101 118
101 122
101 124
101 125
102 111
102 125
103 104
103 110
103 118
103 125
104 105
104 109
104 110
104 115
104 118
104 119
104 122
104 125
105 110
105 113
105 117
105 122
105 124
105 125
105 128
106 110
106 116
106 123
107 108
107 110
107 123
107 128
108 109
108 124
108 125
108 127
108 128
109 112
109 117
109 119
109 121
109 125
110 115
110 123
110 125
111 112
111 113
111 119
112 119
113 122
113 128
114 115
114 119
114 121
114 116
114 117
114 118
114 125
114 127
115 116
115 118
115 117
115 125
116 117
116 119
116 125
116 126
117 119
117 127
118 119
118 126
118 127
119 120
119 121
119 122
121 123
122 123
122 125
122 124
123 124
123 127
124 126
124 128
126 127
1
