128 1 716
1 2
1 66
1 98
1 114
1 122
1 126
1 128
1 6
1 15
1 16
1 20
1 48
1 63
1 82
1 84
1 89
1 102
1 127
2 3
2 35
2 51
2 59
2 63
2 65
2 9
2 15
2 30
2 33
2 34
2 47
2 54
2 77
2 83
2 84
2 105
2 114
3 4
3 20
3 28
3 32
3 34
3 7
3 13
3 27
3 30
3 61
3 74
3 93
3 99
4 5
4 13
4 17
4 19
4 14
4 23
4 40
4 98
4 121
4 122
5 6
5 10
5 12
5 17
5 21
5 24
5 29
5 39
5 47
5 48
5 60
5 71
5 103
5 107
6 7
6 9
6 11
6 21
6 30
6 42
6 52
6 75
6 83
6 91
6 104
6 107
6 119
7 8
7 11
7 22
7 32
7 53
7 87
7 113
7 118
8 21
8 44
8 62
8 69
8 82
8 113
9 13
9 37
9 49
9 53
9 72
9 74
9 95
9 98
9 104
9 106
9 115
10 11
10 34
10 70
10 75
10 121
11 20
11 52
11 54
11 61
11 67
11 98
11 100
11 110
12 32
12 35
12 51
12 70
12 71
12 104
12 105
13 14
13 16
13 17
13 22
13 34
13 39
13 48
13 65
13 75
13 84
13 96
13 104
13 105
13 110
14 15
14 28
14 30
14 97
14 99
14 126
15 25
15 38
15 46
15 77
15 82
16 18
16 29
16 57
16 61
16 66
16 84
16 92
16 103
16 105
16 107
17 18
17 48
17 50
17 55
17 64
17 76
17 79
17 98
17 106
17 109
17 110
17 127
18 23
18 54
18 56
18 63
18 74
18 110
19 20
19 39
19 61
19 65
19 80
19 84
19 96
19 120
20 21
20 25
20 27
20 24
20 32
20 35
20 40
20 45
20 65
20 91
20 98
20 122
20 128
21 22
21 24
21 32
21 39
21 41
21 52
21 62
21 65
21 67
21 103
22 23
22 42
22 63
22 64
22 65
22 67
22 80
22 84
22 89
22 101
22 106
22 109
22 122
23 31
23 32
23 40
23 41
23 47
23 60
23 63
23 64
23 65
23 69
23 83
23 84
23 85
23 91
23 100
23 113
23 120
24 27
24 53
24 57
24 58
24 65
24 74
24 101
25 26
25 49
25 61
25 65
25 67
25 92
25 96
25 127
26 62
26 64
26 76
26 91
26 106
26 119
27 28
27 55
27 57
27 59
27 87
27 88
27 116
27 120
28 29
28 31
28 33
28 53
28 69
28 83
29 30
29 43
29 46
29 98
29 109
30 32
30 59
30 69
30 90
30 95
30 125
31 55
31 64
31 68
31 69
31 82
31 97
31 106
31 122
32 33
32 51
32 55
32 58
32 59
32 83
32 100
32 107
32 109
33 49
33 89
33 96
33 118
33 125
34 35
34 37
34 42
34 46
34 47
34 62
34 63
34 67
34 69
34 76
34 90
34 124
35 36
35 44
35 48
35 50
35 66
35 80
35 99
35 115
35 116
35 121
36 37
36 41
36 43
36 67
36 104
36 115
36 126
36 127
37 38
37 40
37 49
37 57
37 65
37 83
37 86
37 125
38 39
38 52
38 83
38 121
39 40
39 42
39 45
39 62
39 63
39 86
39 110
39 114
39 120
39 124
39 125
40 59
40 82
40 90
40 111
40 122
40 125
40 126
41 42
41 52
41 58
41 72
41 77
41 79
41 100
41 109
41 119
42 68
42 72
42 73
42 83
42 92
42 94
42 103
43 47
43 54
43 81
43 85
43 89
43 91
43 125
43 127
44 45
44 47
44 46
44 67
44 69
44 72
44 106
44 110
44 118
44 121
44 122
45 46
45 60
45 75
45 78
45 105
45 107
45 118
46 48
46 63
46 93
46 124
47 69
47 82
47 98
47 103
47 113
48 49
48 53
48 64
48 70
48 87
48 106
48 111
48 116
49 56
49 68
49 75
49 77
49 83
49 86
49 116
50 82
51 52
51 56
51 58
51 62
51 71
51 83
51 86
51 112
52 53
52 55
52 74
52 77
52 80
52 91
52 96
52 112
52 124
53 54
53 58
53 67
53 80
53 91
53 95
53 99
53 114
54 56
54 72
54 86
54 107
55 72
56 57
56 69
56 100
56 102
56 119
56 125
56 126
57 61
57 84
57 92
57 93
57 110
57 115
57 119
58 67
58 74
58 112
58 115
58 126
59 60
59 62
59 61
59 69
59 82
59 112
59 114
60 61
60 103
60 126
61 79
61 90
61 102
61 120
62 71
62 73
62 80
62 91
62 103
62 105
62 128
63 64
63 87
63 101
63 107
63 122
63 123
64 72
64 96
64 124
65 73
65 84
65 96
65 104
66 67
66 83
66 91
66 95
66 97
66 92
66 113
66 120
66 121
67 68
67 76
67 80
67 82
67 72
67 85
67 89
67 93
67 106
67 107
67 122
68 69
68 73
68 75
68 93
68 97
68 126
69 70
69 72
69 75
69 82
70 71
70 83
70 91
71 89
71 95
71 118
71 123
72 85
72 110
73 74
73 90
73 96
73 107
73 109
73 112
73 116
74 87
74 119
75 87
75 93
75 101
75 108
76 77
76 79
76 107
76 119
76 123
77 78
77 115
78 107
78 117
78 119
80 81
80 82
80 84
80 91
80 124
80 127
81 111
81 124
81 128
82 89
82 91
82 104
82 109
82 117
82 121
83 84
83 88
83 90
83 95
83 111
84 85
84 87
84 90
84 103
84 106
85 86
85 114
85 120
85 122
85 123
85 124
86 94
86 95
86 96
87 104
87 116
87 117
87 126
87 127
88 89
88 91
88 92
88 93
89 90
89 117
89 126
90 91
90 103
90 123
90 125
90 127
91 92
91 94
91 95
91 122
91 123
92 93
92 95
92 120
93 96
93 107
93 120
94 112
95 96
95 102
95 105
95 125
96 113
96 117
96 120
97 100
98 99
98 107
98 111
98 113
98 105
98 112
98 122
99 100
99 104
99 106
99 115
99 118
100 101
100 103
101 102
101 109
101 111
101 127
102 111
103 119
104 105
105 115
106 113
106 119
106 125
107 108
107 110
107 111
107 128
108 109
108 116
108 126
109 112
109 116
109 118
110 116
110 117
111 112
111 113
111 116
111 122
112 121
113 119
114 115
114 119
114 121
115 116
115 118
115 127
116 117
116 125
117 127
119 120
119 122
119 125
122 123
122 125
122 126
123 124
126 127
1
