128 1 2140
1 2
1 66
1 98
1 114
1 122
1 126
1 128
1 5
1 6
1 15
1 16
1 23
1 25
1 30
1 32
1 34
1 35
1 56
1 58
1 59
1 64
1 74
1 75
1 79
1 80
1 99
1 103
1 110
1 111
1 113
1 121
1 125
2 3
2 35
2 51
2 59
2 63
2 65
2 4
2 5
2 6
2 15
2 18
2 19
2 20
2 22
2 23
2 31
2 36
2 37
2 40
2 41
2 42
2 43
2 48
2 50
2 53
2 57
2 58
2 64
2 68
2 72
2 78
2 89
2 91
2 94
2 96
2 97
2 101
2 102
2 106
2 110
2 112
2 122
2 124
2 127
3 4
3 20
3 28
3 32
3 34
3 17
3 26
3 31
3 36
3 37
3 38
3 43
3 45
3 58
3 67
3 71
3 76
3 79
3 83
3 84
3 88
3 91
3 99
3 101
3 103
3 105
3 107
3 109
3 114
3 116
3 125
4 5
4 13
4 17
4 19
4 8
4 22
4 26
4 29
4 34
4 35
4 39
4 43
4 47
4 49
4 52
4 53
4 56
4 64
4 68
4 69
4 71
4 74
4 75
4 87
4 89
4 97
4 98
4 102
4 107
4 108
4 109
4 112
4 114
4 116
4 118
4 120
4 123
5 6
5 10
5 12
5 8
5 13
5 14
5 18
5 20
5 21
5 25
5 28
5 38
5 42
5 45
5 48
5 50
5 51
5 53
5 56
5 68
5 69
5 70
5 76
5 78
5 84
5 95
5 98
5 106
5 114
5 118
5 120
5 127
6 7
6 9
6 8
6 15
6 20
6 23
6 29
6 33
6 37
6 39
6 42
6 43
6 45
6 55
6 63
6 70
6 71
6 72
6 74
6 81
6 86
6 87
6 102
6 104
6 105
6 112
6 116
6 123
6 127
7 8
7 10
7 11
7 12
7 13
7 17
7 18
7 22
7 26
7 27
7 33
7 40
7 45
7 52
7 56
7 57
7 67
7 71
7 73
7 80
7 82
7 85
7 88
7 93
7 97
7 99
7 100
7 102
7 109
7 115
7 119
7 120
7 122
7 128
8 10
8 14
8 22
8 25
8 29
8 33
8 47
8 51
8 55
8 58
8 63
8 64
8 65
8 66
8 68
8 69
8 75
8 78
8 80
8 84
8 86
8 92
8 94
8 95
8 97
8 101
8 102
8 108
8 113
8 124
8 127
9 11
9 21
9 26
9 27
9 28
9 31
9 32
9 42
9 45
9 46
9 47
9 53
9 54
9 60
9 69
9 71
9 72
9 78
9 87
9 92
9 95
9 96
9 108
9 115
9 119
9 123
9 126
9 128
10 11
10 12
10 18
10 33
10 39
10 46
10 49
10 53
10 55
10 58
10 60
10 71
10 75
10 76
10 77
10 78
10 79
10 80
10 81
10 83
10 85
10 86
10 89
10 95
10 101
10 105
10 108
10 109
10 117
10 119
10 121
10 125
11 12
11 16
11 19
11 25
11 27
11 29
11 36
11 37
11 38
11 44
11 47
11 53
11 54
11 55
11 61
11 63
11 65
11 69
11 71
11 72
11 73
11 76
11 77
11 80
11 83
11 88
11 92
11 94
11 96
11 100
11 102
11 104
11 105
11 113
11 114
11 117
11 118
11 119
11 124
11 128
12 13
12 16
12 19
12 23
12 25
12 27
12 44
12 54
12 55
12 57
12 59
12 61
12 67
12 70
12 73
12 76
12 79
12 80
12 85
12 89
12 91
12 92
12 96
12 107
12 109
12 111
12 113
12 118
12 126
12 127
12 128
13 14
13 16
13 15
13 24
13 28
13 30
13 31
13 34
13 35
13 46
13 48
13 49
13 52
13 53
13 54
13 56
13 60
13 62
13 66
13 76
13 79
13 83
13 84
13 88
13 92
13 98
13 104
13 106
13 108
13 109
13 112
13 114
13 115
13 126
14 15
14 16
14 26
14 27
14 31
14 33
14 41
14 43
14 45
14 46
14 47
14 54
14 55
14 68
14 69
14 72
14 76
14 78
14 82
14 88
14 89
14 92
14 105
14 113
14 119
14 123
14 124
14 126
15 34
15 37
15 40
15 41
15 45
15 53
15 56
15 57
15 58
15 66
15 71
15 72
15 75
15 82
15 85
15 88
15 94
15 96
15 99
15 102
15 103
15 105
15 108
15 113
15 114
15 115
15 121
15 122
15 124
16 17
16 18
16 23
16 31
16 33
16 37
16 38
16 41
16 43
16 49
16 56
16 57
16 62
16 66
16 67
16 70
16 71
16 76
16 78
16 79
16 80
16 83
16 88
16 93
16 94
16 95
16 97
16 110
16 113
16 124
17 18
17 25
17 30
17 45
17 46
17 49
17 51
17 53
17 58
17 61
17 65
17 70
17 71
17 73
17 74
17 76
17 79
17 81
17 90
17 91
17 92
17 94
17 98
17 103
17 115
17 127
18 22
18 23
18 24
18 25
18 29
18 32
18 34
18 35
18 44
18 51
18 52
18 57
18 58
18 63
18 64
18 67
18 81
18 83
18 92
18 97
18 106
18 108
18 112
18 114
18 117
18 122
18 123
18 126
19 23
19 35
19 37
19 43
19 52
19 58
19 63
19 73
19 74
19 75
19 76
19 82
19 85
19 86
19 88
19 89
19 92
19 94
19 101
19 103
19 110
19 113
19 119
19 126
19 128
20 21
20 25
20 27
20 23
20 26
20 28
20 31
20 32
20 38
20 41
20 53
20 54
20 57
20 58
20 62
20 67
20 69
20 70
20 79
20 81
20 85
20 86
20 89
20 91
20 92
20 100
20 108
20 110
20 112
20 114
20 120
20 124
20 126
21 22
21 24
21 23
21 30
21 41
21 45
21 53
21 59
21 67
21 71
21 75
21 80
21 84
21 85
21 88
21 89
21 100
21 105
21 111
21 112
21 119
21 120
21 124
21 127
22 23
22 44
22 46
22 47
22 50
22 54
22 55
22 56
22 60
22 61
22 62
22 63
22 66
22 72
22 74
22 80
22 86
22 103
22 107
22 111
23 25
23 27
23 29
23 30
23 33
23 36
23 43
23 44
23 52
23 53
23 59
23 60
23 63
23 68
23 71
23 72
23 75
23 79
23 84
23 89
23 112
23 116
23 121
23 124
23 127
24 27
24 31
24 34
24 37
24 38
24 53
24 54
24 56
24 57
24 70
24 73
24 76
24 82
24 87
24 98
24 99
24 113
24 116
24 122
25 26
25 29
25 33
25 42
25 46
25 50
25 53
25 58
25 63
25 64
25 67
25 75
25 76
25 81
25 83
25 85
25 91
25 92
25 93
25 100
25 101
25 106
25 108
25 110
25 111
25 112
25 113
25 114
26 27
26 31
26 42
26 44
26 51
26 53
26 54
26 56
26 61
26 63
26 75
26 76
26 80
26 82
26 93
26 95
26 96
26 98
26 99
26 100
26 104
26 107
26 111
26 112
26 115
26 117
26 121
26 128
27 28
27 30
27 34
27 38
27 44
27 45
27 47
27 49
27 54
27 60
27 68
27 69
27 71
27 74
27 75
27 79
27 83
27 89
27 92
27 96
27 98
27 107
27 111
27 112
27 113
27 118
27 123
28 29
28 31
28 30
28 34
28 35
28 36
28 38
28 40
28 42
28 47
28 53
28 59
28 66
28 70
28 74
28 76
28 78
28 87
28 89
28 92
28 103
28 105
28 107
28 111
28 115
28 120
28 121
28 125
28 128
29 30
29 33
29 35
29 37
29 43
29 46
29 49
29 54
29 56
29 60
29 63
29 67
29 68
29 70
29 73
29 74
29 78
29 84
29 86
29 88
29 91
29 94
29 99
29 102
29 107
29 113
29 114
29 115
29 117
29 118
29 119
29 120
30 39
30 40
30 41
30 45
30 49
30 69
30 80
30 82
30 91
30 97
30 103
30 107
30 111
30 114
30 115
30 123
31 32
31 33
31 38
31 39
31 40
31 44
31 46
31 50
31 51
31 63
31 70
31 78
31 89
31 90
31 91
31 97
31 108
31 112
31 113
31 115
31 117
32 33
32 36
32 38
32 39
32 42
32 44
32 45
32 46
32 56
32 61
32 64
32 65
32 69
32 74
32 78
32 79
32 83
32 84
32 87
32 90
32 94
32 96
32 103
32 117
32 120
32 121
32 124
32 128
33 36
33 37
33 39
33 45
33 50
33 51
33 55
33 69
33 86
33 92
33 97
33 98
33 106
33 107
33 108
33 117
33 118
33 123
33 125
34 48
34 59
34 61
34 62
34 67
34 69
34 72
34 79
34 80
34 81
34 83
34 91
34 97
34 103
34 105
34 107
34 110
34 114
34 116
34 117
34 120
34 124
34 125
34 128
35 36
35 44
35 48
35 50
35 39
35 42
35 43
35 65
35 66
35 70
35 72
35 77
35 78
35 87
35 91
35 92
35 98
35 101
35 105
35 110
35 112
35 119
35 121
35 125
35 127
36 37
36 41
36 43
36 44
36 46
36 50
36 56
36 57
36 61
36 66
36 70
36 73
36 78
36 79
36 86
36 88
36 94
36 98
36 103
36 104
36 110
36 115
36 121
36 123
36 126
37 38
37 40
37 50
37 51
37 54
37 61
37 62
37 63
37 82
37 84
37 89
37 91
37 109
37 113
37 123
37 125
37 128
38 39
38 40
38 42
38 46
38 49
38 64
38 65
38 75
38 82
38 83
38 88
38 89
38 93
38 96
38 98
38 104
38 105
38 110
38 120
38 121
38 127
39 42
39 52
39 55
39 63
39 77
39 78
39 79
39 84
39 87
39 88
39 90
39 92
39 94
39 99
39 103
39 106
39 109
39 115
39 116
39 117
39 122
40 46
40 47
40 49
40 54
40 57
40 62
40 65
40 66
40 67
40 68
40 69
40 74
40 75
40 79
40 83
40 88
40 91
40 96
40 97
40 98
40 99
40 101
40 106
40 110
40 112
40 114
40 127
40 128
41 42
41 43
41 52
41 54
41 61
41 66
41 76
41 77
41 87
41 88
41 93
41 97
41 101
41 102
41 104
41 105
41 108
41 110
41 111
41 114
41 119
41 123
42 44
42 58
42 71
42 73
42 75
42 78
42 80
42 88
42 94
42 99
42 102
42 108
42 109
42 111
42 113
42 114
42 117
42 122
42 123
42 128
43 45
43 46
43 51
43 52
43 53
43 59
43 60
43 64
43 69
43 74
43 75
43 78
43 79
43 82
43 84
43 85
43 89
43 93
43 98
43 105
43 107
43 115
43 122
43 123
44 45
44 47
44 48
44 55
44 57
44 59
44 61
44 64
44 67
44 73
44 74
44 82
44 93
44 95
44 98
44 110
44 111
44 113
44 121
44 123
44 127
44 128
45 46
45 49
45 51
45 52
45 54
45 59
45 60
45 62
45 66
45 68
45 82
45 84
45 85
45 88
45 94
45 96
45 101
45 103
45 105
45 110
45 115
45 116
45 119
45 121
45 125
46 52
46 54
46 60
46 62
46 65
46 68
46 75
46 78
46 79
46 86
46 95
46 97
46 101
46 108
46 109
46 110
46 112
46 114
46 117
46 120
46 123
46 126
47 53
47 58
47 59
47 63
47 67
47 73
47 76
47 77
47 82
47 84
47 89
47 90
47 93
47 94
47 99
47 101
47 103
47 105
47 111
47 114
47 117
47 125
48 49
48 56
48 62
48 65
48 66
48 69
48 70
48 71
48 72
48 79
48 81
48 87
48 104
48 106
48 109
48 112
48 116
48 124
49 50
49 52
49 54
49 56
49 61
49 73
49 74
49 75
49 77
49 82
49 84
49 87
49 91
49 102
49 116
49 117
49 120
49 122
49 125
49 127
49 128
50 52
50 54
50 55
50 58
50 59
50 65
50 68
50 77
50 84
50 88
50 89
50 104
50 107
50 108
50 112
50 113
50 114
50 115
50 116
50 118
50 122
50 126
50 128
51 52
51 56
51 58
51 55
51 61
51 63
51 70
51 72
51 81
51 85
51 91
51 96
51 102
51 104
51 114
51 128
52 53
52 55
52 60
52 64
52 66
52 71
52 78
52 84
52 87
52 92
52 94
52 102
52 107
52 110
52 116
52 118
52 119
52 122
52 126
52 127
53 54
53 60
53 61
53 81
53 98
53 103
53 105
53 106
53 111
53 112
53 117
53 121
53 127
53 128
54 56
54 63
54 68
54 71
54 75
54 76
54 78
54 81
54 82
54 85
54 86
54 91
54 93
54 96
54 100
54 101
54 105
54 108
54 116
54 121
55 57
55 64
55 65
55 67
55 69
55 75
55 77
55 81
55 82
55 87
55 89
55 101
55 102
55 106
55 107
55 111
55 112
55 120
55 122
55 128
56 57
56 58
56 61
56 68
56 73
56 75
56 76
56 78
56 81
56 88
56 95
56 96
56 104
56 108
56 116
56 118
57 60
57 61
57 62
57 64
57 67
57 68
57 73
57 91
57 98
57 104
57 111
57 114
57 120
57 122
57 123
57 124
57 125
58 59
58 63
58 64
58 66
58 67
58 72
58 77
58 82
58 84
58 85
58 89
58 92
58 94
58 101
58 112
58 115
58 116
58 118
58 122
59 60
59 62
59 67
59 68
59 72
59 73
59 83
59 89
59 95
59 98
59 100
59 106
59 108
59 112
59 114
59 120
59 124
59 125
59 127
59 128
60 61
60 63
60 65
60 67
60 68
60 69
60 70
60 72
60 77
60 78
60 80
60 83
60 85
60 86
60 88
60 97
60 103
60 105
60 109
60 111
60 113
60 115
60 122
61 63
61 65
61 66
61 67
61 72
61 74
61 75
61 77
61 87
61 89
61 95
61 99
61 103
61 111
61 112
61 114
61 117
61 126
61 127
62 70
62 74
62 75
62 76
62 79
62 84
62 85
62 89
62 91
62 92
62 94
62 100
62 108
62 116
62 117
62 118
62 124
63 64
63 72
63 80
63 81
63 85
63 88
63 89
63 92
63 104
63 105
63 111
63 119
63 127
64 67
64 76
64 85
64 88
64 90
64 95
64 106
64 114
64 118
64 119
65 75
65 76
65 80
65 81
65 84
65 87
65 90
65 99
65 105
65 106
65 107
65 123
65 124
65 128
66 67
66 83
66 91
66 95
66 97
66 70
66 73
66 78
66 79
66 84
66 94
66 96
66 110
66 112
66 115
66 118
67 68
67 76
67 80
67 82
67 71
67 73
67 77
67 81
67 89
67 90
67 91
67 92
67 93
67 96
67 97
67 101
67 102
67 107
67 108
67 110
67 111
67 112
67 113
67 117
67 122
67 126
68 69
68 73
68 75
68 87
68 90
68 92
68 95
68 100
68 103
68 115
68 117
68 119
68 125
68 126
68 128
69 70
69 72
69 73
69 76
69 82
69 84
69 86
69 88
69 90
69 94
69 99
69 108
69 113
69 116
69 125
69 126
69 127
70 71
70 73
70 74
70 76
70 83
70 89
70 90
70 92
70 94
70 99
70 111
70 116
70 121
70 122
70 127
71 72
71 74
71 79
71 83
71 89
71 91
71 94
71 104
71 105
71 106
71 108
71 127
72 81
72 88
72 93
72 95
72 97
72 100
72 101
72 108
72 112
72 115
72 123
72 126
72 127
73 74
73 77
73 78
73 81
73 84
73 87
73 88
73 94
73 103
73 105
73 106
73 112
73 119
73 127
74 76
74 85
74 87
74 89
74 92
74 93
74 99
74 101
74 105
74 109
74 111
74 113
74 115
74 118
74 126
75 77
75 79
75 88
75 92
75 96
75 99
75 102
75 108
75 110
75 115
75 123
75 124
76 77
76 79
76 80
76 83
76 86
76 87
76 88
76 98
76 102
76 103
76 106
76 110
76 115
76 116
76 118
76 121
76 127
76 128
77 78
77 82
77 83
77 88
77 99
77 101
77 106
77 107
77 108
77 110
77 111
77 115
77 123
78 84
78 85
78 87
78 95
78 96
78 102
78 106
78 107
78 111
78 112
78 113
78 115
78 124
78 127
79 83
79 86
79 89
79 95
79 96
79 102
79 105
79 107
79 113
80 81
80 89
80 90
80 91
80 92
80 94
80 96
80 102
80 108
80 110
80 118
80 122
80 126
80 127
81 85
81 86
81 87
81 88
81 89
81 98
81 104
81 106
81 113
81 114
81 127
81 128
82 86
82 89
82 96
82 97
82 103
82 106
82 119
82 120
82 124
82 125
83 84
83 88
83 90
83 97
83 98
83 103
83 107
83 108
83 109
83 110
83 114
83 119
83 121
84 85
84 87
84 86
84 91
84 93
84 95
84 99
84 100
84 106
84 108
84 112
84 114
84 115
84 117
84 119
84 121
84 124
84 127
85 86
85 88
85 91
85 95
85 96
85 107
85 111
85 114
85 121
85 122
85 124
85 128
86 89
86 91
86 92
86 95
86 97
86 105
86 107
86 110
86 111
86 112
86 114
86 116
86 119
86 127
87 88
87 101
87 105
87 106
87 107
87 108
87 109
87 114
87 119
87 120
87 121
87 124
87 127
87 128
88 89
88 93
88 95
88 96
88 101
88 106
88 107
88 108
88 114
88 115
88 117
88 118
88 121
88 123
88 125
88 126
89 99
89 104
89 108
89 125
89 128
90 97
90 98
90 100
90 102
90 104
90 107
90 113
90 117
90 120
90 121
90 124
90 127
91 92
91 94
91 97
91 98
91 102
91 104
91 107
91 114
91 116
91 118
91 119
91 121
91 122
91 126
91 128
92 93
92 95
92 102
92 109
92 111
92 113
92 119
92 120
93 94
93 103
93 104
93 105
93 108
93 109
93 111
93 124
94 108
94 116
94 122
94 124
94 126
95 96
95 97
95 105
95 106
95 115
95 120
95 122
96 99
96 102
96 104
96 105
96 106
96 114
96 116
96 117
96 120
96 123
96 126
96 128
97 104
97 106
97 107
97 117
97 122
97 126
98 99
98 107
98 111
98 113
98 102
98 104
98 114
98 115
98 118
98 121
98 125
99 100
99 104
99 106
99 114
99 116
99 121
99 123
99 124
99 125
99 128
100 101
100 103
100 104
100 107
100 108
100 110
100 115
100 118
100 123
100 127
101 102
101 103
101 105
101 111
101 114
101 117
101 118
101 119
101 120
101 121
101 124
101 127
102 105
102 111
102 113
102 117
102 118
102 121
102 125
102 126
103 109
103 117
103 118
104 105
104 111
104 123
104 124
104 125
104 128
105 115
105 120
105 123
105 126
106 112
106 116
106 121
106 125
106 127
107 108
107 110
107 116
107 124
107 127
107 128
108 109
108 114
109 110
109 112
109 117
109 123
109 128
110 115
110 117
110 119
110 122
110 126
111 112
111 114
111 119
111 125
112 114
112 117
112 118
112 120
112 121
112 124
112 126
113 118
113 121
113 124
113 126
114 115
114 119
114 121
114 120
114 123
114 124
115 116
115 118
115 117
115 122
115 123
115 124
115 125
115 126
115 128
116 117
116 120
116 124
117 119
117 124
117 125
118 120
118 124
118 127
118 128
119 120
120 122
120 123
120 125
121 123
122 123
122 125
122 124
122 126
122 127
123 124
123 127
124 125
124 126
126 127
1
