256 1 5168
1 2
1 130
1 194
1 226
1 242
1 250
1 254
1 256
1 5
1 12
1 23
1 24
1 25
1 28
1 34
1 45
1 47
1 50
1 56
1 58
1 69
1 77
1 86
1 92
1 93
1 95
1 98
1 100
1 105
1 112
1 126
1 132
1 133
1 135
1 140
1 175
1 178
1 184
1 189
1 211
1 230
1 234
1 237
1 239
2 3
2 67
2 99
2 115
2 123
2 127
2 129
2 10
2 11
2 14
2 23
2 30
2 32
2 47
2 53
2 55
2 69
2 70
2 84
2 90
2 97
2 98
2 105
2 111
2 118
2 119
2 120
2 121
2 139
2 143
2 146
2 148
2 149
2 151
2 155
2 160
2 163
2 175
2 183
2 188
2 190
2 194
2 199
2 208
2 210
2 212
2 213
2 216
2 223
2 228
2 239
2 249
2 252
2 253
2 255
3 4
3 36
3 52
3 60
3 64
3 66
3 16
3 24
3 29
3 50
3 67
3 72
3 78
3 92
3 93
3 102
3 109
3 115
3 119
3 122
3 123
3 131
3 138
3 154
3 163
3 171
3 173
3 180
3 187
3 204
3 209
3 216
3 221
3 229
3 231
3 245
3 247
3 254
4 5
4 21
4 29
4 33
4 35
4 6
4 11
4 28
4 30
4 44
4 54
4 56
4 58
4 62
4 68
4 69
4 71
4 72
4 74
4 87
4 88
4 96
4 105
4 115
4 123
4 124
4 125
4 134
4 136
4 139
4 143
4 147
4 149
4 152
4 153
4 157
4 159
4 162
4 166
4 179
4 188
4 196
4 201
4 230
4 232
4 237
4 254
5 6
5 14
5 18
5 20
5 21
5 22
5 31
5 38
5 54
5 67
5 68
5 79
5 80
5 87
5 92
5 93
5 98
5 120
5 121
5 124
5 128
5 131
5 134
5 145
5 149
5 152
5 173
5 175
5 188
5 189
5 192
5 204
5 210
5 229
5 236
5 238
5 240
5 241
5 248
6 7
6 11
6 13
6 17
6 21
6 31
6 44
6 51
6 55
6 56
6 58
6 66
6 70
6 91
6 104
6 112
6 123
6 130
6 136
6 143
6 149
6 152
6 153
6 155
6 159
6 168
6 173
6 179
6 181
6 182
6 184
6 190
6 201
6 215
6 218
6 220
6 226
6 239
6 250
7 8
7 10
7 15
7 17
7 20
7 24
7 28
7 42
7 44
7 46
7 51
7 56
7 57
7 67
7 73
7 76
7 80
7 81
7 82
7 87
7 93
7 94
7 99
7 114
7 122
7 126
7 146
7 150
7 151
7 157
7 161
7 169
7 191
7 199
7 204
7 214
7 215
7 230
7 239
7 241
7 252
7 254
7 255
8 9
8 17
8 24
8 28
8 31
8 36
8 51
8 52
8 62
8 65
8 70
8 82
8 83
8 100
8 113
8 130
8 139
8 147
8 163
8 166
8 171
8 175
8 188
8 201
8 202
8 209
8 227
8 229
8 233
8 240
8 249
8 250
8 253
9 10
9 20
9 24
9 32
9 33
9 37
9 41
9 45
9 47
9 50
9 54
9 55
9 59
9 61
9 62
9 73
9 92
9 99
9 101
9 102
9 108
9 114
9 121
9 125
9 131
9 132
9 134
9 135
9 148
9 150
9 162
9 166
9 174
9 178
9 192
9 193
9 195
9 212
9 219
9 226
9 231
9 233
9 249
9 250
9 252
10 11
10 13
10 18
10 23
10 31
10 33
10 42
10 61
10 88
10 89
10 108
10 109
10 116
10 128
10 140
10 146
10 148
10 150
10 154
10 156
10 165
10 180
10 189
10 193
10 213
10 233
10 239
10 249
10 252
11 12
11 14
11 15
11 20
11 24
11 35
11 41
11 54
11 55
11 66
11 78
11 81
11 87
11 88
11 89
11 90
11 97
11 98
11 99
11 104
11 105
11 108
11 109
11 117
11 120
11 133
11 137
11 143
11 149
11 156
11 157
11 164
11 167
11 168
11 177
11 181
11 186
11 205
11 212
11 221
11 223
11 238
11 241
11 243
11 247
11 254
12 22
12 33
12 36
12 41
12 42
12 43
12 45
12 46
12 49
12 51
12 68
12 75
12 76
12 99
12 101
12 110
12 125
12 131
12 134
12 137
12 140
12 166
12 171
12 180
12 182
12 185
12 188
12 193
12 219
12 251
12 252
13 22
13 34
13 35
13 37
13 39
13 43
13 48
13 49
13 55
13 60
13 63
13 70
13 78
13 79
13 89
13 90
13 95
13 96
13 98
13 107
13 112
13 116
13 120
13 123
13 128
13 153
13 165
13 171
13 182
13 186
13 198
13 225
13 238
13 249
14 15
14 17
14 28
14 30
14 31
14 35
14 72
14 79
14 88
14 92
14 106
14 109
14 113
14 116
14 126
14 132
14 135
14 136
14 144
14 153
14 161
14 164
14 165
14 175
14 178
14 183
14 191
14 197
14 221
14 223
14 226
14 233
14 234
14 235
14 237
14 240
14 244
14 251
14 252
15 16
15 17
15 22
15 28
15 54
15 55
15 56
15 60
15 61
15 75
15 88
15 106
15 107
15 113
15 115
15 122
15 126
15 133
15 135
15 146
15 152
15 154
15 155
15 156
15 162
15 185
15 195
15 201
15 211
15 214
15 237
15 245
15 247
15 256
16 17
16 19
16 21
16 24
16 35
16 38
16 44
16 46
16 47
16 50
16 65
16 80
16 103
16 115
16 116
16 126
16 142
16 148
16 151
16 152
16 162
16 163
16 168
16 175
16 182
16 183
16 186
16 190
16 198
16 214
16 215
16 221
16 233
16 234
16 240
16 244
17 18
17 23
17 37
17 52
17 56
17 76
17 89
17 94
17 96
17 108
17 110
17 111
17 120
17 123
17 127
17 137
17 139
17 146
17 147
17 158
17 162
17 168
17 180
17 185
17 187
17 188
17 190
17 194
17 209
17 213
17 219
17 229
17 230
17 238
18 19
18 31
18 34
18 35
18 39
18 40
18 43
18 46
18 52
18 70
18 71
18 79
18 80
18 81
18 84
18 102
18 114
18 118
18 120
18 129
18 133
18 147
18 154
18 162
18 166
18 178
18 184
18 186
18 191
18 200
18 210
18 219
18 225
18 238
18 249
19 22
19 43
19 50
19 73
19 81
19 85
19 91
19 94
19 95
19 96
19 99
19 100
19 102
19 109
19 123
19 126
19 139
19 142
19 148
19 156
19 157
19 166
19 183
19 190
19 191
19 206
19 217
19 220
19 227
19 228
19 239
19 256
20 32
20 38
20 45
20 52
20 58
20 63
20 65
20 71
20 90
20 94
20 103
20 107
20 114
20 123
20 132
20 135
20 142
20 145
20 149
20 151
20 166
20 171
20 179
20 180
20 183
20 192
20 193
20 195
20 196
20 197
20 202
20 212
20 218
20 231
20 237
20 249
21 22
21 26
21 28
21 37
21 51
21 65
21 68
21 79
21 85
21 96
21 119
21 124
21 126
21 130
21 131
21 132
21 135
21 140
21 142
21 146
21 147
21 153
21 162
21 168
21 170
21 173
21 185
21 194
21 210
21 211
21 213
21 219
21 221
21 222
21 223
21 225
21 228
21 231
21 256
22 23
22 25
22 26
22 38
22 47
22 63
22 70
22 74
22 77
22 78
22 79
22 86
22 87
22 94
22 99
22 102
22 104
22 108
22 120
22 129
22 142
22 149
22 150
22 152
22 162
22 167
22 172
22 173
22 183
22 193
22 200
22 201
22 202
22 209
22 217
22 218
22 221
22 243
22 244
23 24
23 31
23 37
23 39
23 41
23 42
23 57
23 63
23 65
23 67
23 75
23 82
23 93
23 95
23 99
23 104
23 111
23 114
23 122
23 130
23 136
23 137
23 143
23 150
23 151
23 174
23 175
23 180
23 187
23 189
23 191
23 192
23 193
23 199
23 206
23 209
23 214
23 217
23 226
23 228
23 246
24 28
24 33
24 35
24 38
24 42
24 45
24 61
24 64
24 73
24 76
24 91
24 96
24 100
24 103
24 106
24 118
24 129
24 140
24 149
24 151
24 156
24 159
24 164
24 168
24 169
24 177
24 180
24 189
24 206
24 212
24 214
24 227
24 231
24 239
24 249
24 251
24 254
24 256
25 35
25 78
25 84
25 92
25 100
25 103
25 104
25 105
25 115
25 117
25 128
25 129
25 131
25 132
25 145
25 149
25 153
25 156
25 161
25 167
25 168
25 170
25 173
25 177
25 195
25 200
25 204
25 210
25 211
25 220
25 221
25 225
25 227
25 232
25 234
25 235
25 239
25 242
25 245
25 248
25 249
25 250
25 253
26 27
26 32
26 39
26 66
26 68
26 72
26 80
26 85
26 87
26 90
26 100
26 106
26 110
26 124
26 131
26 137
26 141
26 145
26 150
26 155
26 159
26 161
26 164
26 165
26 167
26 170
26 182
26 184
26 189
26 197
26 202
26 205
26 217
26 219
26 220
26 225
26 230
26 251
27 28
27 30
27 37
27 41
27 49
27 54
27 58
27 66
27 73
27 74
27 79
27 84
27 90
27 95
27 122
27 131
27 132
27 134
27 141
27 145
27 146
27 175
27 177
27 178
27 184
27 188
27 194
27 195
27 206
27 215
27 221
27 224
27 226
27 229
27 231
27 232
27 252
28 39
28 42
28 51
28 55
28 60
28 67
28 69
28 72
28 76
28 79
28 89
28 91
28 95
28 96
28 103
28 109
28 114
28 133
28 145
28 146
28 147
28 153
28 168
28 169
28 171
28 173
28 174
28 178
28 179
28 205
28 207
28 213
28 232
28 233
28 235
28 240
28 253
28 256
29 30
29 32
29 34
29 35
29 61
29 68
29 73
29 76
29 77
29 78
29 82
29 86
29 93
29 96
29 103
29 106
29 107
29 108
29 110
29 115
29 128
29 135
29 136
29 137
29 144
29 148
29 155
29 161
29 169
29 175
29 178
29 181
29 184
29 192
29 193
29 209
29 230
29 243
29 244
29 247
30 31
30 45
30 46
30 52
30 53
30 56
30 57
30 58
30 67
30 81
30 82
30 85
30 92
30 95
30 97
30 100
30 104
30 106
30 108
30 128
30 143
30 147
30 148
30 152
30 155
30 158
30 160
30 165
30 167
30 187
30 194
30 198
30 201
30 219
30 221
30 227
30 236
30 244
30 246
30 247
31 32
31 45
31 57
31 64
31 66
31 75
31 82
31 98
31 99
31 110
31 112
31 113
31 132
31 164
31 179
31 186
31 187
31 194
31 201
31 205
31 210
31 212
31 241
31 243
31 254
32 35
32 36
32 37
32 44
32 48
32 49
32 54
32 60
32 68
32 69
32 71
32 85
32 93
32 106
32 107
32 112
32 128
32 136
32 137
32 140
32 149
32 151
32 153
32 156
32 158
32 159
32 170
32 172
32 176
32 189
32 195
32 214
32 219
32 221
32 222
32 226
32 229
32 230
32 238
32 247
32 248
32 250
32 253
33 34
33 54
33 61
33 62
33 67
33 74
33 79
33 82
33 91
33 97
33 99
33 143
33 149
33 152
33 157
33 181
33 188
33 200
33 202
33 211
33 221
33 228
33 239
33 240
33 250
34 37
34 40
34 43
34 45
34 52
34 70
34 71
34 75
34 83
34 98
34 105
34 114
34 121
34 123
34 128
34 132
34 141
34 147
34 148
34 163
34 172
34 177
34 178
34 182
34 188
34 219
34 222
34 230
34 251
34 256
35 39
35 45
35 46
35 53
35 59
35 61
35 69
35 72
35 73
35 98
35 100
35 107
35 111
35 115
35 121
35 128
35 129
35 131
35 133
35 153
35 154
35 160
35 163
35 169
35 172
35 190
35 191
35 211
35 214
35 216
35 217
35 219
35 221
35 224
35 234
35 241
36 37
36 45
36 49
36 51
36 38
36 56
36 58
36 60
36 63
36 64
36 65
36 74
36 75
36 78
36 82
36 87
36 89
36 113
36 119
36 132
36 151
36 159
36 160
36 172
36 182
36 191
36 193
36 195
36 203
36 204
36 209
36 223
36 231
36 234
36 247
37 38
37 42
37 44
37 41
37 43
37 55
37 62
37 70
37 96
37 100
37 106
37 112
37 117
37 119
37 123
37 125
37 133
37 140
37 142
37 146
37 155
37 160
37 172
37 176
37 188
37 192
37 201
37 218
37 219
37 223
37 228
37 238
37 244
38 39
38 41
38 43
38 57
38 59
38 66
38 71
38 79
38 81
38 84
38 116
38 126
38 134
38 136
38 138
38 146
38 150
38 160
38 163
38 166
38 167
38 185
38 188
38 204
38 209
38 219
38 225
38 228
38 231
38 243
38 256
39 40
39 42
39 45
39 56
39 58
39 80
39 81
39 86
39 100
39 103
39 106
39 118
39 123
39 125
39 126
39 128
39 130
39 132
39 134
39 137
39 145
39 175
39 185
39 194
39 210
39 211
39 219
39 227
39 250
40 41
40 48
40 50
40 58
40 61
40 71
40 74
40 75
40 91
40 98
40 104
40 106
40 108
40 109
40 115
40 122
40 127
40 134
40 158
40 163
40 172
40 173
40 175
40 176
40 188
40 190
40 193
40 204
40 209
40 210
40 237
40 246
40 247
40 250
41 42
41 50
41 59
41 62
41 66
41 69
41 95
41 96
41 98
41 105
41 107
41 111
41 113
41 116
41 118
41 122
41 125
41 126
41 129
41 132
41 139
41 148
41 155
41 156
41 161
41 163
41 174
41 177
41 178
41 181
41 189
41 205
41 214
41 228
41 230
41 246
41 248
41 253
41 255
42 43
42 58
42 65
42 88
42 89
42 106
42 115
42 129
42 137
42 142
42 144
42 146
42 149
42 165
42 179
42 199
42 201
42 206
42 213
42 216
42 223
42 230
42 243
42 246
43 46
43 48
43 74
43 78
43 80
43 85
43 93
43 94
43 103
43 104
43 111
43 120
43 131
43 143
43 148
43 155
43 163
43 174
43 184
43 187
43 193
43 199
43 207
43 208
43 214
43 218
43 224
43 226
43 234
43 235
43 243
44 50
44 54
44 57
44 73
44 78
44 85
44 92
44 97
44 105
44 116
44 122
44 124
44 127
44 130
44 131
44 134
44 137
44 141
44 145
44 148
44 152
44 153
44 158
44 160
44 169
44 175
44 184
44 222
44 230
44 239
44 241
44 247
44 250
44 256
45 46
45 48
45 55
45 63
45 74
45 75
45 115
45 116
45 120
45 121
45 122
45 130
45 135
45 139
45 142
45 145
45 148
45 155
45 161
45 169
45 174
45 183
45 191
45 196
45 205
45 210
45 211
45 212
45 214
45 219
45 229
46 47
46 57
46 62
46 63
46 73
46 74
46 78
46 83
46 91
46 92
46 94
46 95
46 117
46 118
46 121
46 128
46 138
46 144
46 145
46 147
46 156
46 158
46 159
46 176
46 187
46 198
46 214
46 218
46 219
46 220
46 238
46 249
46 251
47 68
47 77
47 78
47 79
47 98
47 100
47 103
47 113
47 125
47 133
47 139
47 148
47 151
47 162
47 168
47 186
47 187
47 189
47 194
47 203
47 224
47 225
47 226
47 227
47 234
47 236
47 239
47 242
48 49
48 55
48 60
48 63
48 64
48 68
48 73
48 85
48 91
48 92
48 97
48 110
48 113
48 120
48 121
48 124
48 134
48 137
48 159
48 161
48 168
48 169
48 175
48 176
48 186
48 188
48 199
48 201
48 222
48 234
48 241
48 243
49 50
49 56
49 72
49 82
49 94
49 98
49 100
49 107
49 122
49 128
49 131
49 136
49 144
49 162
49 177
49 178
49 189
49 191
49 199
49 202
49 204
49 219
49 239
49 243
49 248
50 51
50 64
50 72
50 88
50 106
50 108
50 116
50 120
50 131
50 145
50 153
50 160
50 161
50 163
50 168
50 169
50 171
50 180
50 186
50 189
50 191
50 192
50 194
50 202
50 204
50 229
50 231
50 243
50 244
50 249
50 256
51 57
51 61
51 77
51 82
51 90
51 93
51 95
51 110
51 123
51 129
51 132
51 137
51 155
51 156
51 157
51 167
51 170
51 173
51 174
51 175
51 176
51 177
51 187
51 189
51 190
51 191
51 195
51 207
51 212
51 214
51 219
51 224
51 231
51 234
51 235
51 241
51 250
51 253
52 53
52 57
52 59
52 54
52 66
52 78
52 87
52 94
52 96
52 101
52 106
52 110
52 111
52 112
52 120
52 132
52 146
52 151
52 160
52 161
52 176
52 179
52 188
52 193
52 234
52 245
52 250
52 254
53 54
53 56
53 57
53 73
53 106
53 115
53 120
53 123
53 144
53 154
53 157
53 159
53 172
53 192
53 193
53 203
53 204
53 206
53 214
53 219
53 221
53 225
53 238
53 241
53 246
53 250
53 255
53 256
54 55
54 86
54 96
54 98
54 102
54 103
54 105
54 106
54 119
54 121
54 126
54 136
54 147
54 151
54 153
54 156
54 158
54 169
54 171
54 172
54 173
54 181
54 182
54 183
54 187
54 200
54 202
54 206
54 207
54 215
54 226
54 227
54 230
54 231
54 235
54 237
54 238
54 247
55 63
55 64
55 70
55 74
55 75
55 97
55 115
55 133
55 135
55 136
55 139
55 141
55 150
55 158
55 160
55 161
55 170
55 171
55 193
55 199
55 205
55 213
55 214
55 216
55 221
55 226
55 231
55 232
55 235
55 236
55 239
55 245
55 246
56 62
56 64
56 65
56 82
56 88
56 105
56 113
56 116
56 128
56 130
56 153
56 167
56 177
56 191
56 195
56 213
56 214
56 225
56 227
56 228
56 233
56 237
57 58
57 61
57 66
57 69
57 84
57 88
57 91
57 98
57 110
57 120
57 134
57 139
57 150
57 160
57 162
57 180
57 183
57 184
57 200
57 202
57 208
57 212
57 215
57 217
57 227
57 231
57 233
57 236
57 240
57 241
57 250
57 253
57 256
58 67
58 82
58 87
58 108
58 111
58 118
58 122
58 128
58 134
58 137
58 143
58 150
58 153
58 162
58 171
58 174
58 176
58 210
58 211
58 212
58 215
58 216
58 222
58 225
58 227
58 232
58 235
58 251
58 256
59 74
59 90
59 107
59 109
59 123
59 124
59 125
59 131
59 135
59 137
59 140
59 141
59 143
59 144
59 149
59 150
59 167
59 197
59 203
59 207
59 218
59 221
59 230
59 236
59 248
59 251
59 252
60 61
60 63
60 70
60 71
60 79
60 82
60 90
60 100
60 103
60 107
60 114
60 116
60 120
60 127
60 130
60 133
60 141
60 145
60 151
60 161
60 174
60 176
60 180
60 184
60 204
60 207
60 208
60 212
60 227
60 228
60 238
60 243
60 247
60 252
61 62
61 66
61 70
61 79
61 87
61 102
61 110
61 115
61 134
61 135
61 146
61 148
61 150
61 157
61 159
61 160
61 171
61 181
61 185
61 194
61 202
61 204
61 205
61 208
61 213
61 217
61 234
61 235
61 236
61 241
61 242
61 248
62 67
62 68
62 70
62 76
62 79
62 80
62 85
62 97
62 98
62 100
62 105
62 111
62 122
62 132
62 134
62 135
62 144
62 159
62 167
62 170
62 177
62 179
62 182
62 184
62 195
62 199
62 206
62 227
62 231
62 233
62 236
62 246
62 256
63 66
63 68
63 70
63 78
63 83
63 93
63 98
63 105
63 111
63 112
63 113
63 117
63 119
63 122
63 130
63 132
63 140
63 172
63 192
63 194
63 196
63 199
63 200
63 203
63 205
63 209
63 212
63 221
63 222
63 223
63 230
63 231
63 234
63 236
63 238
63 249
63 251
64 65
64 88
64 95
64 98
64 119
64 122
64 124
64 130
64 132
64 134
64 137
64 145
64 151
64 152
64 161
64 172
64 173
64 189
64 198
64 200
64 219
64 237
64 240
64 244
65 95
65 111
65 115
65 116
65 117
65 130
65 132
65 143
65 159
65 185
65 186
65 187
65 188
65 192
65 204
65 215
65 217
65 219
65 225
65 226
65 240
65 248
65 250
65 251
65 252
65 253
66 73
66 74
66 94
66 96
66 99
66 112
66 125
66 136
66 141
66 148
66 151
66 157
66 162
66 175
66 178
66 179
66 185
66 186
66 193
66 198
66 199
66 200
66 202
66 203
66 216
66 235
66 241
66 248
67 68
67 84
67 92
67 96
67 98
67 83
67 87
67 91
67 97
67 107
67 111
67 125
67 126
67 140
67 155
67 156
67 162
67 175
67 183
67 201
67 217
67 218
67 228
67 232
67 244
67 245
67 247
68 69
68 77
68 81
68 83
68 71
68 84
68 89
68 102
68 113
68 122
68 139
68 146
68 172
68 173
68 199
68 211
68 217
68 218
68 244
68 249
68 253
69 70
69 74
69 76
69 78
69 85
69 88
69 90
69 104
69 109
69 119
69 121
69 127
69 132
69 135
69 136
69 140
69 161
69 164
69 165
69 168
69 184
69 185
69 193
69 194
69 207
69 209
69 216
69 222
69 228
69 241
69 243
70 71
70 73
70 72
70 81
70 83
70 97
70 98
70 106
70 124
70 131
70 136
70 137
70 138
70 140
70 143
70 149
70 153
70 159
70 188
70 192
70 197
70 210
70 212
70 227
70 228
70 230
70 232
70 233
70 237
70 243
70 244
70 248
70 254
71 72
71 76
71 87
71 92
71 94
71 104
71 111
71 119
71 124
71 126
71 133
71 144
71 149
71 153
71 156
71 160
71 166
71 168
71 173
71 177
71 180
71 185
71 201
71 205
71 206
71 212
71 219
71 225
71 226
71 232
71 238
71 239
71 240
71 241
71 248
71 252
72 76
72 84
72 96
72 99
72 104
72 110
72 115
72 122
72 137
72 144
72 150
72 162
72 172
72 181
72 199
72 205
72 208
72 210
72 217
72 227
72 234
72 235
72 236
72 242
72 249
72 256
73 85
73 98
73 101
73 102
73 107
73 114
73 115
73 117
73 119
73 131
73 135
73 160
73 172
73 178
73 179
73 195
73 197
73 209
73 223
73 230
73 237
73 239
73 242
73 243
73 247
73 254
74 75
74 78
74 85
74 92
74 98
74 112
74 133
74 139
74 144
74 146
74 150
74 160
74 161
74 166
74 167
74 178
74 184
74 187
74 192
74 194
74 197
74 205
74 206
74 215
74 225
74 226
74 236
74 237
74 239
74 241
74 242
74 253
74 254
75 83
75 98
75 102
75 111
75 115
75 116
75 126
75 129
75 130
75 135
75 139
75 141
75 144
75 153
75 162
75 163
75 170
75 171
75 177
75 182
75 184
75 186
75 192
75 194
75 199
75 210
75 214
75 225
75 232
75 235
75 239
75 253
76 93
76 95
76 96
76 100
76 105
76 108
76 117
76 118
76 126
76 128
76 139
76 143
76 152
76 170
76 179
76 181
76 183
76 186
76 189
76 199
76 213
76 217
76 223
76 224
76 229
76 234
76 252
77 78
77 80
77 89
77 101
77 105
77 109
77 120
77 136
77 144
77 150
77 161
77 168
77 187
77 198
77 199
77 207
77 208
77 216
77 219
77 226
77 242
77 243
77 246
77 247
77 256
78 79
78 81
78 83
78 84
78 86
78 91
78 92
78 98
78 103
78 108
78 109
78 110
78 113
78 116
78 117
78 119
78 123
78 130
78 131
78 137
78 141
78 151
78 155
78 159
78 160
78 164
78 168
78 173
78 178
78 196
78 198
78 207
78 214
78 217
78 229
78 232
78 237
78 244
78 246
78 249
79 81
79 90
79 100
79 106
79 108
79 122
79 124
79 138
79 143
79 155
79 159
79 170
79 180
79 189
79 190
79 192
79 201
79 204
79 210
79 211
79 217
79 226
79 240
79 252
79 253
80 81
80 82
80 87
80 90
80 100
80 106
80 107
80 108
80 111
80 112
80 113
80 115
80 117
80 119
80 128
80 129
80 130
80 141
80 149
80 157
80 167
80 170
80 173
80 179
80 180
80 194
80 195
80 197
80 203
80 211
80 219
80 220
80 227
80 228
80 238
80 248
80 250
81 82
81 96
81 109
81 111
81 113
81 119
81 128
81 132
81 143
81 146
81 151
81 153
81 156
81 158
81 178
81 180
81 193
81 202
81 209
81 211
81 239
81 240
81 247
82 85
82 90
82 93
82 100
82 101
82 115
82 116
82 123
82 139
82 140
82 144
82 155
82 160
82 163
82 167
82 168
82 169
82 173
82 177
82 185
82 188
82 193
82 198
82 206
82 218
82 220
82 231
82 238
82 244
82 245
82 254
83 84
83 85
83 104
83 115
83 117
83 137
83 139
83 140
83 141
83 146
83 154
83 164
83 167
83 170
83 182
83 193
83 196
83 200
83 211
83 214
83 217
83 219
83 229
83 230
83 233
84 85
84 89
84 91
84 93
84 95
84 100
84 101
84 110
84 117
84 120
84 126
84 128
84 129
84 136
84 145
84 164
84 187
84 191
84 219
84 231
84 237
84 244
84 248
85 86
85 88
85 98
85 101
85 104
85 109
85 111
85 119
85 121
85 135
85 142
85 144
85 146
85 153
85 154
85 155
85 160
85 162
85 168
85 169
85 184
85 193
85 205
85 213
85 219
85 220
85 231
85 236
85 237
85 243
85 244
85 245
85 256
86 87
86 99
86 100
86 105
86 106
86 107
86 115
86 116
86 121
86 130
86 138
86 150
86 153
86 155
86 157
86 158
86 164
86 177
86 181
86 190
86 199
86 201
86 208
86 209
86 222
86 242
86 247
87 88
87 100
87 131
87 132
87 133
87 134
87 137
87 156
87 157
87 158
87 160
87 164
87 169
87 170
87 175
87 178
87 183
87 185
87 192
87 214
87 227
87 230
87 255
88 90
88 102
88 103
88 104
88 116
88 118
88 126
88 140
88 144
88 146
88 154
88 155
88 156
88 162
88 167
88 171
88 174
88 176
88 184
88 191
88 205
88 212
88 218
88 230
88 249
88 255
89 90
89 92
89 96
89 106
89 121
89 122
89 130
89 136
89 139
89 144
89 152
89 158
89 159
89 172
89 175
89 177
89 197
89 204
89 209
89 218
89 241
89 245
90 93
90 94
90 105
90 108
90 109
90 111
90 119
90 124
90 131
90 141
90 142
90 144
90 148
90 154
90 155
90 164
90 171
90 172
90 174
90 175
90 181
90 194
90 196
90 201
90 207
90 220
90 227
90 232
90 236
90 238
90 248
90 251
91 93
91 94
91 103
91 104
91 106
91 122
91 125
91 135
91 137
91 142
91 149
91 162
91 169
91 175
91 182
91 193
91 197
91 202
91 204
91 211
91 216
91 217
91 219
91 229
91 232
91 237
91 238
91 243
92 93
92 95
92 96
92 105
92 114
92 122
92 150
92 157
92 166
92 167
92 172
92 180
92 188
92 197
92 220
92 226
92 227
92 228
92 230
92 232
92 244
92 247
92 248
92 249
92 253
93 94
93 97
93 108
93 109
93 111
93 112
93 113
93 123
93 124
93 125
93 141
93 142
93 148
93 149
93 150
93 151
93 153
93 164
93 167
93 168
93 175
93 176
93 178
93 181
93 184
93 185
93 195
93 196
93 205
93 210
93 216
93 226
93 230
93 241
94 105
94 112
94 113
94 114
94 121
94 136
94 145
94 147
94 150
94 153
94 157
94 162
94 166
94 176
94 184
94 193
94 209
94 211
94 217
94 218
94 231
94 238
94 241
95 96
95 106
95 119
95 122
95 126
95 134
95 140
95 149
95 154
95 171
95 177
95 178
95 192
95 201
95 204
95 212
95 217
95 220
95 234
95 246
95 249
95 252
95 254
96 97
96 103
96 105
96 121
96 125
96 133
96 142
96 155
96 157
96 173
96 196
96 202
96 208
96 214
96 216
96 218
96 221
96 228
96 236
96 238
96 241
96 252
97 99
97 101
97 107
97 109
97 113
97 119
97 122
97 144
97 155
97 169
97 173
97 181
97 184
97 191
97 201
97 207
97 214
97 233
97 245
97 251
97 256
98 99
98 106
98 112
98 113
98 114
98 131
98 135
98 143
98 147
98 149
98 153
98 168
98 183
98 191
98 193
98 202
98 207
98 211
98 214
98 218
98 222
98 252
99 100
99 108
99 112
99 114
99 133
99 138
99 150
99 178
99 181
99 192
99 202
99 204
99 205
99 206
99 218
99 239
99 246
99 253
100 101
100 105
100 107
100 109
100 114
100 124
100 126
100 129
100 131
100 133
100 151
100 152
100 156
100 161
100 163
100 171
100 189
100 192
100 196
100 201
100 203
100 204
100 215
100 216
100 217
100 227
100 233
100 235
100 238
100 247
100 249
100 254
101 102
101 104
101 108
101 115
101 150
101 156
101 158
101 161
101 163
101 164
101 172
101 173
101 197
101 200
101 213
101 223
101 229
101 232
101 237
101 241
101 246
101 251
102 103
102 106
102 128
102 129
102 132
102 140
102 149
102 160
102 163
102 167
102 170
102 185
102 195
102 211
102 214
102 229
102 233
102 234
102 238
102 249
103 106
103 116
103 117
103 122
103 126
103 132
103 136
103 139
103 146
103 152
103 153
103 154
103 173
103 175
103 181
103 182
103 183
103 186
103 188
103 198
103 210
103 211
103 220
103 222
103 230
103 234
103 255
104 127
104 129
104 134
104 138
104 143
104 146
104 148
104 165
104 170
104 171
104 175
104 179
104 194
104 206
104 209
104 210
104 214
104 224
104 229
104 235
104 240
104 242
104 247
104 252
105 106
105 116
105 117
105 119
105 129
105 131
105 147
105 148
105 177
105 189
105 191
105 192
105 200
105 206
105 221
105 224
105 230
105 232
105 233
105 240
105 250
105 251
105 256
106 112
106 114
106 117
106 119
106 124
106 125
106 127
106 142
106 146
106 148
106 161
106 181
106 184
106 187
106 211
106 215
106 217
106 219
106 223
106 226
106 230
106 237
106 238
106 240
106 244
106 250
106 251
107 110
107 113
107 119
107 121
107 146
107 150
107 151
107 168
107 203
107 207
107 210
107 215
107 216
107 220
107 222
107 227
107 230
107 232
107 235
107 240
107 242
107 244
107 245
107 247
107 248
107 250
107 251
107 254
108 109
108 111
108 124
108 128
108 132
108 141
108 145
108 148
108 162
108 163
108 179
108 181
108 190
108 191
108 196
108 203
108 232
108 240
108 241
108 247
108 251
108 253
109 110
109 113
109 115
109 132
109 136
109 141
109 153
109 161
109 164
109 165
109 170
109 174
109 181
109 185
109 189
109 195
109 197
109 203
109 212
109 216
109 244
110 140
110 145
110 150
110 160
110 161
110 162
110 167
110 179
110 181
110 182
110 184
110 189
110 200
110 209
110 212
110 221
110 224
110 236
110 241
110 249
110 252
110 254
111 112
111 124
111 134
111 138
111 144
111 145
111 148
111 158
111 160
111 166
111 172
111 183
111 188
111 189
111 192
111 193
111 196
111 202
111 205
111 207
111 212
111 216
111 226
111 231
111 233
111 234
111 242
111 247
111 252
111 254
112 113
112 125
112 126
112 128
112 131
112 136
112 145
112 176
112 179
112 190
112 210
112 212
112 213
112 216
112 221
112 240
112 255
113 114
113 121
113 133
113 139
113 159
113 165
113 169
113 170
113 179
113 183
113 184
113 185
113 187
113 194
113 234
113 236
113 242
113 243
113 245
113 246
113 251
114 118
114 120
114 123
114 125
114 126
114 143
114 147
114 148
114 150
114 151
114 170
114 171
114 172
114 178
114 179
114 184
114 200
114 202
114 219
114 222
114 231
114 239
114 247
115 116
115 120
115 122
115 117
115 126
115 135
115 136
115 140
115 148
115 152
115 159
115 160
115 162
115 165
115 179
115 184
115 191
115 203
115 209
115 223
115 224
115 228
115 232
115 244
115 247
115 253
116 117
116 119
116 124
116 141
116 145
116 147
116 149
116 154
116 156
116 172
116 182
116 192
116 199
116 202
116 208
116 215
116 220
116 221
116 227
116 229
116 234
116 243
116 246
116 247
117 118
117 122
117 128
117 131
117 134
117 150
117 158
117 159
117 169
117 179
117 180
117 182
117 183
117 188
117 190
117 195
117 202
117 209
117 223
117 229
117 230
117 233
117 237
117 244
118 120
118 121
118 124
118 134
118 140
118 144
118 145
118 162
118 183
118 185
118 188
118 190
118 195
118 200
118 201
118 202
118 211
118 215
118 216
118 228
118 230
118 233
118 246
118 249
119 134
119 140
119 148
119 151
119 153
119 160
119 168
119 176
119 178
119 179
119 190
119 200
119 208
119 212
119 234
119 241
119 248
119 250
119 253
120 121
120 136
120 145
120 146
120 147
120 166
120 173
120 197
120 198
120 199
120 200
120 205
120 207
120 211
120 212
120 213
120 215
120 228
121 123
121 125
121 134
121 136
121 138
121 146
121 149
121 157
121 162
121 163
121 170
121 182
121 187
121 189
121 190
121 192
121 193
121 196
121 199
121 214
121 215
121 228
121 229
121 232
121 234
121 238
121 239
121 244
122 126
122 131
122 141
122 145
122 147
122 150
122 158
122 160
122 163
122 169
122 186
122 190
122 191
122 192
122 193
122 213
122 214
122 227
122 237
122 239
122 241
123 124
123 126
123 128
123 138
123 142
123 155
123 159
123 168
123 174
123 177
123 181
123 185
123 192
123 199
123 216
123 218
123 221
123 223
123 231
123 249
123 255
123 256
124 125
124 130
124 138
124 140
124 141
124 143
124 144
124 145
124 153
124 161
124 166
124 169
124 172
124 173
124 178
124 181
124 183
124 191
124 194
124 212
124 217
124 218
124 234
124 240
125 126
125 130
125 135
125 149
125 152
125 153
125 185
125 193
125 209
125 213
125 214
125 235
125 238
125 240
125 244
125 246
125 248
125 250
126 130
126 139
126 152
126 157
126 160
126 165
126 167
126 172
126 173
126 175
126 176
126 184
126 186
126 188
126 190
126 192
126 200
126 210
126 212
126 216
126 226
126 230
126 241
126 244
127 128
127 138
127 141
127 143
127 148
127 150
127 154
127 160
127 162
127 168
127 187
127 198
127 204
127 206
127 207
127 219
127 235
127 239
127 240
127 244
127 246
128 131
128 143
128 161
128 174
128 178
128 183
128 186
128 192
128 193
128 204
128 207
128 211
128 213
128 216
128 223
128 226
128 227
128 228
128 234
129 130
129 131
129 135
129 140
129 146
129 157
129 161
129 172
129 174
129 183
129 195
129 200
129 207
129 212
129 213
129 214
129 224
129 235
129 236
129 239
129 253
130 131
130 163
130 179
130 187
130 191
130 193
130 150
130 155
130 158
130 159
130 164
130 166
130 181
130 182
130 185
130 196
130 199
130 204
130 205
130 209
130 213
130 216
130 217
130 219
130 231
130 238
130 250
130 256
131 132
131 148
131 156
131 160
131 162
131 136
131 158
131 159
131 164
131 165
131 167
131 172
131 174
131 179
131 185
131 188
131 189
131 206
131 208
131 216
131 218
131 221
131 224
131 225
131 231
131 238
131 244
131 251
131 256
132 133
132 141
132 145
132 147
132 134
132 135
132 143
132 149
132 173
132 175
132 178
132 179
132 196
132 198
132 206
132 210
132 212
132 214
132 215
132 217
132 225
132 245
132 250
132 252
132 255
133 134
133 138
133 140
133 136
133 142
133 158
133 159
133 167
133 170
133 172
133 175
133 189
133 200
133 234
133 235
133 236
133 237
133 241
133 247
133 254
133 256
134 135
134 137
134 142
134 160
134 171
134 173
134 177
134 179
134 199
134 203
134 205
134 209
134 212
134 225
134 226
134 229
134 235
134 241
134 243
134 253
135 136
135 143
135 149
135 151
135 155
135 158
135 166
135 173
135 182
135 192
135 214
135 225
135 242
135 251
135 253
136 139
136 149
136 165
136 168
136 171
136 183
136 190
136 192
136 193
136 218
136 240
136 245
136 247
136 251
137 138
137 142
137 148
137 151
137 153
137 155
137 164
137 174
137 182
137 188
137 192
137 209
137 214
137 221
137 226
137 228
137 232
137 238
137 242
137 251
137 252
137 253
138 139
138 144
138 152
138 158
138 161
138 162
138 166
138 185
138 188
138 190
138 192
138 200
138 207
138 211
138 212
138 216
138 223
138 230
138 236
138 237
138 246
139 145
139 150
139 165
139 173
139 181
139 183
139 188
139 193
139 202
139 203
139 207
139 208
139 209
139 222
139 223
139 225
139 226
139 227
139 229
139 234
140 145
140 147
140 154
140 187
140 188
140 195
140 201
140 208
140 210
140 215
140 216
140 217
140 238
140 243
140 248
140 250
140 255
140 256
141 142
141 144
141 145
141 148
141 158
141 159
141 161
141 180
141 183
141 189
141 203
141 206
141 214
141 217
141 237
141 241
141 243
141 248
141 252
141 254
142 143
142 156
142 162
142 165
142 178
142 188
142 192
142 195
142 197
142 198
142 200
142 201
142 206
142 218
142 231
142 238
142 240
142 241
142 255
143 146
143 148
143 153
143 155
143 164
143 177
143 178
143 186
143 187
143 190
143 204
143 209
143 213
143 224
143 229
143 232
143 238
143 245
144 148
144 158
144 170
144 175
144 188
144 191
144 201
144 202
144 203
144 207
144 212
144 238
145 146
145 152
145 160
145 162
145 164
145 170
145 180
145 189
145 192
145 194
145 206
145 211
145 217
145 223
145 227
145 233
145 241
145 250
146 158
146 181
146 193
146 194
146 217
146 218
146 227
146 241
146 243
146 247
146 253
146 255
146 256
147 150
147 151
147 164
147 167
147 185
147 186
147 195
147 198
147 220
147 230
147 232
147 235
147 243
147 249
148 149
148 153
148 155
148 150
148 161
148 164
148 180
148 186
148 188
148 201
148 213
148 220
148 225
148 227
148 240
148 242
148 243
148 256
149 150
149 152
149 161
149 164
149 172
149 173
149 177
149 182
149 195
149 203
149 207
149 208
149 209
149 215
149 216
149 235
150 151
150 161
150 163
150 167
150 178
150 179
150 185
150 188
150 193
150 197
150 207
150 211
150 216
150 217
150 225
150 231
150 234
150 243
151 153
151 157
151 160
151 170
151 172
151 176
151 183
151 184
151 210
151 221
151 224
151 227
151 240
151 243
151 245
152 153
152 158
152 168
152 171
152 175
152 179
152 186
152 190
152 198
152 206
152 213
152 215
152 216
152 229
152 233
152 239
152 240
152 242
152 244
152 250
152 253
153 154
153 156
153 157
153 159
153 161
153 168
153 187
153 201
153 207
153 224
153 226
153 229
153 239
153 241
154 156
154 165
154 168
154 169
154 172
154 175
154 179
154 196
154 197
154 209
154 213
154 222
154 223
154 236
154 239
154 246
155 167
155 171
155 182
155 184
155 186
155 206
155 215
155 228
155 237
155 245
155 248
155 250
155 251
156 157
156 159
156 167
156 184
156 187
156 193
156 194
156 205
156 217
156 222
156 231
156 237
156 242
156 243
157 158
157 160
157 162
157 172
157 178
157 218
157 228
157 246
157 250
158 163
158 179
158 180
158 184
158 185
158 196
158 211
158 214
158 216
158 217
158 222
158 243
158 245
158 254
159 183
159 186
159 202
159 205
159 215
159 218
159 230
159 235
159 236
159 244
159 256
160 161
160 163
160 172
160 175
160 177
160 183
160 197
160 199
160 200
160 206
160 212
160 217
160 220
160 231
160 252
160 253
161 163
161 165
161 172
161 174
161 181
161 193
161 194
161 200
161 204
161 214
161 232
161 241
161 242
161 248
161 254
161 256
162 164
162 172
162 184
162 196
162 210
162 216
162 231
162 235
162 237
163 164
163 172
163 176
163 178
163 166
163 174
163 177
163 195
163 196
163 199
163 204
163 209
163 249
164 165
164 169
164 171
164 167
164 172
164 173
164 174
164 180
164 193
164 198
164 217
164 241
164 244
164 245
164 249
164 251
165 166
165 168
165 205
165 206
165 211
165 213
165 225
165 231
165 238
165 243
165 244
165 247
165 250
166 167
166 170
166 171
166 177
166 181
166 187
166 194
166 198
166 200
166 202
166 219
166 226
166 238
166 243
166 254
167 173
167 181
167 192
167 206
167 208
167 211
167 218
167 220
167 236
167 237
167 240
167 246
167 248
167 253
167 255
168 171
168 175
168 176
168 196
168 203
168 211
168 212
168 217
168 225
168 226
168 227
168 233
168 242
168 244
168 245
168 248
168 252
169 170
169 177
169 181
169 185
169 186
169 187
169 188
169 190
169 191
169 201
169 206
169 215
169 216
169 227
169 232
169 242
170 172
170 176
170 186
170 190
170 196
170 197
170 202
170 215
170 220
170 224
170 226
170 233
170 241
170 245
170 247
170 248
171 176
171 179
171 185
171 191
171 192
171 198
171 204
171 207
171 228
171 232
172 173
172 175
172 187
172 203
172 205
172 212
172 216
172 217
172 219
172 225
172 228
172 229
172 234
172 235
172 244
173 174
173 179
173 183
173 199
173 205
173 212
173 214
173 217
173 218
173 220
173 221
173 227
173 231
173 237
173 246
173 248
173 251
173 253
174 177
174 183
174 185
174 196
174 198
174 203
174 216
174 217
174 226
174 232
174 234
174 239
174 242
174 252
174 253
175 179
175 188
175 192
175 205
175 209
175 212
175 214
175 215
175 223
175 232
175 235
175 240
175 241
175 242
175 244
175 252
176 177
176 179
176 194
176 198
176 200
176 214
176 216
176 228
176 235
176 245
176 250
176 251
176 255
177 188
177 199
177 201
177 203
177 209
177 210
177 216
177 218
177 222
177 231
177 242
177 249
178 193
178 205
178 214
178 223
178 231
178 246
178 247
178 249
179 180
179 184
179 186
179 185
179 193
179 195
179 202
179 204
179 211
179 218
179 222
179 225
179 236
179 243
179 250
180 181
180 183
180 189
180 204
180 217
180 219
180 228
180 243
181 182
181 184
181 205
181 209
181 211
181 219
181 224
181 237
181 248
181 251
181 252
181 255
182 185
182 221
182 224
182 227
182 246
182 254
182 256
183 185
183 189
183 190
183 197
183 198
183 201
183 203
183 210
183 218
183 232
183 242
183 247
183 250
184 185
184 186
184 190
184 208
184 209
184 233
184 238
184 239
184 240
184 246
185 188
185 189
185 191
185 200
185 204
185 208
185 212
185 214
185 216
185 240
186 189
186 208
186 211
186 218
186 222
186 225
186 229
186 238
186 249
187 188
187 190
187 200
187 217
187 219
187 227
187 231
187 247
187 253
188 189
188 192
188 198
188 200
188 203
188 216
188 229
188 237
188 249
188 256
189 194
189 200
189 214
189 222
189 225
189 229
189 236
189 238
189 241
189 248
189 249
189 252
190 196
190 197
190 201
190 204
190 208
190 213
190 222
190 225
190 226
190 229
190 241
190 245
191 192
191 205
191 211
191 234
191 245
191 248
192 198
192 201
192 212
192 219
192 232
192 240
192 248
193 204
193 210
193 212
193 213
193 233
193 234
193 240
193 246
193 252
194 195
194 211
194 219
194 223
194 225
194 222
194 226
194 230
194 231
194 233
194 241
195 196
195 204
195 208
195 210
195 205
195 213
195 233
195 244
195 250
195 251
196 197
196 201
196 203
196 206
196 213
196 215
196 216
196 224
196 225
196 229
196 234
196 238
196 245
196 246
197 198
197 200
197 201
197 209
197 222
197 229
197 231
197 233
197 236
197 243
197 247
197 251
198 199
198 201
198 202
198 206
198 219
198 246
199 200
199 201
199 212
199 220
199 225
199 240
199 241
199 242
199 243
199 244
199 247
199 255
200 214
200 219
200 222
200 238
200 241
200 253
201 202
201 214
201 218
201 219
201 221
201 228
201 250
201 253
201 255
202 218
202 227
202 236
202 251
203 207
203 213
203 223
203 225
203 229
203 231
203 237
203 238
203 240
203 248
203 250
203 256
204 205
204 207
204 209
204 211
204 213
204 227
204 229
204 233
204 240
204 243
205 206
205 208
205 219
205 223
205 224
205 236
205 239
205 242
205 245
205 246
205 248
206 220
206 223
206 224
206 233
206 235
206 240
206 245
206 256
207 216
207 217
207 226
207 242
207 246
207 249
207 250
207 252
207 254
208 209
208 217
208 232
208 234
208 241
208 252
209 215
209 216
209 219
209 220
209 224
209 230
209 234
209 244
209 252
209 256
210 217
210 227
210 231
210 243
210 246
210 249
211 212
211 216
211 218
211 213
211 214
211 219
211 225
211 233
211 247
211 250
212 213
212 215
212 216
212 220
212 228
212 237
212 241
212 246
212 247
212 250
212 252
212 256
213 214
213 248
213 250
213 251
214 215
214 218
214 231
214 234
214 236
214 247
214 251
214 252
214 253
214 254
215 226
215 234
215 238
215 247
215 256
216 217
216 218
216 221
216 223
216 236
216 254
217 222
217 235
217 254
218 219
218 222
218 224
218 230
218 248
218 250
218 251
218 252
219 220
219 222
219 228
219 241
219 244
220 221
220 230
220 240
220 241
220 243
220 246
220 256
221 225
221 226
221 227
221 236
221 238
221 247
222 223
222 229
222 232
222 235
222 241
222 242
222 247
223 224
223 228
223 231
223 236
223 253
224 241
224 243
224 244
224 248
224 250
224 253
225 232
225 236
225 243
225 244
225 246
225 250
226 227
226 235
226 239
226 241
226 232
226 236
226 240
226 243
226 253
227 228
227 232
227 234
227 229
227 243
228 229
228 231
228 230
228 235
228 237
228 240
228 248
228 249
229 230
229 237
229 239
230 231
230 236
230 244
230 250
231 233
231 237
232 233
232 236
232 243
232 250
233 235
233 244
233 249
233 250
233 253
233 256
234 236
234 247
235 236
235 238
235 239
235 245
235 246
235 248
235 252
235 254
236 237
236 243
236 247
236 251
236 252
237 238
237 241
237 245
237 251
237 253
237 255
238 241
238 246
238 253
239 240
240 255
240 256
241 252
242 243
242 247
242 249
242 246
243 244
243 246
243 251
244 245
244 248
244 251
245 253
245 254
246 249
246 254
246 255
247 248
248 253
248 255
249 253
250 251
250 253
251 252
252 253
252 256
253 255
254 255
1
