256 1 2657
1 2
1 130
1 194
1 226
1 242
1 250
1 254
1 256
1 8
1 12
1 15
1 19
1 22
1 52
1 57
1 91
1 136
1 146
1 148
1 171
1 181
1 183
1 187
1 190
1 196
1 228
1 240
1 243
2 3
2 67
2 99
2 115
2 123
2 127
2 129
2 15
2 19
2 27
2 34
2 36
2 43
2 83
2 88
2 130
2 133
2 148
2 206
2 213
2 222
2 250
3 4
3 36
3 52
3 60
3 64
3 66
3 6
3 10
3 20
3 29
3 55
3 63
3 149
3 168
3 176
3 194
3 221
3 225
3 234
4 5
4 21
4 29
4 33
4 35
4 10
4 12
4 70
4 104
4 107
4 112
4 120
4 130
4 132
4 139
4 143
4 150
4 154
4 177
4 201
4 206
4 216
4 219
4 222
5 6
5 14
5 18
5 20
5 8
5 13
5 46
5 49
5 111
5 115
5 119
5 123
5 179
5 188
5 202
5 215
5 218
5 227
6 7
6 11
6 13
6 8
6 37
6 42
6 58
6 82
6 88
6 90
6 94
6 104
6 109
6 116
6 118
6 127
6 131
6 136
6 147
6 157
6 160
6 167
6 177
6 179
6 228
6 229
6 230
6 238
6 241
7 8
7 10
7 12
7 14
7 15
7 32
7 33
7 60
7 61
7 89
7 122
7 124
7 132
7 143
7 204
7 230
7 254
8 9
8 12
8 48
8 50
8 57
8 76
8 84
8 88
8 154
8 168
8 185
8 200
8 205
8 209
8 226
8 228
8 240
8 255
9 10
9 12
9 47
9 74
9 81
9 88
9 90
9 107
9 118
9 126
9 128
9 133
9 149
9 155
9 156
9 158
9 159
9 166
9 177
9 182
9 190
9 204
9 219
9 225
9 239
10 33
10 45
10 54
10 56
10 72
10 105
10 114
10 123
10 140
10 141
10 157
10 175
10 205
10 210
10 235
10 239
11 12
11 16
11 44
11 47
11 48
11 76
11 88
11 98
11 110
11 121
11 149
11 159
11 169
11 193
11 200
11 210
12 22
12 23
12 37
12 41
12 53
12 68
12 89
12 90
12 101
12 105
12 106
12 123
12 135
13 27
13 37
13 43
13 49
13 63
13 69
13 83
13 98
13 122
13 169
13 170
13 177
13 205
13 211
13 225
13 226
13 232
13 235
13 238
14 15
14 17
14 19
14 25
14 70
14 72
14 73
14 78
14 80
14 92
14 95
14 99
14 102
14 133
14 147
14 150
14 160
14 178
14 190
14 195
14 244
15 16
15 25
15 30
15 51
15 55
15 90
15 100
15 120
15 161
15 165
15 169
15 182
15 193
15 218
15 241
16 30
16 38
16 51
16 57
16 69
16 71
16 78
16 82
16 91
16 98
16 104
16 137
16 143
16 158
16 201
16 207
16 227
16 229
16 252
17 20
17 35
17 70
17 86
17 108
17 123
17 137
17 149
17 159
17 165
17 171
17 189
17 193
17 202
17 217
17 240
17 255
18 19
18 22
18 40
18 43
18 54
18 59
18 79
18 100
18 120
18 130
18 142
18 180
18 189
18 210
18 211
18 219
18 240
19 52
19 61
19 66
19 68
19 70
19 75
19 84
19 91
19 94
19 95
19 100
19 102
19 114
19 128
19 130
19 165
19 167
19 185
19 200
19 206
19 229
19 256
20 22
20 28
20 50
20 59
20 62
20 65
20 70
20 74
20 77
20 135
20 141
20 154
20 166
20 186
20 193
20 205
20 210
20 216
20 219
20 238
21 22
21 26
21 28
21 34
21 53
21 59
21 83
21 91
21 98
21 104
21 116
21 119
21 125
21 126
21 132
21 138
21 148
21 158
21 161
21 163
21 171
21 181
21 189
21 207
21 222
21 224
21 228
22 23
22 25
22 36
22 69
22 92
22 102
22 103
22 107
22 124
22 144
22 162
22 199
22 203
22 204
22 208
22 216
22 219
22 227
22 252
23 24
23 43
23 54
23 57
23 64
23 68
23 85
23 87
23 109
23 110
23 112
23 124
23 143
23 144
23 162
23 175
23 177
23 200
23 202
23 229
23 230
23 234
23 247
24 26
24 38
24 44
24 48
24 54
24 57
24 79
24 80
24 81
24 83
24 99
24 104
24 125
24 160
24 215
24 230
24 241
24 242
24 247
24 248
25 31
25 63
25 90
25 97
25 99
25 102
25 137
25 142
25 155
25 172
25 173
25 174
25 183
25 186
25 212
25 230
26 27
26 33
26 37
26 48
26 97
26 120
26 139
26 148
26 170
26 175
26 220
26 226
26 238
26 249
26 253
27 60
27 79
27 102
27 105
27 128
27 136
27 140
27 143
27 148
27 150
27 176
27 181
27 182
27 243
28 34
28 51
28 62
28 69
28 75
28 119
28 157
28 160
28 186
28 190
28 193
28 194
28 216
28 228
28 246
28 247
29 30
29 32
29 37
29 51
29 60
29 81
29 92
29 126
29 129
29 134
29 138
29 182
29 187
29 189
29 191
29 199
29 229
29 230
29 235
29 253
30 31
30 35
30 61
30 62
30 71
30 81
30 85
30 97
30 107
30 110
30 117
30 123
30 150
30 158
30 162
30 164
30 170
30 180
30 185
30 186
30 187
30 201
30 205
30 206
30 238
30 249
31 45
31 79
31 92
31 143
31 158
31 159
31 162
31 163
31 169
31 219
31 230
32 41
32 55
32 69
32 90
32 107
32 128
32 141
32 155
32 169
32 182
32 199
32 205
32 241
33 34
33 36
33 50
33 66
33 77
33 87
33 103
33 108
33 116
33 131
33 138
33 140
33 143
33 163
33 188
33 190
33 235
33 244
33 246
33 254
34 39
34 51
34 53
34 64
34 72
34 89
34 115
34 131
34 230
35 39
35 61
35 83
35 119
35 128
35 130
35 147
35 189
35 198
35 211
35 212
35 227
35 239
36 37
36 45
36 49
36 51
36 53
36 75
36 90
36 103
36 106
36 113
36 128
36 129
36 136
36 149
36 153
36 156
36 157
36 159
36 168
36 195
36 201
36 210
36 217
36 218
36 247
37 38
37 42
37 44
37 81
37 82
37 88
37 89
37 92
37 106
37 119
37 139
37 144
37 152
37 170
37 171
37 182
37 185
37 190
37 209
37 215
37 222
37 224
38 39
38 41
38 55
38 60
38 78
38 89
38 93
38 95
38 99
38 112
38 129
38 141
38 146
38 156
38 163
38 189
38 193
38 196
38 207
39 40
39 42
39 55
39 83
39 94
39 97
39 104
39 117
39 134
39 161
39 180
39 192
39 225
39 247
40 42
40 59
40 83
40 85
40 100
40 111
40 122
40 135
40 136
40 145
40 180
40 186
40 195
40 218
40 248
41 50
41 51
41 78
41 94
41 113
41 146
41 157
41 186
41 187
41 193
41 212
41 231
41 243
41 254
42 43
42 45
42 57
42 68
42 116
42 129
42 140
42 168
42 184
42 206
42 217
43 44
43 62
43 78
43 102
43 103
43 105
43 117
43 123
43 139
43 153
43 181
43 200
43 201
43 224
43 240
43 241
44 86
44 102
44 107
44 116
44 135
44 136
44 159
44 163
44 168
44 179
44 252
45 46
45 48
45 53
45 94
45 97
45 99
45 104
45 105
45 120
45 129
45 162
45 182
45 187
45 190
45 206
45 232
45 243
46 47
46 56
46 62
46 67
46 72
46 73
46 75
46 78
46 125
46 138
46 143
46 158
46 169
46 188
46 196
46 197
46 203
46 222
46 223
46 232
46 242
46 256
47 48
47 68
47 112
47 118
47 128
47 144
47 159
47 165
47 197
47 201
47 222
47 232
48 53
48 65
48 73
48 75
48 95
48 112
48 122
48 128
48 137
48 139
48 151
48 175
48 194
48 199
48 212
48 214
48 222
48 249
49 50
49 51
49 56
49 59
49 65
49 67
49 91
49 94
49 99
49 101
49 123
49 128
49 165
49 174
49 187
49 208
49 228
49 239
49 243
50 83
50 96
50 115
50 116
50 132
50 137
50 140
50 156
50 160
50 165
50 170
50 174
50 187
50 207
50 214
50 230
50 248
50 254
51 77
51 85
51 89
51 94
51 97
51 114
51 151
51 153
51 177
51 197
51 200
51 201
51 211
51 239
52 53
52 57
52 59
52 64
52 71
52 105
52 137
52 171
52 174
52 183
52 195
52 203
52 216
52 219
52 226
52 256
53 54
53 56
53 59
53 72
53 96
53 98
53 100
53 117
53 129
53 143
53 148
53 160
53 169
53 191
53 200
53 203
53 206
53 228
53 229
53 231
53 252
54 55
54 76
54 80
54 135
54 155
54 156
54 178
54 181
54 188
54 221
54 231
54 256
55 60
55 64
55 81
55 89
55 90
55 93
55 139
55 154
55 156
55 159
55 162
55 174
55 181
55 201
55 247
56 59
56 67
56 79
56 96
56 124
56 152
56 155
56 156
56 157
56 161
56 162
56 164
56 168
56 195
56 197
56 198
56 209
56 225
56 251
56 253
57 58
57 118
57 128
57 153
57 177
57 182
57 202
57 228
57 237
57 239
57 252
58 76
58 79
58 84
58 149
58 150
58 155
58 166
58 173
58 190
58 195
58 201
58 225
58 227
58 231
58 237
59 68
59 71
59 76
59 84
59 119
59 127
59 128
59 131
59 193
59 210
59 216
59 232
59 240
59 249
60 61
60 63
60 64
60 66
60 76
60 91
60 94
60 103
60 115
60 132
60 135
60 160
60 162
60 205
60 218
60 224
60 230
60 240
61 62
61 102
61 116
61 126
61 130
61 145
61 148
61 149
61 157
61 196
61 228
61 240
61 249
62 82
62 88
62 124
62 129
62 133
62 155
62 156
62 157
62 158
62 163
62 174
62 176
62 206
62 209
62 224
62 226
62 240
63 64
63 76
63 83
63 92
63 106
63 113
63 124
63 138
63 142
63 161
63 163
63 166
63 202
63 235
63 236
63 241
63 243
63 247
64 65
64 77
64 84
64 108
64 109
64 113
64 116
64 125
64 127
64 137
64 142
64 145
64 175
64 215
64 227
64 239
64 248
65 105
65 117
65 121
65 140
65 146
65 187
65 214
65 220
65 223
65 228
65 235
65 241
66 87
66 100
66 108
66 113
66 115
66 144
66 177
66 199
66 206
66 212
66 213
66 215
66 244
66 253
67 68
67 84
67 92
67 96
67 98
67 86
67 89
67 99
67 110
67 157
67 170
67 177
67 189
67 200
67 229
67 247
68 69
68 77
68 81
68 83
68 70
68 105
68 109
68 110
68 113
68 118
68 120
68 129
68 130
68 143
68 155
68 168
68 169
68 174
68 177
68 193
68 203
68 206
68 230
68 234
68 241
68 255
69 70
69 74
69 76
69 128
69 184
69 187
69 201
69 248
70 71
70 73
70 91
70 92
70 102
70 113
70 119
70 132
70 135
70 145
70 150
70 159
70 167
70 174
70 176
70 178
70 186
70 190
70 221
70 226
70 249
71 72
71 74
71 87
71 89
71 127
71 132
71 157
71 163
71 184
71 228
71 231
71 240
71 241
71 247
72 90
72 111
72 137
72 139
72 143
72 145
72 160
72 174
72 181
72 182
72 201
72 220
72 230
72 247
72 249
73 74
73 79
73 95
73 97
73 124
73 153
73 154
73 192
73 200
73 232
73 233
73 243
74 75
74 76
74 82
74 100
74 152
74 160
74 169
74 176
74 194
74 223
74 229
74 251
75 80
75 94
75 95
75 132
75 133
75 154
75 164
75 166
75 173
75 176
75 204
75 208
75 230
75 240
75 246
75 251
76 90
76 94
76 110
76 112
76 114
76 122
76 137
76 163
76 180
76 201
76 210
76 218
76 251
77 78
77 80
77 90
77 120
77 134
77 136
77 161
77 218
77 219
77 221
77 222
77 224
77 229
77 231
77 234
77 245
78 79
78 85
78 103
78 128
78 142
78 150
78 156
78 166
78 168
78 220
78 228
78 242
79 86
79 96
79 118
79 135
79 155
79 159
79 160
79 172
79 177
79 180
79 189
79 192
79 206
79 214
79 249
80 89
80 134
80 158
80 167
80 204
80 205
80 218
81 82
81 96
81 113
81 119
81 167
81 169
81 176
81 181
81 185
81 218
81 243
82 147
82 167
82 168
82 188
82 189
82 196
82 220
82 254
83 85
83 89
83 91
83 115
83 124
83 149
83 161
83 167
83 173
83 182
83 193
83 211
83 233
83 238
83 243
83 246
84 85
84 89
84 91
84 105
84 106
84 114
84 119
84 126
84 134
84 158
84 166
84 178
84 199
84 229
84 233
84 237
84 246
84 247
84 255
85 86
85 88
85 92
85 95
85 109
85 112
85 118
85 124
85 137
85 146
85 147
85 158
85 166
85 194
85 204
85 220
85 238
85 239
86 87
86 100
86 120
86 122
86 123
86 130
86 168
86 170
86 176
86 180
86 205
86 225
86 229
86 243
86 247
87 98
87 100
87 106
87 123
87 148
87 171
87 175
87 203
87 239
88 102
88 109
88 112
88 113
88 114
88 136
88 148
88 150
88 151
88 176
88 179
88 224
88 238
88 239
89 90
89 100
89 111
89 130
89 136
89 147
89 150
89 200
89 201
89 217
89 244
89 253
90 102
90 108
90 124
90 146
90 148
90 151
90 158
90 163
90 170
90 174
90 179
90 184
90 188
90 203
90 219
90 250
91 101
91 125
91 133
91 145
91 189
91 195
91 196
91 203
91 221
91 255
92 93
92 95
92 97
92 118
92 120
92 144
92 215
92 224
92 244
92 245
92 256
93 94
93 99
93 114
93 127
93 128
93 139
93 143
93 151
93 155
93 160
93 182
93 214
93 218
93 219
93 228
93 233
93 248
93 256
94 105
94 109
94 111
94 121
94 135
94 151
94 157
94 161
94 188
94 196
94 198
94 214
94 218
94 228
94 247
94 256
95 118
95 126
95 131
95 143
95 179
95 199
95 225
96 97
96 102
96 112
96 114
96 116
96 142
96 148
96 167
96 184
96 193
96 201
96 213
96 221
96 238
96 244
97 106
97 123
97 124
97 153
97 198
97 207
97 229
97 230
98 107
98 110
98 116
98 117
98 120
98 131
98 132
98 144
98 149
98 163
98 164
98 167
98 179
98 185
98 198
98 232
98 238
98 248
98 255
99 100
99 108
99 112
99 114
99 109
99 130
99 146
99 166
99 167
99 215
99 217
99 242
99 248
99 255
99 256
100 101
100 105
100 107
100 124
100 154
100 172
100 179
100 198
100 248
100 255
101 102
101 104
101 107
101 109
101 121
101 128
101 133
101 136
101 142
101 153
101 159
101 177
101 187
101 214
101 236
101 242
101 243
101 249
102 103
102 110
102 114
102 160
102 208
102 243
102 244
102 247
103 117
103 121
103 126
103 152
103 156
103 159
103 178
103 185
103 188
103 189
103 194
103 224
104 124
104 135
104 150
104 157
104 166
104 167
104 208
104 211
104 216
104 218
104 228
104 232
104 237
105 106
105 113
105 146
105 155
105 162
105 166
105 172
105 174
105 178
105 180
105 197
105 207
105 239
105 246
105 249
105 254
106 131
106 183
106 211
106 213
106 214
106 216
106 218
106 244
107 109
107 134
107 146
107 168
107 172
107 185
107 188
107 223
107 236
107 238
107 250
107 251
108 109
108 111
108 116
108 140
108 175
108 192
108 194
108 201
108 212
108 215
108 221
108 242
109 110
109 115
109 120
109 124
109 165
109 167
109 177
109 178
109 181
109 183
109 184
109 195
109 197
109 240
109 248
110 158
110 160
110 181
110 192
110 200
110 206
110 228
110 229
110 235
110 251
111 140
111 144
111 145
111 180
111 203
111 217
111 218
111 221
111 222
111 223
111 249
112 113
112 116
112 134
112 179
112 180
112 193
112 213
112 214
112 217
112 219
112 222
112 256
113 121
113 132
113 143
113 161
113 183
113 212
113 242
114 123
114 134
114 141
114 151
114 154
114 182
114 184
114 189
114 194
114 201
114 224
114 240
114 246
114 247
114 248
114 256
115 116
115 120
115 122
115 144
115 163
115 175
115 184
115 192
115 219
115 232
115 243
116 117
116 119
116 144
116 154
116 160
116 163
116 170
116 197
116 200
116 201
116 203
116 204
116 210
116 226
116 237
116 251
116 256
117 118
117 121
117 128
117 130
117 168
117 197
117 220
117 244
117 247
118 131
118 134
118 137
118 148
118 154
118 165
118 177
118 179
118 189
118 190
118 216
118 220
118 229
118 236
118 250
118 255
119 128
119 141
119 153
119 181
119 185
119 219
119 228
119 235
119 246
120 121
120 130
120 141
120 142
120 149
120 161
120 163
120 208
120 214
120 215
120 226
120 237
120 243
120 250
120 253
120 256
121 142
121 178
121 206
121 225
122 128
122 133
122 148
122 149
122 153
122 164
122 181
122 183
122 197
122 200
122 229
122 231
122 236
122 247
123 124
123 126
123 137
123 139
123 175
123 182
123 184
123 192
123 215
123 220
123 235
124 125
124 152
124 164
124 190
124 201
124 211
124 223
124 252
124 254
125 126
125 143
125 155
125 159
125 161
125 168
125 175
125 193
125 217
125 218
125 229
125 231
125 247
125 251
125 254
126 162
126 174
126 192
126 202
126 203
126 208
126 211
126 219
126 227
126 242
126 244
127 128
127 141
127 143
127 147
127 158
127 164
127 229
127 240
128 153
128 162
128 196
128 210
128 219
128 247
129 164
129 165
129 173
129 175
129 189
129 201
129 237
129 241
129 243
130 131
130 163
130 179
130 187
130 191
130 193
130 140
130 157
130 180
130 228
130 230
130 236
130 256
131 132
131 148
131 156
131 160
131 162
131 136
131 150
131 151
131 181
131 195
131 221
131 233
131 246
132 133
132 141
132 145
132 147
132 152
132 170
132 171
132 199
132 202
132 220
132 231
133 134
133 138
133 140
133 145
133 157
133 163
133 171
133 203
133 215
133 250
134 135
134 137
134 151
134 172
134 176
134 182
134 184
134 190
134 246
135 136
135 163
135 165
135 166
135 168
135 188
135 195
135 216
135 222
135 226
135 245
136 161
136 164
136 176
136 189
136 209
136 224
136 227
136 233
136 251
137 144
137 164
137 172
137 177
137 182
137 194
137 196
137 210
137 229
138 139
138 191
138 202
138 215
138 218
138 232
138 236
138 246
139 166
139 170
139 172
139 183
139 251
140 174
140 202
140 204
140 221
140 228
140 240
140 248
140 250
141 142
141 144
141 146
141 150
141 153
141 168
141 178
141 192
141 211
141 220
141 254
142 143
142 168
142 173
142 178
142 198
142 202
142 203
142 210
142 216
142 252
143 164
143 165
143 173
143 187
143 202
143 205
143 207
143 217
143 222
143 242
143 246
143 252
144 186
144 207
145 146
145 157
145 178
145 198
145 201
145 215
145 224
145 231
145 243
146 167
146 190
146 199
146 208
146 234
146 240
146 248
147 168
147 181
147 182
147 183
147 205
147 208
147 247
148 149
148 153
148 155
148 161
148 169
148 172
148 194
148 197
148 213
148 225
148 227
148 254
149 150
149 152
149 169
149 211
149 236
149 251
150 151
150 203
150 207
150 244
151 169
151 170
151 184
151 208
151 212
151 232
151 242
151 247
151 254
152 153
152 178
152 181
152 198
152 199
152 208
152 209
152 235
152 253
153 154
153 156
153 157
153 174
153 185
153 187
153 190
153 222
153 230
153 248
154 160
154 175
154 182
154 205
155 178
155 201
155 209
155 211
155 227
155 229
155 236
155 240
155 249
156 157
156 159
156 172
156 234
156 246
156 251
156 255
157 158
157 181
157 202
157 204
157 249
157 253
158 226
158 231
158 246
158 253
158 256
159 178
159 186
159 204
159 232
159 234
159 250
160 161
160 181
160 184
160 191
160 224
161 162
161 177
161 182
161 186
161 196
161 207
161 212
161 221
161 255
162 184
162 185
162 196
162 197
162 226
162 228
162 241
162 251
163 164
163 172
163 176
163 178
163 186
163 196
163 234
163 239
164 165
164 169
164 171
164 195
164 197
164 211
164 217
164 237
164 254
164 256
165 166
165 168
165 177
165 180
165 188
165 200
165 203
165 217
165 229
165 241
165 243
165 245
165 247
166 167
166 173
166 201
166 232
166 255
167 170
167 184
167 206
167 211
167 215
167 226
167 237
167 251
167 252
167 254
168 180
168 194
168 203
168 210
168 221
168 227
169 170
169 185
169 193
169 197
169 227
169 228
169 243
170 181
170 184
170 186
170 189
170 198
170 199
170 215
170 236
170 241
170 247
170 251
171 185
171 202
171 229
171 231
171 234
171 235
171 241
172 173
172 175
172 180
172 196
172 215
172 216
172 229
173 174
173 184
173 197
173 201
173 209
173 213
173 251
173 254
174 180
174 185
174 202
174 208
174 251
175 176
175 240
176 177
176 190
176 208
176 230
176 237
176 243
176 252
176 255
177 184
177 210
177 212
177 224
177 234
178 180
178 208
178 222
178 227
178 228
178 229
178 248
178 249
178 251
179 180
179 184
179 186
179 193
179 198
179 203
179 214
179 232
179 245
180 181
180 183
180 195
180 216
180 217
180 220
180 228
180 231
181 182
181 206
181 221
181 233
181 239
181 253
182 188
182 191
182 197
182 222
182 238
182 243
182 244
182 246
182 251
182 255
183 192
183 202
183 229
183 251
183 252
184 185
184 192
184 201
184 210
184 221
184 223
184 255
184 256
185 187
185 191
185 198
185 200
185 205
185 215
185 238
186 197
186 201
186 208
186 209
186 211
186 217
186 247
187 188
187 190
187 204
187 253
187 255
188 189
188 195
188 216
188 217
188 224
188 234
188 236
188 243
189 199
189 204
189 238
190 207
190 209
191 192
191 201
191 206
191 213
191 220
191 225
191 229
191 236
191 239
192 214
192 219
192 221
192 227
192 235
192 238
192 250
193 210
193 224
193 237
194 195
194 211
194 219
194 223
194 225
194 197
194 220
194 226
194 231
194 241
194 242
194 249
194 252
194 253
194 254
195 196
195 204
195 208
195 210
195 220
195 233
196 197
196 201
196 203
196 199
196 208
197 198
197 200
197 211
197 213
197 214
197 218
198 199
198 206
198 208
198 210
198 218
198 221
198 229
198 254
198 256
199 223
199 225
199 247
199 250
200 229
200 244
200 251
200 253
201 202
201 209
201 213
201 214
201 219
201 222
201 252
202 209
202 214
202 227
202 250
203 216
203 217
203 227
203 230
203 240
203 245
203 247
204 205
204 207
204 234
204 235
204 242
204 245
205 206
205 223
205 226
206 207
206 222
206 229
206 232
206 237
207 225
207 239
207 240
207 250
207 252
208 209
208 235
208 250
208 255
209 217
209 226
210 220
210 227
210 245
210 246
210 249
211 212
211 216
211 218
211 220
211 243
212 213
212 215
212 218
213 214
213 220
214 243
215 242
215 246
215 251
215 254
215 256
216 217
216 222
216 248
216 251
217 222
217 224
217 254
218 242
218 249
218 253
219 220
219 222
219 221
219 231
219 245
219 247
219 256
220 221
220 233
220 245
221 232
221 238
221 249
223 224
223 236
224 230
224 240
224 246
224 247
225 234
225 236
225 245
226 227
226 235
226 239
226 241
226 236
226 249
227 228
227 232
227 234
227 246
227 248
227 255
228 229
228 231
228 236
228 239
228 247
229 230
229 239
230 232
230 240
230 249
231 239
231 245
231 253
232 233
232 241
233 239
234 244
234 245
234 255
235 236
235 238
235 241
235 246
236 237
237 248
237 255
238 248
239 240
239 244
239 247
239 249
240 253
241 245
242 243
242 247
242 249
242 248
243 244
243 246
244 245
244 254
247 248
249 253
250 251
250 253
251 252
254 255
1
