512 1 10304
1 2
1 258
1 386
1 450
1 482
1 498
1 506
1 510
1 512
1 10
1 39
1 44
1 62
1 79
1 81
1 93
1 125
1 128
1 130
1 134
1 142
1 156
1 158
1 168
1 190
1 195
1 207
1 210
1 216
1 251
1 271
1 273
1 282
1 317
1 325
1 326
1 333
1 341
1 342
1 343
1 344
1 345
1 351
1 352
1 371
1 392
1 417
1 436
1 437
1 441
1 473
1 495
2 3
2 131
2 195
2 227
2 243
2 251
2 255
2 257
2 8
2 16
2 17
2 20
2 21
2 70
2 87
2 94
2 114
2 130
2 147
2 154
2 158
2 214
2 235
2 269
2 280
2 282
2 294
2 323
2 349
2 357
2 366
2 368
2 380
2 386
2 387
2 388
2 392
2 424
2 434
2 448
2 458
2 479
2 499
2 503
2 511
3 4
3 68
3 100
3 116
3 124
3 128
3 130
3 13
3 17
3 22
3 23
3 25
3 37
3 48
3 52
3 87
3 99
3 103
3 109
3 129
3 143
3 148
3 153
3 156
3 172
3 182
3 184
3 188
3 202
3 206
3 217
3 242
3 246
3 250
3 252
3 281
3 286
3 304
3 318
3 337
3 342
3 348
3 393
3 396
3 410
3 413
3 421
3 429
3 433
3 444
3 447
3 450
3 457
3 474
3 486
3 488
3 494
4 5
4 37
4 53
4 61
4 65
4 67
4 16
4 33
4 48
4 54
4 87
4 98
4 110
4 112
4 121
4 163
4 183
4 189
4 215
4 224
4 226
4 241
4 252
4 268
4 275
4 324
4 331
4 333
4 336
4 344
4 367
4 391
4 398
4 445
4 446
4 452
4 479
4 494
4 496
5 6
5 22
5 30
5 34
5 36
5 27
5 42
5 57
5 107
5 131
5 148
5 166
5 169
5 184
5 186
5 218
5 251
5 273
5 287
5 300
5 309
5 317
5 320
5 328
5 350
5 352
5 395
5 396
5 397
5 402
5 419
5 423
5 432
5 440
5 442
5 450
5 468
6 7
6 15
6 19
6 21
6 24
6 27
6 31
6 42
6 50
6 65
6 68
6 70
6 77
6 101
6 112
6 115
6 142
6 154
6 175
6 200
6 205
6 218
6 231
6 236
6 247
6 253
6 260
6 278
6 292
6 294
6 296
6 301
6 319
6 322
6 325
6 326
6 352
6 358
6 370
6 375
6 392
6 394
6 406
6 411
6 422
6 463
6 473
6 478
6 481
6 489
6 504
6 508
7 8
7 12
7 14
7 22
7 66
7 77
7 115
7 136
7 146
7 151
7 167
7 185
7 208
7 226
7 258
7 266
7 295
7 298
7 306
7 307
7 314
7 336
7 337
7 371
7 393
7 409
7 427
7 464
7 469
7 476
7 488
7 492
7 499
7 506
8 9
8 11
8 16
8 39
8 73
8 89
8 101
8 107
8 118
8 145
8 177
8 187
8 188
8 192
8 199
8 202
8 210
8 214
8 217
8 220
8 258
8 259
8 261
8 275
8 282
8 291
8 292
8 319
8 334
8 340
8 350
8 351
8 354
8 376
8 393
8 398
8 429
8 433
8 441
8 446
8 459
8 480
8 482
8 507
8 508
8 509
8 512
9 10
9 55
9 69
9 74
9 78
9 116
9 170
9 206
9 209
9 294
9 295
9 352
9 366
9 381
9 383
9 409
9 413
9 430
9 450
9 464
10 73
10 89
10 92
10 96
10 114
10 135
10 148
10 160
10 167
10 177
10 182
10 186
10 202
10 203
10 207
10 211
10 222
10 227
10 233
10 250
10 253
10 254
10 256
10 267
10 270
10 279
10 287
10 314
10 374
10 384
10 386
10 393
10 395
10 419
10 426
10 443
10 454
10 461
10 482
10 499
10 502
10 512
11 22
11 47
11 67
11 87
11 112
11 129
11 234
11 237
11 271
11 274
11 279
11 281
11 312
11 319
11 328
11 376
11 425
11 437
11 441
11 448
11 455
11 465
11 467
11 481
11 482
11 511
12 13
12 49
12 50
12 55
12 58
12 59
12 63
12 65
12 77
12 81
12 85
12 119
12 135
12 148
12 180
12 212
12 213
12 214
12 230
12 233
12 246
12 267
12 309
12 311
12 344
12 356
12 360
12 364
12 399
12 403
12 413
12 436
12 463
12 470
12 480
12 489
13 28
13 38
13 39
13 59
13 63
13 66
13 67
13 71
13 113
13 125
13 138
13 139
13 145
13 181
13 192
13 210
13 223
13 271
13 273
13 278
13 288
13 319
13 332
13 333
13 343
13 348
13 352
13 359
13 364
13 375
13 413
13 417
13 423
13 442
13 461
13 471
13 488
13 506
14 24
14 34
14 37
14 39
14 55
14 59
14 61
14 92
14 93
14 104
14 114
14 127
14 144
14 147
14 149
14 152
14 182
14 208
14 234
14 272
14 278
14 293
14 305
14 312
14 341
14 351
14 389
14 401
14 409
14 458
14 484
14 489
14 498
14 512
15 16
15 18
15 44
15 57
15 65
15 69
15 80
15 93
15 122
15 134
15 148
15 163
15 171
15 172
15 177
15 182
15 209
15 232
15 308
15 316
15 328
15 347
15 358
15 375
15 385
15 411
15 414
15 421
15 427
15 443
15 467
15 481
15 483
15 490
15 494
15 506
16 17
16 33
16 34
16 67
16 77
16 83
16 104
16 105
16 125
16 129
16 148
16 158
16 162
16 232
16 253
16 270
16 271
16 279
16 285
16 291
16 301
16 324
16 341
16 364
16 376
16 383
16 399
16 409
16 410
16 424
16 428
16 440
16 441
16 447
16 464
16 470
16 484
16 487
16 500
17 22
17 37
17 55
17 76
17 77
17 112
17 148
17 169
17 200
17 201
17 220
17 224
17 239
17 267
17 269
17 282
17 284
17 287
17 298
17 316
17 341
17 354
17 355
17 359
17 380
17 388
17 400
17 401
17 418
17 426
17 427
17 438
17 474
17 488
17 492
17 495
17 500
17 504
17 506
18 23
18 27
18 35
18 63
18 68
18 77
18 84
18 88
18 104
18 111
18 119
18 130
18 134
18 143
18 145
18 159
18 170
18 176
18 179
18 180
18 200
18 214
18 219
18 227
18 235
18 241
18 284
18 288
18 298
18 308
18 321
18 323
18 329
18 339
18 346
18 353
18 354
18 371
18 372
18 395
18 396
18 404
18 417
18 429
18 466
18 486
18 498
18 501
19 20
19 25
19 28
19 56
19 72
19 78
19 98
19 101
19 126
19 145
19 172
19 176
19 181
19 193
19 230
19 269
19 276
19 282
19 284
19 292
19 294
19 296
19 320
19 340
19 344
19 357
19 381
19 388
19 431
19 440
19 448
19 459
19 460
19 486
19 495
19 503
19 506
20 26
20 27
20 38
20 55
20 68
20 86
20 119
20 141
20 165
20 172
20 175
20 191
20 204
20 232
20 234
20 261
20 269
20 271
20 272
20 273
20 282
20 283
20 287
20 308
20 345
20 352
20 370
20 453
20 469
20 472
20 475
20 494
21 35
21 58
21 83
21 84
21 89
21 95
21 114
21 129
21 167
21 182
21 191
21 220
21 254
21 282
21 296
21 303
21 313
21 318
21 322
21 328
21 393
21 414
21 426
21 430
21 433
21 449
21 467
21 476
21 498
21 507
21 511
22 23
22 27
22 29
22 34
22 69
22 106
22 110
22 117
22 118
22 145
22 159
22 164
22 165
22 173
22 176
22 177
22 194
22 225
22 261
22 269
22 271
22 274
22 278
22 284
22 287
22 314
22 317
22 326
22 328
22 349
22 364
22 366
22 367
22 385
22 407
22 411
22 418
22 445
23 24
23 26
23 53
23 56
23 74
23 91
23 92
23 102
23 176
23 188
23 196
23 220
23 237
23 264
23 272
23 274
23 316
23 317
23 396
23 402
23 411
23 423
23 432
23 442
23 449
23 466
23 472
23 495
24 25
24 32
24 82
24 96
24 117
24 118
24 123
24 124
24 126
24 134
24 162
24 190
24 195
24 204
24 212
24 227
24 235
24 273
24 277
24 291
24 295
24 296
24 305
24 310
24 323
24 324
24 328
24 332
24 337
24 358
24 387
24 390
24 396
24 398
24 420
24 426
24 449
24 478
24 490
25 67
25 75
25 101
25 108
25 109
25 120
25 122
25 144
25 151
25 175
25 182
25 193
25 197
25 208
25 211
25 214
25 256
25 266
25 273
25 294
25 319
25 342
25 352
25 353
25 365
25 412
25 417
25 424
25 431
25 432
25 436
25 451
25 455
25 494
25 505
26 31
26 50
26 59
26 69
26 78
26 86
26 87
26 88
26 94
26 97
26 98
26 115
26 118
26 122
26 182
26 184
26 199
26 205
26 218
26 223
26 228
26 259
26 288
26 290
26 298
26 299
26 313
26 334
26 362
26 399
26 405
26 406
26 407
26 410
26 454
26 464
26 471
26 508
26 511
27 28
27 42
27 55
27 63
27 64
27 71
27 99
27 110
27 140
27 150
27 158
27 163
27 174
27 183
27 201
27 210
27 224
27 232
27 237
27 243
27 249
27 251
27 267
27 275
27 299
27 315
27 336
27 348
27 352
27 372
27 374
27 411
27 425
27 427
27 434
27 439
27 462
27 476
27 480
27 481
27 498
27 499
27 501
28 31
28 60
28 85
28 92
28 110
28 113
28 127
28 184
28 189
28 195
28 207
28 217
28 230
28 244
28 256
28 289
28 294
28 299
28 309
28 329
28 364
28 370
28 385
28 401
28 410
28 433
28 482
28 485
28 493
28 501
29 36
29 51
29 54
29 79
29 97
29 105
29 119
29 136
29 147
29 155
29 169
29 195
29 214
29 221
29 234
29 242
29 259
29 260
29 275
29 280
29 287
29 297
29 340
29 372
29 396
29 400
29 402
29 414
29 426
29 433
29 436
29 444
29 465
29 487
29 499
30 31
30 33
30 34
30 40
30 51
30 56
30 101
30 118
30 119
30 141
30 145
30 146
30 151
30 158
30 161
30 162
30 165
30 176
30 191
30 203
30 208
30 244
30 250
30 252
30 258
30 281
30 302
30 328
30 332
30 394
30 404
30 416
30 417
30 455
30 458
30 469
30 486
30 488
30 494
30 502
30 511
31 32
31 44
31 74
31 137
31 178
31 180
31 183
31 210
31 218
31 274
31 288
31 305
31 325
31 327
31 330
31 332
31 355
31 373
31 410
31 417
31 451
31 457
31 464
31 488
31 496
32 103
32 125
32 205
32 239
32 266
32 290
32 346
32 354
32 359
32 389
32 433
32 444
32 458
33 42
33 54
33 67
33 90
33 124
33 135
33 147
33 155
33 225
33 257
33 261
33 262
33 267
33 289
33 290
33 291
33 292
33 317
33 334
33 348
33 352
33 397
33 426
33 427
33 440
33 454
33 457
33 463
33 479
33 482
33 487
33 511
34 35
34 39
34 44
34 56
34 74
34 83
34 90
34 91
34 96
34 106
34 112
34 120
34 131
34 133
34 137
34 142
34 153
34 162
34 166
34 171
34 181
34 197
34 207
34 226
34 228
34 230
34 236
34 246
34 262
34 273
34 293
34 305
34 327
34 341
34 344
34 363
34 367
34 369
34 374
34 378
34 382
34 383
34 394
34 396
34 413
34 428
34 446
34 454
34 457
34 483
34 495
34 498
35 40
35 60
35 70
35 88
35 92
35 95
35 97
35 101
35 129
35 172
35 182
35 194
35 217
35 224
35 228
35 234
35 240
35 244
35 251
35 257
35 264
35 265
35 269
35 293
35 304
35 326
35 350
35 360
35 374
35 393
35 412
35 417
35 421
35 430
35 437
35 448
35 456
35 458
35 503
36 45
36 58
36 66
36 77
36 83
36 92
36 123
36 125
36 130
36 137
36 154
36 164
36 183
36 195
36 200
36 202
36 217
36 221
36 227
36 242
36 245
36 254
36 285
36 286
36 292
36 370
36 373
36 432
36 433
36 435
36 436
36 439
36 452
36 454
36 460
36 466
36 479
36 484
36 511
37 38
37 46
37 50
37 52
37 44
37 45
37 47
37 54
37 72
37 86
37 87
37 90
37 94
37 118
37 121
37 127
37 134
37 148
37 180
37 194
37 199
37 200
37 233
37 235
37 248
37 293
37 300
37 301
37 302
37 305
37 323
37 333
37 339
37 342
37 357
37 365
37 375
37 380
37 385
37 386
37 394
37 395
37 396
37 406
37 427
37 428
37 461
37 501
37 509
38 39
38 43
38 45
38 56
38 60
38 63
38 76
38 92
38 102
38 109
38 113
38 119
38 134
38 141
38 143
38 150
38 151
38 162
38 182
38 183
38 197
38 217
38 238
38 247
38 254
38 264
38 270
38 295
38 296
38 306
38 316
38 325
38 328
38 334
38 342
38 343
38 376
38 389
38 394
38 404
38 426
38 432
38 442
38 505
39 40
39 42
39 79
39 82
39 130
39 138
39 155
39 161
39 213
39 215
39 219
39 239
39 244
39 259
39 270
39 281
39 284
39 287
39 303
39 304
39 314
39 315
39 316
39 341
39 346
39 353
39 365
39 368
39 379
39 389
39 417
39 434
39 442
39 450
39 459
39 466
39 496
39 497
40 41
40 57
40 58
40 85
40 108
40 116
40 145
40 149
40 154
40 162
40 173
40 184
40 189
40 247
40 263
40 277
40 303
40 321
40 390
40 391
40 395
40 400
40 413
40 415
40 422
40 441
40 468
40 481
40 483
40 498
40 503
41 58
41 68
41 92
41 94
41 99
41 125
41 198
41 202
41 225
41 248
41 252
41 253
41 304
41 328
41 333
41 340
41 342
41 350
41 391
41 397
41 410
41 413
41 414
41 419
41 433
41 465
41 479
41 481
41 491
41 497
41 501
41 504
42 49
42 60
42 72
42 73
42 81
42 103
42 106
42 116
42 135
42 137
42 148
42 150
42 162
42 164
42 170
42 171
42 181
42 244
42 275
42 285
42 296
42 306
42 326
42 336
42 337
42 362
42 370
42 381
42 399
42 413
42 425
42 445
42 453
42 476
42 504
42 507
43 44
43 65
43 66
43 83
43 90
43 97
43 124
43 132
43 137
43 171
43 189
43 238
43 249
43 259
43 261
43 263
43 265
43 278
43 290
43 307
43 308
43 334
43 349
43 350
43 365
43 375
43 377
43 385
43 415
43 425
43 432
43 440
43 442
43 456
43 461
43 467
43 479
43 485
44 56
44 69
44 76
44 85
44 91
44 94
44 103
44 122
44 126
44 147
44 178
44 180
44 182
44 200
44 244
44 260
44 275
44 285
44 292
44 339
44 346
44 347
44 376
44 381
44 391
44 394
44 401
44 402
44 413
44 417
44 424
44 427
44 444
44 489
44 494
44 496
44 502
44 506
44 512
45 47
45 53
45 59
45 65
45 68
45 76
45 86
45 96
45 99
45 100
45 103
45 119
45 121
45 127
45 148
45 159
45 168
45 190
45 192
45 197
45 206
45 212
45 213
45 216
45 218
45 236
45 247
45 270
45 276
45 281
45 284
45 313
45 324
45 360
45 419
45 444
45 502
46 47
46 49
46 52
46 98
46 103
46 111
46 113
46 154
46 163
46 196
46 198
46 244
46 256
46 260
46 273
46 275
46 279
46 286
46 291
46 298
46 321
46 336
46 343
46 344
46 347
46 350
46 366
46 368
46 381
46 406
46 414
46 416
46 438
46 459
46 472
46 475
46 491
47 48
47 50
47 56
47 89
47 95
47 105
47 121
47 131
47 132
47 135
47 137
47 162
47 210
47 227
47 228
47 232
47 260
47 278
47 287
47 300
47 301
47 321
47 322
47 338
47 357
47 361
47 374
47 383
47 431
47 479
48 50
48 61
48 69
48 70
48 74
48 83
48 84
48 98
48 128
48 135
48 145
48 154
48 160
48 169
48 191
48 193
48 205
48 208
48 224
48 225
48 226
48 230
48 244
48 246
48 261
48 290
48 291
48 301
48 314
48 356
48 362
48 377
48 394
48 396
48 400
48 411
48 420
48 433
48 438
48 464
48 480
48 483
48 488
49 58
49 66
49 67
49 78
49 100
49 103
49 104
49 120
49 123
49 124
49 131
49 164
49 167
49 201
49 211
49 237
49 260
49 269
49 277
49 301
49 309
49 322
49 330
49 349
49 366
49 376
49 428
49 433
49 441
49 468
49 471
49 492
49 506
49 510
50 51
50 59
50 65
50 77
50 87
50 88
50 98
50 104
50 109
50 125
50 160
50 176
50 212
50 220
50 222
50 224
50 225
50 227
50 253
50 254
50 256
50 283
50 298
50 302
50 342
50 346
50 352
50 357
50 367
50 372
50 403
50 416
50 429
50 437
50 445
50 450
50 457
50 464
50 469
50 472
50 479
50 481
50 488
50 505
50 512
51 54
51 56
51 74
51 85
51 86
51 106
51 115
51 129
51 133
51 139
51 153
51 160
51 162
51 205
51 211
51 221
51 224
51 251
51 268
51 270
51 280
51 297
51 303
51 309
51 337
51 351
51 369
51 377
51 397
51 420
51 467
51 479
51 484
51 493
51 508
51 512
52 54
52 59
52 86
52 92
52 95
52 127
52 141
52 142
52 164
52 170
52 201
52 202
52 214
52 219
52 226
52 240
52 241
52 243
52 256
52 266
52 270
52 293
52 311
52 319
52 333
52 338
52 348
52 370
52 374
52 380
52 384
52 411
52 420
52 426
52 441
52 446
52 458
52 459
52 476
52 512
53 54
53 58
53 60
53 75
53 82
53 95
53 99
53 100
53 104
53 126
53 127
53 133
53 162
53 165
53 173
53 179
53 189
53 194
53 205
53 225
53 240
53 255
53 261
53 271
53 289
53 298
53 301
53 316
53 322
53 335
53 355
53 358
53 368
53 379
53 405
53 413
53 435
53 441
53 454
53 457
53 458
53 484
53 485
53 491
53 492
54 55
54 57
54 81
54 89
54 122
54 124
54 125
54 138
54 142
54 154
54 166
54 184
54 201
54 208
54 235
54 252
54 269
54 288
54 319
54 322
54 331
54 347
54 373
54 395
54 416
54 428
54 431
54 436
54 440
54 442
54 446
54 450
54 477
54 482
54 489
54 490
54 503
54 509
55 56
55 64
55 99
55 126
55 134
55 138
55 139
55 160
55 179
55 192
55 194
55 230
55 232
55 234
55 236
55 244
55 249
55 258
55 291
55 298
55 312
55 363
55 380
55 384
55 407
55 409
55 411
55 420
55 422
55 486
56 63
56 103
56 112
56 117
56 133
56 141
56 151
56 159
56 164
56 166
56 184
56 254
56 264
56 277
56 281
56 286
56 290
56 300
56 301
56 303
56 312
56 325
56 330
56 336
56 338
56 341
56 354
56 390
56 426
56 442
56 443
56 450
56 458
56 471
56 480
56 498
56 504
57 60
57 105
57 109
57 111
57 112
57 117
57 143
57 164
57 173
57 186
57 191
57 202
57 209
57 211
57 222
57 242
57 256
57 265
57 266
57 288
57 296
57 305
57 357
57 374
57 396
57 404
57 415
57 437
57 447
57 448
57 455
57 475
57 484
57 503
58 59
58 60
58 70
58 109
58 111
58 161
58 169
58 192
58 220
58 231
58 234
58 247
58 264
58 280
58 326
58 354
58 360
58 363
58 372
58 388
58 396
58 401
58 435
58 437
58 439
58 460
58 505
58 506
58 508
59 62
59 70
59 121
59 171
59 220
59 225
59 226
59 246
59 257
59 262
59 280
59 320
59 354
59 356
59 357
59 376
59 377
59 383
59 397
59 456
59 469
59 473
59 493
59 503
60 63
60 73
60 79
60 102
60 155
60 165
60 171
60 180
60 199
60 203
60 209
60 215
60 225
60 231
60 254
60 255
60 290
60 318
60 343
60 348
60 385
60 395
60 421
60 434
60 436
60 469
60 493
60 505
61 62
61 64
61 81
61 85
61 90
61 106
61 110
61 148
61 169
61 180
61 190
61 226
61 234
61 237
61 262
61 297
61 325
61 328
61 335
61 357
61 361
61 364
61 372
61 389
61 401
61 445
61 447
61 448
62 63
62 74
62 78
62 95
62 101
62 107
62 108
62 117
62 120
62 128
62 141
62 145
62 151
62 182
62 184
62 192
62 196
62 228
62 236
62 259
62 270
62 276
62 280
62 309
62 325
62 353
62 359
62 381
62 401
62 409
62 410
62 416
62 419
62 426
62 427
62 436
62 489
62 499
62 512
63 88
63 89
63 110
63 133
63 162
63 170
63 171
63 187
63 196
63 208
63 213
63 245
63 251
63 252
63 297
63 315
63 317
63 319
63 341
63 347
63 379
63 384
63 409
63 438
63 440
63 442
63 449
63 454
63 459
63 471
63 482
63 490
64 70
64 95
64 100
64 115
64 145
64 151
64 170
64 233
64 245
64 248
64 251
64 259
64 271
64 300
64 315
64 326
64 327
64 357
64 359
64 366
64 370
64 387
64 393
64 411
64 413
64 416
64 438
64 439
64 451
64 463
64 471
64 479
64 485
64 503
65 66
65 69
65 87
65 106
65 108
65 113
65 118
65 119
65 131
65 182
65 183
65 204
65 217
65 227
65 229
65 235
65 256
65 257
65 269
65 298
65 325
65 335
65 417
65 424
65 448
65 498
65 506
66 80
66 82
66 89
66 100
66 112
66 132
66 134
66 139
66 182
66 187
66 207
66 237
66 255
66 265
66 275
66 282
66 287
66 307
66 312
66 320
66 323
66 335
66 344
66 401
66 418
66 439
66 451
66 454
66 477
66 482
66 483
66 487
66 503
66 512
67 72
67 78
67 98
67 124
67 134
67 143
67 150
67 155
67 171
67 174
67 175
67 188
67 190
67 205
67 215
67 227
67 244
67 268
67 279
67 293
67 296
67 302
67 306
67 308
67 323
67 348
67 351
67 363
67 371
67 386
67 403
67 409
67 410
67 431
67 442
67 447
67 451
67 466
67 496
67 503
68 69
68 85
68 93
68 97
68 99
68 73
68 81
68 117
68 167
68 203
68 235
68 262
68 263
68 284
68 285
68 315
68 321
68 327
68 366
68 371
68 381
68 384
68 389
68 404
68 407
68 417
68 434
68 440
68 461
68 473
68 489
68 497
69 70
69 78
69 82
69 84
69 86
69 87
69 94
69 103
69 111
69 125
69 137
69 138
69 149
69 190
69 207
69 210
69 224
69 234
69 252
69 258
69 271
69 288
69 297
69 301
69 317
69 334
69 336
69 342
69 347
69 363
69 366
69 384
69 411
69 417
69 431
69 443
69 444
69 457
69 471
69 475
69 496
69 500
70 71
70 75
70 77
70 90
70 93
70 100
70 102
70 109
70 148
70 176
70 180
70 188
70 193
70 202
70 215
70 226
70 227
70 286
70 307
70 308
70 311
70 312
70 314
70 329
70 342
70 367
70 396
70 398
70 399
70 404
70 465
70 472
70 493
70 500
71 72
71 74
71 81
71 101
71 116
71 117
71 128
71 131
71 144
71 166
71 178
71 191
71 193
71 204
71 222
71 241
71 248
71 251
71 269
71 282
71 293
71 301
71 327
71 331
71 335
71 337
71 371
71 372
71 380
71 381
71 386
71 453
71 486
72 73
72 81
72 105
72 139
72 152
72 179
72 196
72 211
72 215
72 239
72 259
72 268
72 277
72 284
72 288
72 309
72 310
72 313
72 320
72 324
72 329
72 353
72 370
72 425
72 429
72 444
72 455
72 456
72 481
72 500
73 90
73 95
73 122
73 137
73 146
73 161
73 171
73 204
73 219
73 221
73 245
73 263
73 274
73 275
73 303
73 312
73 327
73 353
73 389
73 400
73 418
73 428
73 458
73 475
73 481
74 108
74 112
74 116
74 123
74 125
74 162
74 165
74 190
74 207
74 215
74 236
74 248
74 251
74 262
74 289
74 306
74 320
74 345
74 384
74 405
74 408
74 437
74 446
74 506
75 76
75 77
75 101
75 120
75 129
75 169
75 180
75 203
75 253
75 304
75 337
75 338
75 342
75 343
75 349
75 368
75 380
75 399
75 412
75 431
75 439
75 467
75 468
75 479
75 484
75 491
76 84
76 96
76 97
76 99
76 100
76 108
76 110
76 121
76 144
76 149
76 184
76 193
76 201
76 218
76 263
76 273
76 281
76 307
76 326
76 335
76 338
76 343
76 368
76 378
76 397
76 404
76 415
76 421
76 429
76 438
76 442
76 446
76 447
76 448
76 474
76 476
76 487
76 489
76 498
76 505
76 508
76 509
77 94
77 108
77 110
77 113
77 114
77 135
77 145
77 153
77 154
77 161
77 168
77 171
77 202
77 205
77 227
77 251
77 263
77 282
77 312
77 315
77 359
77 367
77 374
77 382
77 418
77 432
77 451
77 455
77 466
77 487
77 497
78 79
78 81
78 97
78 98
78 130
78 132
78 150
78 162
78 165
78 215
78 217
78 221
78 231
78 233
78 251
78 278
78 283
78 285
78 294
78 298
78 323
78 329
78 337
78 338
78 348
78 355
78 358
78 363
78 383
78 385
78 417
78 418
78 419
78 422
78 426
78 452
78 455
78 459
78 471
78 501
78 504
79 80
79 101
79 124
79 134
79 174
79 189
79 195
79 210
79 215
79 231
79 236
79 238
79 260
79 308
79 310
79 341
79 372
79 374
79 390
79 409
79 411
79 419
79 424
79 427
79 430
79 451
79 479
79 488
80 96
80 103
80 104
80 109
80 141
80 147
80 159
80 177
80 197
80 221
80 222
80 239
80 244
80 299
80 309
80 326
80 327
80 348
80 366
80 381
80 398
80 404
80 407
80 446
80 458
80 464
80 475
80 476
80 482
80 485
80 487
80 488
80 510
81 82
81 86
81 93
81 102
81 119
81 120
81 134
81 140
81 151
81 152
81 161
81 169
81 180
81 194
81 215
81 216
81 234
81 289
81 298
81 325
81 327
81 342
81 344
81 345
81 350
81 381
81 382
81 391
81 410
81 419
81 442
81 461
81 491
82 83
82 91
82 93
82 96
82 129
82 163
82 168
82 170
82 173
82 178
82 190
82 197
82 201
82 220
82 223
82 252
82 263
82 295
82 309
82 323
82 324
82 329
82 334
82 337
82 353
82 359
82 374
82 394
82 402
82 426
82 427
82 456
82 458
82 480
83 94
83 126
83 133
83 145
83 154
83 184
83 190
83 197
83 231
83 258
83 326
83 341
83 344
83 352
83 360
83 389
83 405
83 409
83 445
83 455
83 458
83 459
83 482
83 483
83 491
83 507
84 88
84 148
84 161
84 178
84 205
84 208
84 209
84 216
84 221
84 229
84 253
84 273
84 280
84 291
84 305
84 325
84 335
84 355
84 367
84 368
84 405
84 429
84 432
84 468
84 472
84 485
84 486
84 491
85 86
85 90
85 92
85 94
85 103
85 116
85 136
85 162
85 182
85 185
85 204
85 205
85 210
85 224
85 225
85 226
85 234
85 239
85 241
85 261
85 263
85 273
85 284
85 296
85 333
85 343
85 346
85 348
85 351
85 374
85 383
85 386
85 392
85 398
85 407
85 424
85 432
85 436
85 459
85 463
85 468
85 482
85 492
86 87
86 89
86 92
86 107
86 128
86 130
86 134
86 146
86 147
86 153
86 167
86 169
86 171
86 213
86 220
86 227
86 241
86 242
86 254
86 255
86 264
86 279
86 292
86 312
86 320
86 338
86 340
86 350
86 378
86 408
86 425
86 426
86 430
86 450
86 459
86 464
86 467
86 486
86 492
86 502
87 88
87 115
87 125
87 146
87 147
87 188
87 191
87 198
87 207
87 222
87 237
87 259
87 260
87 275
87 294
87 301
87 332
87 352
87 354
87 356
87 377
87 388
87 389
87 415
87 493
87 498
87 504
88 97
88 98
88 113
88 117
88 119
88 155
88 180
88 189
88 206
88 231
88 241
88 264
88 313
88 335
88 343
88 345
88 356
88 359
88 382
88 384
88 395
88 409
88 417
88 419
88 440
88 449
88 458
88 482
88 490
88 501
88 507
89 96
89 115
89 118
89 145
89 152
89 158
89 175
89 177
89 179
89 187
89 204
89 208
89 209
89 215
89 217
89 219
89 223
89 236
89 239
89 250
89 254
89 274
89 286
89 307
89 326
89 363
89 364
89 373
89 400
89 417
89 422
89 454
89 475
89 477
89 479
89 483
90 91
90 118
90 120
90 126
90 163
90 215
90 219
90 257
90 268
90 285
90 290
90 295
90 333
90 343
90 348
90 360
90 370
90 386
90 394
90 400
90 408
90 450
90 473
90 488
90 489
90 492
90 504
91 101
91 114
91 120
91 135
91 141
91 148
91 150
91 181
91 210
91 224
91 231
91 272
91 275
91 284
91 289
91 294
91 330
91 339
91 346
91 347
91 363
91 365
91 400
91 405
91 408
91 457
91 496
92 93
92 110
92 124
92 163
92 179
92 181
92 189
92 192
92 196
92 200
92 223
92 225
92 243
92 276
92 299
92 340
92 341
92 346
92 380
92 393
92 411
92 419
92 420
92 433
92 441
92 459
92 485
93 94
93 96
93 97
93 100
93 105
93 111
93 114
93 122
93 126
93 163
93 193
93 194
93 211
93 225
93 227
93 243
93 248
93 251
93 258
93 288
93 329
93 340
93 346
93 353
93 385
93 392
93 406
93 430
93 449
93 479
93 487
93 490
93 494
94 95
94 111
94 121
94 122
94 138
94 175
94 179
94 180
94 181
94 199
94 237
94 292
94 309
94 324
94 349
94 350
94 356
94 370
94 372
94 375
94 382
94 384
94 394
94 398
94 408
94 415
94 432
94 453
94 480
94 483
94 505
94 511
95 109
95 120
95 121
95 144
95 170
95 189
95 193
95 204
95 237
95 263
95 272
95 293
95 297
95 319
95 324
95 336
95 342
95 391
95 403
95 427
95 448
95 465
95 509
96 111
96 116
96 124
96 126
96 145
96 147
96 157
96 161
96 170
96 176
96 196
96 198
96 233
96 244
96 246
96 248
96 257
96 266
96 307
96 318
96 322
96 334
96 347
96 355
96 388
96 412
96 414
96 420
96 457
96 464
96 472
96 476
96 481
96 485
96 492
96 507
97 98
97 106
97 112
97 113
97 126
97 151
97 160
97 165
97 198
97 206
97 241
97 244
97 266
97 288
97 289
97 297
97 319
97 320
97 321
97 333
97 334
97 347
97 348
97 353
97 407
97 410
97 430
97 438
97 453
97 459
97 460
97 464
97 465
97 490
97 493
98 99
98 101
98 115
98 116
98 127
98 133
98 142
98 146
98 175
98 187
98 195
98 223
98 259
98 261
98 263
98 268
98 283
98 287
98 290
98 298
98 305
98 340
98 341
98 345
98 350
98 378
98 386
98 401
98 409
98 421
98 432
98 445
98 446
98 452
98 455
98 460
98 470
98 483
98 489
98 507
98 509
99 100
99 102
99 108
99 112
99 174
99 197
99 209
99 216
99 251
99 254
99 258
99 259
99 276
99 279
99 280
99 282
99 322
99 331
99 350
99 385
99 393
99 405
99 414
99 417
99 422
99 433
99 441
99 443
99 493
99 502
100 101
100 109
100 113
100 115
100 105
100 112
100 121
100 134
100 136
100 159
100 183
100 188
100 191
100 227
100 233
100 271
100 292
100 299
100 304
100 310
100 311
100 348
100 372
100 373
100 383
100 390
100 397
100 401
100 433
100 460
100 464
100 467
100 478
100 486
100 501
100 510
101 102
101 106
101 108
101 116
101 117
101 146
101 150
101 163
101 186
101 201
101 223
101 230
101 265
101 304
101 322
101 357
101 361
101 436
101 471
101 473
101 477
101 494
101 503
101 504
102 103
102 105
102 110
102 150
102 170
102 187
102 195
102 199
102 202
102 215
102 225
102 236
102 240
102 265
102 288
102 297
102 319
102 321
102 334
102 336
102 355
102 430
102 450
102 460
102 496
102 502
103 104
103 106
103 110
103 116
103 139
103 146
103 150
103 155
103 183
103 195
103 198
103 210
103 218
103 219
103 233
103 253
103 279
103 297
103 303
103 304
103 334
103 338
103 358
103 382
103 400
103 422
103 424
103 435
103 450
103 458
103 467
103 470
103 473
103 478
104 117
104 120
104 125
104 139
104 154
104 167
104 170
104 178
104 196
104 201
104 240
104 241
104 242
104 268
104 278
104 307
104 310
104 317
104 329
104 353
104 374
104 389
104 400
104 406
104 415
104 424
104 435
104 446
104 463
104 468
104 471
104 473
104 486
104 496
104 506
105 111
105 118
105 136
105 155
105 157
105 160
105 195
105 199
105 215
105 216
105 218
105 223
105 255
105 272
105 284
105 298
105 322
105 348
105 381
105 390
105 400
105 426
105 429
105 433
105 450
105 465
105 474
105 486
106 107
106 116
106 117
106 127
106 138
106 149
106 165
106 167
106 181
106 183
106 197
106 201
106 204
106 205
106 214
106 227
106 234
106 244
106 254
106 260
106 264
106 280
106 292
106 359
106 391
106 395
106 396
106 402
106 408
106 424
106 427
106 428
106 470
106 471
106 493
106 504
107 120
107 122
107 129
107 131
107 140
107 155
107 172
107 183
107 202
107 223
107 227
107 246
107 250
107 281
107 303
107 306
107 355
107 386
107 399
107 439
107 445
107 451
107 462
107 488
107 509
108 124
108 127
108 132
108 133
108 139
108 143
108 147
108 172
108 173
108 174
108 177
108 179
108 185
108 189
108 199
108 207
108 211
108 233
108 237
108 247
108 250
108 263
108 270
108 287
108 288
108 315
108 322
108 337
108 345
108 348
108 352
108 357
108 370
108 373
108 376
108 390
108 393
108 394
108 398
108 417
108 420
108 437
108 443
108 472
108 473
108 478
108 480
108 494
109 110
109 112
109 124
109 125
109 136
109 150
109 175
109 177
109 188
109 209
109 215
109 243
109 260
109 261
109 315
109 320
109 325
109 327
109 350
109 367
109 407
109 408
109 466
109 477
109 501
110 111
110 120
110 121
110 122
110 124
110 133
110 136
110 138
110 143
110 144
110 149
110 159
110 165
110 186
110 197
110 199
110 211
110 219
110 225
110 227
110 228
110 232
110 234
110 239
110 266
110 287
110 291
110 295
110 305
110 316
110 322
110 378
110 380
110 398
110 421
110 423
110 425
110 426
110 442
110 453
110 469
110 470
110 493
110 505
111 113
111 143
111 148
111 156
111 181
111 188
111 202
111 216
111 269
111 290
111 295
111 309
111 310
111 311
111 333
111 341
111 347
111 362
111 366
111 400
111 417
111 425
111 428
111 449
111 458
111 486
111 494
111 506
111 509
112 131
112 134
112 154
112 165
112 212
112 213
112 221
112 231
112 240
112 242
112 261
112 279
112 284
112 305
112 329
112 331
112 346
112 371
112 385
112 417
112 423
112 426
112 452
112 469
112 476
112 483
112 494
112 496
112 506
112 507
113 114
113 119
113 148
113 152
113 169
113 247
113 271
113 272
113 275
113 290
113 331
113 339
113 344
113 350
113 402
113 406
113 428
113 434
113 441
113 454
113 461
113 479
113 489
114 118
114 132
114 140
114 152
114 162
114 177
114 178
114 187
114 190
114 201
114 212
114 221
114 222
114 241
114 256
114 272
114 277
114 287
114 289
114 297
114 326
114 335
114 374
114 375
114 376
114 377
114 378
114 403
114 404
114 413
114 423
114 438
114 441
114 462
114 486
114 504
114 507
115 118
115 126
115 158
115 172
115 192
115 209
115 230
115 254
115 262
115 280
115 284
115 285
115 290
115 301
115 305
115 333
115 340
115 351
115 360
115 373
115 397
115 403
115 408
115 459
115 509
116 117
116 121
116 123
116 119
116 131
116 141
116 149
116 150
116 158
116 161
116 200
116 206
116 211
116 215
116 251
116 269
116 283
116 288
116 289
116 335
116 337
116 348
116 351
116 381
116 395
116 407
116 418
116 422
116 441
116 453
116 454
116 471
116 493
116 501
117 118
117 120
117 127
117 130
117 134
117 139
117 153
117 157
117 159
117 171
117 180
117 185
117 195
117 196
117 231
117 232
117 261
117 266
117 291
117 294
117 306
117 327
117 341
117 344
117 377
117 403
117 406
117 412
117 475
117 497
117 498
118 119
118 130
118 136
118 152
118 167
118 171
118 194
118 203
118 209
118 217
118 230
118 258
118 272
118 286
118 288
118 289
118 301
118 303
118 305
118 308
118 314
118 316
118 330
118 331
118 333
118 334
118 354
118 362
118 363
118 365
118 368
118 385
118 403
118 408
118 413
118 421
118 457
118 470
118 478
118 486
118 502
119 139
119 192
119 208
119 218
119 230
119 237
119 246
119 256
119 260
119 271
119 286
119 305
119 306
119 338
119 345
119 347
119 356
119 364
119 404
119 435
119 445
119 471
119 477
119 490
119 496
119 505
119 508
120 123
120 133
120 175
120 179
120 182
120 186
120 205
120 226
120 230
120 237
120 258
120 264
120 265
120 284
120 294
120 359
120 361
120 385
120 387
120 437
120 442
120 445
120 455
120 456
120 480
120 503
121 122
121 138
121 158
121 161
121 165
121 185
121 200
121 210
121 218
121 230
121 246
121 258
121 259
121 266
121 270
121 281
121 297
121 325
121 326
121 333
121 334
121 362
121 373
121 378
121 382
121 416
121 433
121 437
121 461
121 473
121 481
121 487
121 503
121 510
122 192
122 219
122 234
122 238
122 245
122 251
122 253
122 258
122 285
122 293
122 335
122 336
122 346
122 355
122 362
122 376
122 382
122 386
122 391
122 410
122 419
122 435
122 445
122 447
122 475
122 485
122 491
122 496
123 145
123 146
123 154
123 165
123 188
123 191
123 209
123 221
123 222
123 238
123 246
123 251
123 283
123 309
123 337
123 345
123 352
123 355
123 370
123 373
123 407
123 416
123 428
123 461
123 497
123 508
123 512
124 125
124 127
124 131
124 194
124 209
124 230
124 233
124 239
124 295
124 300
124 330
124 338
124 343
124 351
124 371
124 390
124 426
124 445
124 494
124 502
125 126
125 134
125 138
125 160
125 161
125 172
125 176
125 180
125 190
125 220
125 222
125 237
125 269
125 285
125 288
125 291
125 302
125 310
125 316
125 327
125 340
125 353
125 381
125 393
125 400
125 418
125 424
125 461
125 511
125 512
126 143
126 150
126 159
126 168
126 172
126 196
126 201
126 204
126 252
126 281
126 288
126 296
126 300
126 311
126 313
126 315
126 324
126 343
126 346
126 355
126 365
126 371
126 413
126 418
126 427
126 462
126 472
127 134
127 145
127 190
127 197
127 211
127 218
127 230
127 237
127 242
127 244
127 260
127 271
127 279
127 282
127 305
127 306
127 312
127 322
127 348
127 362
127 397
127 411
127 419
127 441
127 443
127 454
127 489
127 497
127 498
127 500
127 508
128 129
128 130
128 137
128 173
128 185
128 214
128 230
128 252
128 254
128 259
128 266
128 270
128 281
128 285
128 286
128 294
128 301
128 313
128 327
128 375
128 376
128 379
128 381
128 384
128 412
128 418
128 435
128 437
128 438
128 464
128 471
128 473
128 475
128 503
129 134
129 137
129 150
129 158
129 164
129 181
129 184
129 194
129 220
129 222
129 226
129 233
129 235
129 244
129 251
129 258
129 265
129 266
129 270
129 277
129 280
129 283
129 287
129 307
129 354
129 357
129 368
129 394
129 399
129 416
129 423
129 435
129 441
129 443
129 452
129 483
129 492
129 505
130 139
130 147
130 150
130 157
130 159
130 169
130 178
130 182
130 193
130 200
130 201
130 213
130 225
130 247
130 269
130 271
130 274
130 317
130 321
130 337
130 354
130 402
130 403
130 439
130 447
130 461
130 462
130 466
130 476
130 493
130 506
131 132
131 164
131 180
131 188
131 192
131 194
131 133
131 142
131 145
131 171
131 177
131 178
131 186
131 187
131 189
131 224
131 235
131 251
131 273
131 308
131 317
131 318
131 336
131 337
131 352
131 376
131 398
131 403
131 441
131 452
131 473
131 482
131 509
132 133
132 149
132 157
132 161
132 163
132 159
132 170
132 185
132 186
132 199
132 206
132 236
132 237
132 253
132 256
132 281
132 309
132 319
132 326
132 327
132 335
132 336
132 346
132 350
132 354
132 358
132 371
132 426
132 442
132 466
132 467
132 468
133 134
133 142
133 146
133 148
133 172
133 173
133 179
133 203
133 226
133 250
133 257
133 266
133 274
133 286
133 302
133 321
133 351
133 360
133 400
133 407
133 409
133 410
133 435
133 442
133 455
133 461
133 474
133 477
133 493
133 503
134 135
134 139
134 141
134 159
134 173
134 176
134 187
134 210
134 212
134 221
134 251
134 288
134 298
134 299
134 323
134 334
134 335
134 342
134 371
134 399
134 400
134 411
134 431
134 448
134 449
134 464
134 468
134 482
134 485
134 491
134 512
135 136
135 138
135 137
135 139
135 146
135 147
135 172
135 197
135 198
135 233
135 264
135 309
135 342
135 350
135 352
135 382
135 399
135 435
135 443
135 463
135 468
135 474
135 477
135 483
136 137
136 147
136 151
136 163
136 169
136 174
136 178
136 193
136 199
136 200
136 207
136 221
136 228
136 240
136 254
136 260
136 273
136 297
136 308
136 317
136 324
136 333
136 350
136 370
136 372
136 384
136 396
136 400
136 440
136 442
136 452
136 484
136 496
136 500
136 510
137 148
137 152
137 199
137 254
137 259
137 264
137 268
137 273
137 301
137 310
137 311
137 312
137 315
137 322
137 323
137 339
137 350
137 359
137 361
137 362
137 367
137 368
137 372
137 380
137 393
137 424
137 430
137 458
137 489
137 507
137 508
138 167
138 184
138 197
138 203
138 213
138 218
138 223
138 228
138 247
138 287
138 306
138 307
138 316
138 319
138 326
138 339
138 356
138 368
138 375
138 377
138 397
138 415
138 424
138 443
138 444
138 480
138 488
138 508
139 140
139 165
139 175
139 201
139 203
139 205
139 213
139 214
139 230
139 243
139 264
139 266
139 270
139 271
139 282
139 290
139 292
139 320
139 341
139 344
139 355
139 369
139 427
139 440
139 458
139 464
139 491
139 499
139 502
139 509
140 142
140 164
140 173
140 187
140 192
140 229
140 250
140 252
140 263
140 292
140 313
140 320
140 328
140 345
140 346
140 352
140 357
140 375
140 436
140 444
140 460
140 469
140 493
140 501
140 507
140 512
141 154
141 169
141 187
141 190
141 192
141 211
141 213
141 228
141 235
141 240
141 247
141 253
141 257
141 260
141 266
141 272
141 283
141 293
141 294
141 295
141 302
141 317
141 335
141 355
141 380
141 381
141 385
141 397
141 419
141 424
141 428
141 436
141 438
141 452
141 470
141 486
141 487
141 508
141 509
142 143
142 145
142 164
142 172
142 187
142 189
142 192
142 231
142 260
142 288
142 298
142 299
142 311
142 321
142 322
142 324
142 327
142 328
142 329
142 345
142 356
142 363
142 365
142 406
142 416
142 425
142 460
142 471
142 472
142 474
142 493
142 511
143 144
143 156
143 172
143 184
143 234
143 265
143 270
143 271
143 290
143 312
143 337
143 338
143 367
143 370
143 372
143 393
143 418
143 425
143 436
143 439
144 166
144 172
144 178
144 188
144 190
144 191
144 207
144 222
144 243
144 255
144 270
144 283
144 297
144 308
144 313
144 323
144 338
144 355
144 360
144 367
144 372
144 377
144 381
144 385
144 393
144 404
144 416
144 421
144 427
144 442
144 448
144 483
144 485
144 494
144 499
144 512
145 172
145 178
145 186
145 214
145 219
145 220
145 224
145 225
145 236
145 237
145 266
145 276
145 278
145 282
145 293
145 298
145 320
145 336
145 342
145 343
145 349
145 351
145 361
145 380
145 383
145 398
145 418
145 419
145 438
145 445
145 461
145 466
145 468
145 471
145 477
145 489
145 491
145 492
146 147
146 150
146 152
146 168
146 170
146 173
146 190
146 207
146 208
146 221
146 238
146 250
146 276
146 277
146 282
146 296
146 316
146 333
146 348
146 349
146 351
146 401
146 426
146 451
146 452
146 455
146 476
146 490
146 505
147 166
147 171
147 188
147 196
147 206
147 209
147 228
147 232
147 260
147 264
147 271
147 278
147 286
147 318
147 319
147 325
147 326
147 335
147 372
147 376
147 384
147 386
147 398
147 400
147 445
147 457
147 460
147 487
147 489
147 505
148 166
148 168
148 186
148 194
148 196
148 197
148 272
148 285
148 298
148 301
148 305
148 339
148 357
148 367
148 380
148 391
148 408
148 411
148 414
148 422
148 439
148 449
148 451
148 462
148 467
148 482
148 499
148 508
149 150
149 154
149 156
149 176
149 185
149 199
149 235
149 242
149 269
149 281
149 288
149 312
149 320
149 322
149 330
149 331
149 362
149 384
149 386
149 417
149 422
149 425
149 430
149 450
149 489
149 490
149 491
149 495
149 511
150 151
150 153
150 152
150 184
150 189
150 190
150 198
150 203
150 207
150 214
150 217
150 249
150 252
150 259
150 269
150 272
150 274
150 301
150 341
150 342
150 359
150 378
150 380
150 394
150 441
150 444
150 461
150 471
150 476
150 485
150 486
150 498
150 501
150 506
150 511
151 152
151 162
151 170
151 182
151 193
151 234
151 238
151 245
151 252
151 296
151 301
151 302
151 315
151 319
151 352
151 353
151 361
151 366
151 374
151 425
151 447
151 463
151 468
151 477
151 485
151 511
152 160
152 163
152 179
152 235
152 251
152 255
152 280
152 281
152 284
152 290
152 301
152 318
152 321
152 330
152 352
152 360
152 377
152 381
152 383
152 408
152 425
152 441
152 495
152 501
152 509
153 156
153 161
153 177
153 183
153 184
153 195
153 211
153 214
153 234
153 243
153 246
153 276
153 278
153 287
153 296
153 298
153 300
153 314
153 315
153 329
153 347
153 368
153 375
153 377
153 379
153 410
153 419
153 425
153 429
153 433
153 451
153 458
153 462
153 464
153 475
153 487
153 489
154 155
154 188
154 194
154 199
154 223
154 228
154 244
154 248
154 258
154 263
154 265
154 270
154 282
154 285
154 307
154 310
154 312
154 313
154 316
154 336
154 348
154 369
154 375
154 385
154 388
154 414
154 424
154 462
154 475
154 479
155 205
155 209
155 223
155 227
155 229
155 244
155 247
155 248
155 250
155 252
155 263
155 265
155 269
155 288
155 353
155 372
155 377
155 385
155 388
155 409
155 414
155 416
155 448
155 457
155 466
155 487
155 504
155 505
155 506
156 161
156 166
156 187
156 190
156 192
156 212
156 229
156 232
156 275
156 288
156 289
156 297
156 309
156 321
156 339
156 358
156 391
156 442
156 462
156 490
156 493
156 495
157 158
157 160
157 166
157 169
157 173
157 185
157 190
157 191
157 222
157 232
157 240
157 272
157 274
157 281
157 330
157 362
157 367
157 387
157 408
157 420
157 425
157 444
157 449
157 456
157 457
157 458
157 463
157 472
157 473
157 482
157 504
158 159
158 169
158 170
158 173
158 176
158 180
158 189
158 197
158 209
158 233
158 242
158 246
158 262
158 272
158 282
158 294
158 325
158 354
158 385
158 396
158 402
158 412
158 442
158 451
158 458
158 468
158 485
158 507
158 510
159 176
159 181
159 240
159 248
159 260
159 296
159 302
159 311
159 318
159 319
159 325
159 333
159 344
159 350
159 352
159 366
159 371
159 389
159 391
159 396
159 419
159 445
159 450
159 453
159 476
159 507
160 174
160 177
160 182
160 225
160 249
160 255
160 262
160 271
160 272
160 278
160 293
160 301
160 319
160 322
160 324
160 339
160 348
160 369
160 382
160 383
160 408
160 422
160 423
160 438
160 456
160 466
160 473
160 475
160 481
160 483
161 162
161 163
161 174
161 189
161 195
161 208
161 215
161 219
161 259
161 271
161 298
161 338
161 347
161 358
161 379
161 409
161 423
161 454
161 457
161 458
161 474
161 483
161 485
161 504
161 512
162 165
162 206
162 207
162 218
162 220
162 221
162 222
162 232
162 234
162 237
162 252
162 260
162 269
162 300
162 333
162 355
162 364
162 386
162 411
162 416
162 433
162 440
162 452
162 456
162 461
162 479
162 480
162 500
162 505
163 167
163 192
163 200
163 203
163 209
163 210
163 217
163 221
163 222
163 232
163 238
163 275
163 305
163 326
163 333
163 354
163 385
163 404
163 409
163 415
163 449
163 491
163 492
164 165
164 173
164 177
164 179
164 188
164 191
164 231
164 235
164 256
164 261
164 263
164 268
164 294
164 305
164 327
164 330
164 336
164 353
164 364
164 371
164 372
164 384
164 398
164 417
164 422
164 425
164 441
164 443
164 447
164 455
164 462
164 472
164 476
164 478
164 483
164 487
164 491
164 494
164 503
165 166
165 170
165 172
165 167
165 192
165 213
165 223
165 225
165 226
165 236
165 272
165 285
165 288
165 299
165 300
165 303
165 315
165 327
165 329
165 352
165 358
165 362
165 388
165 398
165 404
165 407
165 430
165 446
165 477
166 167
166 169
166 174
166 179
166 187
166 188
166 192
166 209
166 221
166 223
166 259
166 278
166 289
166 298
166 318
166 337
166 346
166 352
166 390
166 396
166 406
166 419
166 421
166 429
166 432
166 458
166 459
166 462
166 502
167 168
167 169
167 200
167 253
167 262
167 263
167 288
167 306
167 318
167 323
167 355
167 359
167 371
167 373
167 375
167 393
167 417
167 419
167 423
167 431
167 473
167 485
167 489
167 495
167 499
168 170
168 179
168 208
168 235
168 254
168 299
168 300
168 316
168 329
168 336
168 345
168 384
168 397
168 417
168 443
168 465
168 478
168 481
168 486
168 506
169 180
169 196
169 202
169 227
169 228
169 232
169 245
169 251
169 264
169 274
169 293
169 299
169 344
169 363
169 364
169 381
169 406
169 408
169 427
169 458
169 471
170 171
170 181
170 199
170 210
170 222
170 228
170 232
170 254
170 332
170 344
170 354
170 365
170 371
170 372
170 374
170 378
170 379
170 406
170 414
170 434
170 441
170 447
170 452
170 461
170 475
171 172
171 176
171 182
171 186
171 190
171 199
171 203
171 216
171 219
171 231
171 232
171 249
171 253
171 258
171 278
171 282
171 301
171 323
171 324
171 327
171 334
171 344
171 384
171 390
171 396
171 403
171 420
171 440
171 449
171 471
171 476
171 486
171 500
171 504
172 179
172 187
172 212
172 215
172 216
172 242
172 250
172 252
172 256
172 313
172 324
172 325
172 342
172 350
172 355
172 360
172 363
172 371
172 378
172 390
172 395
172 411
172 421
172 455
172 483
173 174
173 176
173 177
173 187
173 214
173 229
173 239
173 240
173 282
173 327
173 331
173 345
173 347
173 350
173 358
173 362
173 375
173 376
173 385
173 445
173 460
173 467
173 508
174 175
174 176
174 192
174 193
174 195
174 206
174 214
174 229
174 249
174 260
174 263
174 266
174 280
174 303
174 322
174 332
174 364
174 377
174 379
174 382
174 411
174 424
174 428
174 445
174 451
174 458
174 461
174 470
174 479
174 487
174 501
174 502
175 183
175 195
175 231
175 233
175 268
175 275
175 282
175 316
175 318
175 346
175 357
175 371
175 407
175 432
175 438
175 439
175 455
175 474
175 476
176 181
176 187
176 207
176 225
176 227
176 230
176 236
176 254
176 280
176 297
176 310
176 324
176 335
176 342
176 347
176 351
176 379
176 383
176 386
176 388
176 424
176 452
176 468
176 477
176 494
177 178
177 249
177 251
177 293
177 317
177 339
177 342
177 354
177 377
177 390
177 392
177 402
177 422
177 479
177 492
177 501
177 504
178 251
178 253
178 264
178 265
178 282
178 284
178 293
178 304
178 305
178 308
178 329
178 332
178 343
178 345
178 346
178 349
178 355
178 393
178 414
178 415
178 445
178 464
178 472
178 486
178 508
179 187
179 193
179 207
179 232
179 234
179 237
179 243
179 244
179 253
179 271
179 273
179 274
179 300
179 301
179 302
179 310
179 353
179 379
179 381
179 399
179 414
179 419
179 433
179 455
179 497
179 510
180 181
180 185
180 187
180 194
180 198
180 227
180 250
180 251
180 299
180 307
180 321
180 333
180 338
180 365
180 390
180 393
180 411
180 419
180 428
180 430
180 461
180 490
180 497
181 182
181 184
181 194
181 221
181 250
181 263
181 305
181 340
181 343
181 347
181 355
181 381
181 395
181 402
181 427
181 429
181 447
181 456
181 465
182 183
182 185
182 214
182 224
182 230
182 243
182 244
182 278
182 282
182 298
182 299
182 300
182 327
182 334
182 337
182 343
182 387
182 420
182 424
182 448
182 454
182 464
182 477
182 479
182 484
182 501
182 503
182 508
183 196
183 204
183 207
183 219
183 229
183 295
183 314
183 320
183 323
183 372
183 376
183 390
183 391
183 402
183 414
183 416
183 419
183 428
183 476
183 481
183 502
184 186
184 205
184 220
184 223
184 229
184 250
184 263
184 273
184 296
184 326
184 350
184 360
184 367
184 389
184 412
184 432
184 441
184 453
184 469
184 479
184 510
185 186
185 198
185 202
185 206
185 207
185 212
185 216
185 220
185 226
185 248
185 259
185 303
185 304
185 355
185 396
185 407
185 411
185 422
185 429
185 457
185 479
185 497
185 499
185 506
185 508
185 510
186 199
186 212
186 233
186 236
186 241
186 290
186 294
186 295
186 296
186 306
186 311
186 327
186 342
186 364
186 373
186 381
186 386
186 420
186 431
186 437
186 450
186 463
186 494
186 497
186 498
186 500
186 503
186 505
187 188
187 194
187 214
187 215
187 220
187 230
187 234
187 271
187 286
187 291
187 296
187 300
187 317
187 329
187 351
187 388
187 408
187 420
187 426
187 442
187 453
187 459
187 462
187 465
187 487
187 491
187 494
187 497
187 498
187 501
188 189
188 191
188 192
188 198
188 217
188 225
188 231
188 239
188 241
188 261
188 264
188 265
188 274
188 290
188 305
188 335
188 344
188 368
188 369
188 382
188 399
188 406
188 414
188 426
188 452
188 473
188 476
188 500
188 506
189 190
189 201
189 229
189 243
189 259
189 265
189 292
189 304
189 305
189 306
189 312
189 330
189 331
189 338
189 343
189 347
189 348
189 358
189 365
189 367
189 374
189 380
189 391
189 403
189 407
189 409
189 417
189 435
189 440
189 469
189 471
189 474
189 481
189 487
189 506
190 198
190 204
190 210
190 219
190 223
190 229
190 235
190 243
190 279
190 299
190 300
190 342
190 359
190 380
190 393
190 412
190 413
190 431
190 432
190 439
190 488
190 495
190 502
191 219
191 221
191 239
191 252
191 258
191 289
191 341
191 357
191 363
191 367
191 370
191 376
191 398
191 400
191 456
191 464
191 507
191 511
192 193
192 194
192 220
192 233
192 239
192 244
192 249
192 265
192 266
192 336
192 340
192 381
192 388
192 389
192 405
192 413
192 476
192 493
192 499
192 500
192 508
193 219
193 220
193 246
193 267
193 319
193 338
193 340
193 347
193 367
193 397
193 410
193 423
193 447
193 461
193 462
193 475
193 478
193 487
193 505
194 199
194 206
194 212
194 247
194 248
194 257
194 260
194 276
194 282
194 305
194 310
194 332
194 345
194 356
194 365
194 373
194 374
194 378
194 390
194 395
194 407
194 416
194 424
194 436
194 441
194 446
194 458
194 463
194 481
194 486
194 493
195 196
195 212
195 220
195 224
195 226
195 214
195 219
195 235
195 266
195 268
195 270
195 273
195 285
195 291
195 322
195 356
195 364
195 373
195 381
195 386
195 388
195 393
195 412
195 434
195 474
195 475
195 485
195 495
195 500
195 507
195 510
196 197
196 205
196 209
196 211
196 206
196 207
196 213
196 229
196 250
196 251
196 321
196 325
196 327
196 330
196 339
196 341
196 347
196 358
196 373
196 393
196 401
196 405
196 444
196 451
196 452
196 453
196 462
196 470
196 473
196 475
196 486
196 497
196 503
196 509
197 198
197 202
197 204
197 209
197 212
197 215
197 224
197 234
197 243
197 255
197 260
197 297
197 301
197 311
197 314
197 330
197 390
197 392
197 396
197 398
197 425
197 444
197 457
197 475
197 485
197 490
197 510
198 199
198 201
198 203
198 222
198 242
198 251
198 264
198 279
198 281
198 285
198 290
198 299
198 304
198 309
198 315
198 339
198 358
198 362
198 370
198 409
198 412
198 430
198 439
198 458
198 471
198 486
198 489
198 497
198 502
198 512
199 200
199 201
199 205
199 216
199 220
199 222
199 223
199 234
199 239
199 247
199 254
199 268
199 276
199 290
199 291
199 294
199 335
199 340
199 355
199 375
199 410
199 411
199 429
199 455
199 466
199 473
199 475
199 498
199 504
200 217
200 219
200 259
200 276
200 298
200 301
200 308
200 382
200 405
200 440
200 444
200 462
200 469
200 478
200 480
200 489
200 499
201 207
201 217
201 219
201 254
201 307
201 311
201 330
201 336
201 386
201 408
201 420
201 454
201 456
201 458
201 459
201 508
202 203
202 205
202 232
202 234
202 244
202 261
202 284
202 295
202 358
202 370
202 372
202 388
202 401
202 404
202 428
202 480
202 485
202 486
202 512
203 240
203 241
203 270
203 285
203 286
203 288
203 307
203 312
203 318
203 328
203 333
203 340
203 342
203 346
203 360
203 370
203 383
203 407
203 423
203 429
203 462
203 467
203 487
204 214
204 222
204 227
204 260
204 265
204 281
204 286
204 298
204 341
204 342
204 357
204 358
204 378
204 381
204 382
204 388
204 391
204 398
204 427
204 440
204 451
204 477
204 483
204 496
204 504
205 206
205 208
205 213
205 215
205 230
205 238
205 251
205 259
205 274
205 296
205 316
205 347
205 351
205 391
205 393
205 398
205 413
205 433
205 437
205 443
205 446
205 449
205 454
205 472
205 511
206 207
206 215
206 226
206 236
206 273
206 312
206 314
206 348
206 350
206 360
206 366
206 383
206 389
206 407
206 425
206 469
206 492
206 494
206 498
206 505
206 509
207 208
207 215
207 222
207 229
207 243
207 257
207 269
207 271
207 293
207 294
207 300
207 301
207 315
207 412
207 438
207 456
207 462
207 473
207 507
208 233
208 248
208 264
208 272
208 281
208 292
208 293
208 313
208 320
208 365
208 370
208 410
208 429
208 431
208 438
208 446
208 448
208 463
208 468
208 470
208 474
208 486
208 490
208 493
208 495
208 496
209 210
209 219
209 252
209 275
209 283
209 290
209 305
209 320
209 327
209 329
209 333
209 337
209 338
209 342
209 385
209 392
209 433
209 440
209 452
209 463
209 485
209 492
209 511
210 214
210 217
210 232
210 233
210 242
210 255
210 276
210 277
210 284
210 331
210 356
210 359
210 367
210 371
210 373
210 414
210 420
210 438
210 453
210 480
210 510
211 234
211 268
211 275
211 278
211 284
211 294
211 309
211 312
211 336
211 340
211 352
211 383
211 392
211 447
211 455
211 486
211 499
211 510
212 213
212 217
212 219
212 214
212 224
212 230
212 237
212 238
212 262
212 312
212 324
212 339
212 342
212 366
212 389
212 446
212 448
212 463
212 479
212 481
213 214
213 216
213 225
213 229
213 235
213 237
213 238
213 239
213 254
213 257
213 263
213 264
213 269
213 278
213 294
213 303
213 314
213 336
213 341
213 354
213 366
213 377
213 398
213 413
213 418
213 420
213 425
213 434
213 447
213 449
213 452
213 459
213 495
213 507
213 508
213 509
214 215
214 232
214 245
214 249
214 250
214 253
214 257
214 267
214 273
214 297
214 298
214 299
214 308
214 316
214 343
214 346
214 350
214 352
214 353
214 400
214 419
214 438
214 461
214 465
214 466
214 479
214 488
214 495
215 216
215 226
215 241
215 246
215 257
215 275
215 281
215 284
215 289
215 320
215 326
215 331
215 362
215 421
215 432
215 455
215 458
215 461
215 493
215 499
216 219
216 239
216 243
216 248
216 259
216 264
216 277
216 288
216 292
216 295
216 296
216 304
216 306
216 312
216 325
216 332
216 360
216 380
216 396
216 401
216 405
216 417
216 425
216 438
216 440
216 446
216 450
216 453
216 472
216 483
216 490
216 509
216 510
217 218
217 251
217 257
217 260
217 265
217 275
217 303
217 322
217 357
217 360
217 367
217 384
217 386
217 387
217 391
217 416
217 429
217 438
217 445
217 455
217 469
217 476
217 497
218 243
218 247
218 252
218 254
218 300
218 308
218 313
218 323
218 331
218 339
218 349
218 369
218 374
218 409
218 431
218 433
218 443
218 457
218 464
218 468
218 479
218 482
218 484
218 507
219 222
219 241
219 244
219 245
219 271
219 292
219 293
219 294
219 306
219 317
219 324
219 337
219 355
219 359
219 378
219 380
219 388
219 393
219 415
219 418
219 472
219 475
219 477
219 483
219 494
220 221
220 223
220 226
220 231
220 245
220 252
220 261
220 266
220 270
220 278
220 283
220 296
220 324
220 338
220 342
220 358
220 379
220 387
220 395
220 398
220 411
220 415
220 438
220 461
220 466
220 474
220 506
221 222
221 225
221 232
221 243
221 273
221 287
221 288
221 300
221 311
221 350
221 355
221 358
221 362
221 379
221 395
221 398
221 418
221 428
221 436
221 450
221 458
221 459
221 465
221 505
221 506
222 223
222 227
222 228
222 269
222 282
222 285
222 287
222 305
222 306
222 347
222 368
222 383
222 389
222 390
222 396
222 399
222 402
222 417
222 457
222 469
222 480
222 504
222 508
223 230
223 235
223 236
223 256
223 291
223 293
223 323
223 342
223 348
223 352
223 358
223 384
223 403
223 404
223 405
223 408
223 413
223 437
223 444
223 448
223 498
223 501
224 225
224 236
224 252
224 274
224 276
224 277
224 290
224 294
224 307
224 330
224 346
224 359
224 367
224 382
224 421
224 427
224 439
224 472
224 496
225 241
225 263
225 291
225 310
225 316
225 325
225 346
225 361
225 370
225 385
225 398
225 402
225 438
225 447
225 475
225 488
225 494
225 501
225 504
225 509
226 235
226 245
226 267
226 270
226 288
226 300
226 309
226 324
226 345
226 346
226 359
226 386
226 414
226 438
226 445
226 453
226 480
226 494
226 495
226 496
227 228
227 236
227 240
227 242
227 244
227 254
227 263
227 287
227 290
227 317
227 326
227 329
227 330
227 338
227 349
227 350
227 357
227 361
227 405
227 406
227 409
227 410
227 427
227 438
227 458
227 461
227 471
227 482
227 501
227 502
227 504
228 229
228 233
228 235
228 240
228 273
228 275
228 291
228 297
228 316
228 331
228 336
228 342
228 345
228 348
228 351
228 352
228 358
228 377
228 378
228 384
228 396
228 397
228 400
228 402
228 414
228 417
228 438
228 443
228 448
228 460
228 463
228 509
229 230
229 232
229 321
229 322
229 324
229 326
229 334
229 370
229 374
229 376
229 383
229 404
229 408
229 409
229 410
229 428
229 433
229 468
229 473
229 488
229 507
230 231
230 257
230 258
230 260
230 263
230 281
230 289
230 296
230 322
230 354
230 356
230 398
230 433
230 438
230 443
230 449
230 454
230 457
230 474
230 482
230 483
230 492
230 504
230 507
230 511
231 258
231 268
231 273
231 277
231 280
231 299
231 319
231 325
231 342
231 365
231 376
231 382
231 383
231 390
231 393
231 406
231 414
231 426
231 433
231 441
231 484
231 488
231 511
232 240
232 262
232 275
232 280
232 285
232 294
232 313
232 351
232 352
232 357
232 366
232 373
232 382
232 417
232 423
232 442
232 483
232 484
232 512
233 234
233 248
233 251
233 255
233 262
233 264
233 268
233 275
233 284
233 301
233 313
233 331
233 358
233 369
233 387
233 416
233 422
233 469
233 472
233 476
233 491
233 501
234 236
234 248
234 261
234 262
234 271
234 321
234 347
234 367
234 384
234 388
234 391
234 399
234 404
234 432
234 481
234 486
235 251
235 259
235 268
235 293
235 309
235 325
235 329
235 336
235 346
235 348
235 368
235 410
235 413
235 467
235 469
236 237
236 239
236 255
236 278
236 282
236 293
236 295
236 300
236 309
236 318
236 321
236 333
236 343
236 360
236 370
236 379
236 388
236 396
236 414
236 421
236 429
236 430
236 466
236 480
236 499
236 502
237 238
237 239
237 253
237 258
237 277
237 302
237 304
237 322
237 328
237 335
237 347
237 361
237 378
237 401
237 429
237 433
237 444
237 453
237 456
237 469
237 506
238 241
238 246
238 294
238 314
238 320
238 321
238 331
238 338
238 344
238 348
238 371
238 391
238 394
238 408
238 420
238 434
238 453
238 460
238 461
238 463
238 470
238 479
238 492
238 495
238 500
238 504
238 508
239 259
239 262
239 267
239 274
239 275
239 278
239 289
239 296
239 301
239 313
239 333
239 336
239 343
239 370
239 376
239 422
239 434
239 437
239 452
239 476
239 487
239 493
239 495
239 511
240 241
240 250
240 281
240 290
240 316
240 318
240 327
240 329
240 331
240 345
240 354
240 355
240 356
240 380
240 404
240 412
240 416
240 434
240 460
240 467
241 244
241 249
241 256
241 259
241 290
241 307
241 321
241 338
241 357
241 364
241 385
241 389
241 392
241 395
241 397
241 402
241 409
241 443
241 466
241 477
241 478
241 486
241 501
242 251
242 252
242 280
242 288
242 323
242 343
242 353
242 355
242 376
242 390
242 415
242 420
242 436
242 446
242 453
242 483
243 244
243 248
243 250
243 271
243 273
243 274
243 287
243 297
243 314
243 317
243 319
243 360
243 385
243 417
243 427
243 459
243 460
243 473
243 480
243 482
243 490
243 504
244 245
244 247
244 250
244 256
244 260
244 268
244 270
244 272
244 281
244 308
244 309
244 325
244 335
244 346
244 375
244 387
244 396
244 399
244 405
244 418
244 430
244 439
244 444
244 454
244 467
244 474
244 486
245 246
245 256
245 320
245 348
245 358
245 360
245 372
245 398
245 420
245 422
245 426
245 450
245 463
245 469
245 476
245 479
245 497
245 500
245 502
246 254
246 271
246 281
246 305
246 340
246 365
246 381
246 387
246 398
246 404
246 409
246 428
246 430
246 431
246 455
246 461
246 475
246 485
246 492
247 260
247 267
247 278
247 282
247 287
247 299
247 314
247 316
247 323
247 324
247 355
247 365
247 366
247 392
247 393
247 394
247 463
247 478
247 485
247 493
247 499
247 503
248 249
248 268
248 296
248 304
248 310
248 326
248 339
248 344
248 379
248 394
248 450
248 470
248 489
248 491
248 493
248 506
248 508
249 257
249 261
249 262
249 274
249 280
249 287
249 300
249 315
249 318
249 330
249 335
249 367
249 376
249 378
249 391
249 393
249 411
249 415
249 419
249 438
249 440
249 448
249 451
249 456
249 469
249 485
249 491
250 295
250 298
250 319
250 398
250 399
250 400
250 403
250 430
250 442
250 455
250 460
250 496
250 508
251 252
251 254
251 270
251 310
251 324
251 336
251 349
251 355
251 385
251 394
251 406
251 432
251 436
251 444
251 456
251 469
251 482
252 253
252 258
252 276
252 279
252 281
252 284
252 299
252 324
252 328
252 339
252 342
252 345
252 352
252 362
252 370
252 374
252 396
252 430
252 459
252 472
252 473
252 475
252 484
252 496
253 271
253 283
253 285
253 298
253 323
253 325
253 326
253 349
253 375
253 380
253 392
253 393
253 394
253 401
253 406
253 426
253 436
253 447
253 458
253 464
253 474
253 478
253 479
254 264
254 269
254 274
254 318
254 346
254 359
254 383
254 386
254 412
254 418
254 420
254 425
254 436
254 447
254 448
255 256
255 262
255 271
255 280
255 297
255 301
255 302
255 306
255 308
255 363
255 372
255 382
255 383
255 385
255 401
255 407
255 408
255 414
255 439
255 447
255 470
255 476
255 503
256 259
256 263
256 290
256 292
256 300
256 319
256 350
256 377
256 391
256 401
256 403
256 405
256 432
256 435
256 460
256 487
256 489
257 260
257 277
257 278
257 296
257 297
257 299
257 301
257 324
257 338
257 384
257 389
257 420
257 443
257 462
257 474
257 494
257 497
257 500
258 259
258 323
258 355
258 371
258 379
258 383
258 385
258 270
258 288
258 300
258 311
258 319
258 337
258 359
258 364
258 422
258 425
258 430
258 437
258 441
258 444
258 449
258 500
258 512
259 260
259 292
259 308
259 316
259 320
259 322
259 264
259 280
259 290
259 303
259 335
259 369
259 377
259 386
259 415
259 427
259 461
259 478
259 481
259 491
259 492
259 501
259 506
260 261
260 277
260 285
260 289
260 291
260 276
260 279
260 293
260 307
260 321
260 323
260 324
260 325
260 353
260 370
260 371
260 381
260 421
260 435
260 439
260 451
260 476
260 485
260 496
260 497
260 498
260 507
261 262
261 270
261 274
261 276
261 271
261 277
261 282
261 289
261 320
261 345
261 360
261 361
261 362
261 383
261 415
261 417
261 449
261 454
261 464
261 479
261 482
262 263
262 267
262 269
262 271
262 280
262 295
262 310
262 329
262 343
262 345
262 361
262 375
262 384
262 386
262 453
262 464
262 465
262 487
262 497
262 512
263 264
263 266
263 278
263 326
263 339
263 357
263 363
263 364
263 391
263 403
263 427
263 430
263 450
263 483
263 489
264 265
264 267
264 274
264 286
264 301
264 306
264 309
264 311
264 325
264 333
264 346
264 353
264 362
264 364
264 384
264 392
264 411
264 416
264 429
264 453
264 465
264 481
264 490
264 505
265 283
265 286
265 300
265 304
265 308
265 318
265 343
265 354
265 355
265 356
265 392
265 404
265 422
265 461
265 468
265 490
265 498
265 500
266 267
266 268
266 278
266 286
266 293
266 301
266 304
266 308
266 320
266 340
266 344
266 356
266 357
266 380
266 395
266 403
266 410
266 414
266 415
266 428
266 451
266 476
266 477
266 488
266 497
266 506
266 509
267 268
267 270
267 280
267 281
267 285
267 294
267 322
267 340
267 344
267 355
267 370
267 387
267 391
267 396
267 411
267 414
267 443
267 447
267 448
267 449
267 489
267 493
267 503
267 507
267 512
268 271
268 290
268 302
268 307
268 373
268 382
268 393
268 433
268 441
268 443
268 468
268 472
268 503
268 505
269 340
269 360
269 369
269 378
269 387
269 391
269 394
269 403
269 411
269 440
269 449
269 458
269 460
269 462
269 472
269 509
270 271
270 273
270 287
270 302
270 310
270 329
270 332
270 337
270 390
270 404
270 407
270 427
270 439
270 457
270 485
270 511
271 272
271 281
271 318
271 331
271 335
271 343
271 353
271 357
271 362
271 383
271 393
271 407
271 415
271 447
271 463
271 471
271 478
271 483
271 501
272 278
272 296
272 299
272 300
272 318
272 327
272 368
272 375
272 381
272 395
272 408
272 409
272 412
272 435
272 439
272 446
272 448
272 485
273 276
273 283
273 290
273 300
273 305
273 313
273 368
273 387
273 424
273 438
273 442
273 446
273 462
273 471
273 477
273 492
273 494
273 506
274 275
274 288
274 299
274 308
274 314
274 342
274 368
274 371
274 372
274 414
274 444
274 452
274 454
274 463
274 464
274 483
274 496
275 298
275 313
275 319
275 348
275 372
275 381
275 415
275 451
275 468
275 481
275 489
275 512
276 293
276 301
276 336
276 339
276 348
276 353
276 355
276 435
276 453
276 454
276 461
276 471
276 482
276 494
276 510
277 278
277 282
277 284
277 297
277 315
277 332
277 339
277 387
277 392
277 398
277 435
277 440
277 444
277 446
277 464
277 472
277 480
277 481
277 485
277 511
278 279
278 281
278 315
278 316
278 321
278 351
278 358
278 368
278 381
278 383
278 384
278 388
278 396
278 416
278 451
278 462
278 478
278 479
278 487
278 490
279 280
279 295
279 310
279 331
279 341
279 346
279 381
279 382
279 397
279 418
279 438
279 440
279 442
279 455
279 488
279 490
279 504
279 507
279 511
280 293
280 303
280 306
280 313
280 315
280 335
280 352
280 378
280 380
280 381
280 420
280 458
280 483
280 498
280 511
281 283
281 291
281 295
281 299
281 311
281 321
281 325
281 353
281 364
281 368
281 387
281 444
281 454
281 462
281 482
281 485
281 496
281 497
282 283
282 297
282 305
282 317
282 329
282 341
282 356
282 405
282 423
282 441
282 442
282 456
282 466
282 467
282 471
282 487
282 492
282 510
283 319
283 356
283 392
283 406
283 417
283 439
283 443
283 466
283 472
283 498
283 505
284 297
284 324
284 332
284 345
284 365
284 366
284 374
284 379
284 384
284 397
284 415
284 424
284 447
284 452
284 480
284 481
284 487
284 491
284 503
284 506
284 511
285 286
285 288
285 299
285 306
285 310
285 322
285 337
285 340
285 364
285 374
285 393
285 429
285 455
285 456
285 462
285 476
285 495
285 498
285 503
286 287
286 290
286 301
286 305
286 320
286 327
286 337
286 343
286 345
286 369
286 370
286 390
286 395
286 401
286 405
286 410
286 430
286 443
286 449
286 465
286 472
286 473
286 477
286 483
287 312
287 332
287 334
287 345
287 347
287 387
287 392
287 429
287 432
287 444
287 449
287 450
287 456
287 465
287 483
287 494
287 506
287 511
288 290
288 336
288 341
288 400
288 402
288 423
288 440
288 448
288 451
288 474
288 480
288 497
288 499
289 290
289 333
289 339
289 351
289 354
289 361
289 373
289 375
289 441
289 448
289 457
289 508
290 317
290 335
290 338
290 342
290 373
290 390
290 392
290 455
290 467
290 474
290 477
290 484
290 489
290 509
290 510
291 292
291 303
291 309
291 331
291 351
291 353
291 357
291 376
291 400
291 401
291 410
291 465
291 501
292 293
292 301
292 305
292 307
292 297
292 339
292 349
292 377
292 380
292 382
292 397
292 402
292 425
292 432
292 449
292 454
292 466
292 471
292 476
292 489
292 498
293 294
293 298
293 300
293 295
293 308
293 325
293 344
293 345
293 356
293 395
293 397
293 403
293 429
293 434
293 449
293 471
293 474
293 492
294 295
294 297
294 298
294 300
294 319
294 326
294 362
294 364
294 371
294 383
294 391
294 402
294 415
294 437
294 443
294 473
294 504
294 508
295 296
295 305
295 311
295 330
295 352
295 371
295 383
295 384
295 389
295 393
295 398
295 399
295 405
295 413
295 418
295 429
295 433
295 437
295 466
295 476
295 485
295 489
295 497
295 504
295 505
296 306
296 328
296 329
296 339
296 366
296 370
296 373
296 375
296 377
296 384
296 397
296 398
296 402
296 410
296 417
296 428
296 447
296 455
296 463
296 483
296 491
297 317
297 323
297 328
297 339
297 361
297 371
297 383
297 390
297 403
297 406
297 434
297 439
297 440
297 441
297 448
297 466
297 509
298 299
298 305
298 329
298 341
298 347
298 350
298 353
298 369
298 372
298 377
298 384
298 387
298 411
298 412
298 415
298 432
298 469
298 485
298 512
299 304
299 306
299 332
299 379
299 402
299 414
299 426
299 437
299 465
299 491
299 493
299 500
299 508
299 510
300 302
300 304
300 315
300 331
300 341
300 353
300 364
300 371
300 379
300 388
300 395
300 410
300 420
300 427
300 455
300 459
300 468
300 485
300 499
301 302
301 304
301 320
301 324
301 333
301 336
301 345
301 361
301 391
301 423
301 471
301 476
301 478
301 491
301 495
302 303
302 305
302 310
302 320
302 334
302 346
302 364
302 383
302 411
302 421
302 425
302 434
302 449
302 461
302 463
302 468
302 469
302 493
303 316
303 320
303 331
303 359
303 360
303 398
303 417
303 428
303 431
303 436
303 443
303 447
303 459
303 480
304 348
304 377
304 392
304 393
304 437
304 450
304 473
304 485
304 491
305 306
305 328
305 339
305 351
305 363
305 375
305 380
305 387
305 394
305 397
305 401
305 419
305 422
305 427
305 438
305 442
305 443
305 448
305 467
305 476
306 333
306 355
306 373
306 379
306 402
306 420
306 426
306 429
306 430
306 431
306 443
306 446
306 448
306 464
306 467
306 469
306 483
306 492
306 493
306 494
306 499
306 500
306 503
307 311
307 318
307 324
307 327
307 351
307 373
307 424
307 442
307 466
307 489
307 491
307 497
307 499
307 501
307 506
308 309
308 313
308 315
308 343
308 347
308 348
308 349
308 398
308 413
308 441
308 444
308 451
308 470
308 476
308 507
308 509
309 310
309 312
309 326
309 331
309 352
309 355
309 372
309 453
309 478
309 507
310 311
310 325
310 326
310 328
310 337
310 340
310 354
310 381
310 394
310 397
310 410
310 418
310 421
310 434
310 460
310 464
310 473
310 482
310 493
311 364
311 368
311 377
311 384
311 404
311 446
311 472
311 482
311 496
311 499
311 507
312 314
312 330
312 331
312 384
312 386
312 422
312 433
312 440
312 443
312 453
312 476
312 485
312 488
312 491
313 314
313 317
313 324
313 325
313 345
313 349
313 359
313 360
313 367
313 375
313 402
313 406
313 418
313 440
313 450
313 487
313 495
313 498
314 329
314 338
314 342
314 356
314 357
314 366
314 384
314 399
314 431
314 442
314 447
314 449
314 455
314 466
314 499
314 502
315 322
315 324
315 326
315 338
315 340
315 366
315 383
315 393
315 398
315 420
315 425
315 445
315 463
315 486
315 492
316 317
316 319
316 329
316 332
316 333
316 338
316 365
316 368
316 384
316 385
316 389
316 393
316 405
316 410
316 423
316 426
316 433
316 436
316 459
316 483
316 497
317 318
317 334
317 342
317 359
317 363
317 387
317 397
317 408
317 423
317 439
317 456
317 462
317 478
317 488
318 360
318 365
318 378
318 397
318 412
318 416
318 428
318 433
318 434
318 449
318 453
318 456
318 461
318 486
318 487
319 322
319 326
319 378
319 380
319 386
319 394
319 395
319 430
319 432
319 437
319 452
319 476
319 483
320 321
320 341
320 345
320 352
320 354
320 362
320 371
320 409
320 413
320 416
320 428
320 440
320 469
320 487
320 491
320 494
321 324
321 335
321 341
321 365
321 369
321 386
321 390
321 412
321 420
321 423
321 435
321 443
321 456
321 474
321 475
321 489
321 495
321 501
321 505
321 510
322 356
322 373
322 386
322 393
322 399
322 400
322 406
322 435
322 440
322 457
322 489
322 507
322 511
323 324
323 340
323 348
323 352
323 354
323 328
323 329
323 351
323 365
323 386
323 424
323 466
323 490
324 325
324 333
324 337
324 339
324 329
324 350
324 354
324 363
324 371
324 380
324 383
324 387
324 407
324 408
324 411
324 414
324 430
324 431
324 465
324 478
324 479
324 489
324 506
324 512
325 326
325 330
325 332
325 328
325 343
325 421
325 433
325 450
325 451
325 460
325 490
325 497
326 327
326 329
326 343
326 355
326 361
326 401
326 406
326 427
326 458
327 328
327 345
327 347
327 359
327 372
327 382
327 390
327 392
327 405
327 438
327 450
327 470
327 483
327 503
328 356
328 392
328 446
328 452
328 454
328 464
328 471
328 476
328 477
328 478
328 512
329 345
329 351
329 363
329 372
329 400
329 407
329 424
329 439
329 464
329 471
329 489
329 501
330 331
330 342
330 370
330 371
330 409
330 411
330 414
330 418
330 419
330 436
330 453
330 458
330 460
330 498
330 501
330 505
331 342
331 344
331 354
331 364
331 370
331 376
331 413
331 425
331 433
331 448
331 455
331 461
331 465
331 486
331 488
331 497
332 358
332 366
332 390
332 447
332 465
332 484
332 488
332 494
333 334
333 336
333 340
333 365
333 367
333 371
333 380
333 394
333 427
333 434
333 436
333 445
333 451
333 471
333 472
333 477
333 495
333 499
333 501
334 335
334 341
334 346
334 356
334 359
334 361
334 372
334 378
334 382
334 383
334 425
334 454
334 461
334 471
334 493
334 494
334 506
335 363
335 366
335 389
335 408
335 410
335 435
335 438
335 439
335 443
335 449
335 450
335 460
335 466
335 467
335 477
335 478
335 488
335 512
336 352
336 356
336 384
336 401
336 427
336 437
336 445
336 452
336 462
336 477
336 484
336 507
337 338
337 340
337 366
337 379
337 396
337 398
337 402
337 403
337 432
337 446
337 454
337 464
337 470
337 477
337 478
337 481
337 491
337 496
338 370
338 375
338 414
338 441
338 442
338 443
338 495
338 500
338 504
339 351
339 363
339 382
339 395
339 407
339 421
339 429
339 430
339 444
339 454
339 457
339 459
339 477
339 478
339 496
340 341
340 345
340 347
340 348
340 369
340 373
340 401
340 413
340 416
340 423
340 430
340 446
340 447
340 459
340 462
340 478
340 494
341 342
341 344
341 351
341 354
341 355
341 360
341 373
341 379
341 392
341 409
341 438
341 473
341 490
341 503
341 507
342 343
342 344
342 348
342 360
342 363
342 392
342 396
342 400
342 407
342 412
342 438
342 441
342 461
342 465
342 478
342 488
342 501
342 505
343 375
343 413
343 424
343 427
343 430
343 431
343 435
343 440
343 458
343 477
343 482
343 487
343 494
344 349
344 351
344 358
344 388
344 403
344 406
344 428
344 431
344 461
344 462
344 479
344 483
345 346
345 351
345 392
345 394
345 399
345 407
345 413
345 432
345 439
345 441
345 445
345 447
345 464
345 465
345 495
345 497
345 500
345 502
346 367
346 377
346 388
346 394
346 419
346 440
346 459
346 468
346 470
346 477
346 500
346 502
347 353
347 382
347 392
347 411
347 429
347 442
347 499
347 511
348 349
348 351
348 358
348 420
348 429
348 430
348 439
348 440
348 443
348 466
348 474
348 480
348 507
348 512
349 350
349 352
349 361
349 363
349 368
349 427
349 428
349 457
349 465
349 490
350 358
350 374
350 394
350 409
350 414
350 419
350 438
350 441
350 443
350 461
350 464
350 478
350 485
351 358
351 363
351 367
351 380
351 394
351 408
351 410
351 419
351 459
351 466
351 490
351 498
352 353
352 382
352 395
352 428
352 448
352 459
352 475
352 510
353 369
353 370
353 406
353 422
353 433
353 456
353 461
353 462
353 491
353 500
353 504
354 379
354 405
354 406
354 409
354 415
354 453
354 454
354 481
354 510
355 356
355 364
355 368
355 370
355 384
355 391
355 397
355 419
355 420
355 453
355 457
355 490
355 498
355 501
356 357
356 361
356 363
356 376
356 380
356 385
356 390
356 406
356 418
356 444
356 446
356 458
356 468
356 482
357 358
357 360
357 368
357 393
357 399
357 406
357 425
357 426
357 472
357 478
357 511
358 359
358 375
358 385
358 389
358 390
358 413
358 452
358 469
358 478
358 489
358 492
358 494
358 509
358 511
359 364
359 375
359 388
359 391
359 398
359 426
359 438
359 443
359 463
359 474
359 475
359 495
359 497
359 502
359 503
360 387
360 393
360 402
360 438
360 450
360 468
360 483
360 488
360 493
360 494
360 501
361 362
361 370
361 380
361 383
361 384
361 396
361 415
361 427
361 429
361 452
361 454
361 468
361 478
361 480
361 482
361 490
361 505
362 405
362 428
362 438
362 482
362 488
362 494
362 508
363 372
363 375
363 388
363 402
363 409
363 417
363 429
363 445
363 463
363 464
363 465
364 365
364 367
364 375
364 383
364 419
364 432
364 452
364 490
365 366
365 385
365 389
365 414
365 417
365 443
365 459
365 467
365 472
365 485
366 375
366 378
366 392
366 394
366 396
366 399
366 402
366 404
366 419
366 446
366 454
366 479
366 499
366 510
367 379
367 381
367 387
367 390
367 392
367 400
367 421
367 424
367 436
367 463
367 481
367 490
367 509
368 369
368 407
368 410
368 413
368 421
368 427
368 482
368 495
368 499
368 501
369 396
369 415
369 425
369 447
369 449
369 458
369 473
369 495
369 498
370 377
370 378
370 387
370 436
370 440
370 449
370 454
370 470
370 477
370 511
371 372
371 376
371 378
371 400
371 423
371 435
371 439
371 460
371 461
371 473
371 503
372 373
372 375
372 383
372 392
372 402
372 408
372 413
372 414
372 424
372 454
372 457
372 459
372 473
372 478
372 480
372 488
372 492
372 499
373 374
373 386
373 410
373 414
373 425
373 457
373 467
373 471
373 487
373 497
373 498
373 501
373 507
374 375
374 377
374 378
374 385
374 387
374 407
374 413
374 414
374 417
374 436
374 441
374 442
374 459
374 479
374 484
375 379
375 389
375 390
375 443
375 448
375 498
375 507
375 512
376 377
376 388
376 389
376 397
376 409
376 418
376 447
376 461
376 472
376 484
376 510
377 379
377 383
377 385
377 392
377 418
377 424
377 426
377 434
377 440
377 457
377 492
377 509
378 408
378 429
378 445
378 451
378 458
378 463
378 472
378 497
379 380
379 382
379 408
379 415
379 418
379 419
379 452
379 479
379 493
380 381
380 402
380 421
380 448
380 472
380 481
380 483
381 391
381 399
381 401
381 411
381 426
381 427
381 429
381 447
381 448
381 453
381 480
381 482
381 486
382 385
382 388
382 408
382 411
382 430
382 433
382 439
382 451
382 460
382 461
382 464
382 466
382 483
382 484
382 494
382 498
382 502
382 505
383 384
383 402
383 433
383 438
383 439
383 447
383 449
383 455
383 461
383 478
383 480
383 485
383 502
383 512
384 386
384 416
384 427
384 431
384 447
384 460
384 462
384 482
384 507
385 390
385 401
385 404
385 414
385 422
385 435
385 452
385 462
385 500
386 387
386 419
386 435
386 443
386 447
386 449
386 406
386 427
386 431
386 439
386 444
386 460
386 470
386 478
386 480
386 490
386 497
386 499
386 510
387 388
387 404
387 412
387 416
387 418
387 400
387 423
387 439
387 446
387 454
387 464
387 467
387 504
387 506
387 511
388 389
388 397
388 401
388 403
388 409
388 411
388 421
388 426
388 436
388 439
388 459
388 471
389 390
389 394
389 396
389 393
389 398
389 428
389 439
389 463
389 466
389 472
389 478
389 483
389 489
389 500
389 506
390 391
390 393
390 394
390 478
390 479
390 503
391 392
391 393
391 420
391 432
391 467
391 480
391 493
392 400
392 409
392 439
392 456
392 460
392 473
392 490
392 496
392 497
392 500
392 503
392 506
392 507
392 508
393 399
393 423
393 429
393 440
393 444
393 448
393 449
393 453
393 458
393 474
393 487
393 491
393 494
393 500
394 395
394 416
394 453
394 459
394 483
394 486
394 493
395 401
395 406
395 427
395 446
395 456
395 483
395 493
395 494
395 495
395 503
395 509
396 398
396 461
396 476
397 398
397 400
397 429
397 444
397 451
397 472
397 494
397 495
397 496
397 506
397 512
398 399
398 411
398 412
398 422
398 429
398 464
398 465
398 480
398 483
398 490
398 491
398 494
398 497
398 500
398 509
399 410
399 422
399 440
399 447
399 465
399 488
399 491
399 505
400 408
400 441
400 446
400 465
400 487
400 501
400 505
401 402
401 410
401 417
401 421
401 443
401 454
401 484
401 491
401 497
402 417
402 427
402 450
402 454
402 480
403 408
403 411
403 429
403 431
403 434
403 450
403 470
403 472
403 478
403 502
403 507
404 405
404 409
404 411
404 442
404 466
404 475
404 481
404 490
404 491
404 505
404 508
404 512
405 406
405 408
405 414
405 418
405 476
405 486
405 488
406 407
406 416
406 422
406 430
406 443
406 455
406 460
406 492
406 499
407 416
407 439
407 441
407 445
407 467
407 477
407 482
407 484
408 420
408 430
408 448
408 450
408 452
408 470
408 483
408 486
408 487
408 505
408 509
409 410
409 433
409 436
409 479
409 503
410 418
410 437
410 446
410 453
410 455
410 480
410 488
410 490
410 510
411 420
411 434
411 441
411 446
411 455
411 460
411 461
411 471
411 489
411 493
411 505
411 507
412 413
412 415
412 417
412 430
412 437
412 439
412 441
412 452
412 456
412 460
412 463
412 466
412 468
413 414
413 417
413 421
413 441
413 451
413 499
413 506
414 433
414 450
414 453
414 475
414 479
414 486
414 490
414 494
414 499
415 420
415 445
415 447
415 468
415 470
415 471
415 479
415 492
415 495
415 499
416 417
416 452
416 456
416 461
416 491
416 499
416 501
416 506
416 509
417 421
417 422
417 423
417 444
417 447
417 473
417 474
417 486
417 487
417 501
418 450
418 456
418 461
418 463
418 487
418 494
418 502
418 510
419 420
419 428
419 432
419 434
419 445
419 449
419 453
419 480
419 481
419 495
420 421
420 425
420 427
420 428
420 434
420 454
420 467
420 474
420 478
420 485
420 496
420 501
420 503
421 422
421 424
421 449
421 457
421 483
421 510
422 423
422 430
422 467
422 474
422 494
422 496
423 434
423 438
424 425
424 440
424 475
424 490
424 502
425 426
425 429
425 450
425 454
425 469
425 490
425 497
426 443
426 445
426 459
426 464
426 481
426 488
426 495
426 500
426 511
427 443
427 451
427 459
427 460
427 492
427 503
428 429
428 431
428 457
428 488
429 430
429 431
429 506
430 441
430 453
430 467
430 470
430 473
430 481
431 435
431 466
431 485
432 433
432 441
432 474
432 497
433 434
433 449
433 450
433 456
433 478
434 438
434 447
434 450
434 471
434 483
434 504
434 509
435 436
435 440
435 442
435 443
435 460
435 476
435 506
435 508
436 437
436 439
436 448
436 455
436 469
436 472
436 480
436 493
436 500
437 438
437 439
437 444
437 453
437 454
437 467
437 473
437 484
437 506
438 445
438 468
438 475
438 498
439 443
439 445
439 469
439 473
439 478
439 491
439 492
439 496
439 505
440 441
440 446
440 450
440 471
440 483
440 492
440 495
440 498
440 502
440 507
441 463
442 468
442 477
442 481
442 496
442 498
443 444
443 446
443 463
443 466
443 467
443 502
444 445
445 449
445 471
445 479
445 486
445 495
445 501
445 502
445 507
446 457
446 470
446 482
446 501
446 503
446 507
446 508
447 448
447 459
447 467
447 473
447 486
447 489
447 491
447 493
447 494
447 498
448 463
448 465
448 467
449 472
449 474
449 481
449 497
449 509
450 451
450 467
450 475
450 479
450 481
450 456
450 485
450 499
450 504
450 510
451 452
451 460
451 464
451 466
451 462
451 480
451 490
451 501
451 509
452 453
452 457
452 459
452 455
452 473
452 479
452 494
452 498
453 454
453 456
453 478
453 485
453 487
453 488
453 507
454 455
454 499
455 459
455 461
455 471
455 482
455 488
455 494
455 506
455 510
456 480
456 486
456 495
456 501
456 503
456 510
456 511
457 458
457 470
457 473
457 474
457 507
458 472
458 486
458 508
458 511
459 505
459 509
459 511
460 461
460 463
460 467
460 486
460 508
461 462
461 465
461 480
462 465
462 469
462 470
462 491
462 505
463 472
464 465
464 467
464 468
464 473
464 475
464 477
464 511
465 478
465 480
465 506
465 511
466 467
466 499
467 468
467 472
467 474
467 492
467 503
468 469
468 471
468 474
468 475
468 479
468 486
468 501
468 511
469 470
469 474
469 477
470 486
470 504
471 488
472 473
472 477
472 478
472 489
473 477
473 497
473 503
473 506
474 481
474 487
474 492
474 504
475 476
475 478
475 490
475 494
475 502
475 511
476 477
476 491
477 495
477 507
477 509
478 491
478 503
478 506
478 508
479 480
479 481
479 506
480 483
480 503
481 486
481 512
482 483
482 491
482 495
482 497
482 486
482 487
482 498
483 484
483 488
483 490
483 486
483 491
484 485
484 487
484 496
484 502
484 504
485 486
485 496
486 499
486 505
487 489
487 491
487 502
488 489
489 495
489 503
490 499
491 492
491 494
491 506
491 511
492 493
492 504
492 508
493 499
495 496
496 504
498 499
498 503
498 505
498 504
498 509
499 500
499 502
500 501
501 508
502 512
503 504
503 510
504 509
506 507
506 509
506 512
507 508
510 511
1
