256 1 255
1 2
1 130
1 194
1 226
1 242
1 250
1 254
1 256
2 3
2 67
2 99
2 115
2 123
2 127
2 129
3 4
3 36
3 52
3 60
3 64
3 66
4 5
4 21
4 29
4 33
4 35
5 6
5 14
5 18
5 20
6 7
6 11
6 13
7 8
7 10
8 9
11 12
14 15
14 17
15 16
18 19
21 22
21 26
21 28
22 23
22 25
23 24
26 27
29 30
29 32
30 31
33 34
36 37
36 45
36 49
36 51
37 38
37 42
37 44
38 39
38 41
39 40
42 43
45 46
45 48
46 47
49 50
52 53
52 57
52 59
53 54
53 56
54 55
57 58
60 61
60 63
61 62
64 65
67 68
67 84
67 92
67 96
67 98
68 69
68 77
68 81
68 83
69 70
69 74
69 76
70 71
70 73
71 72
74 75
77 78
77 80
78 79
81 82
84 85
84 89
84 91
85 86
85 88
86 87
89 90
92 93
92 95
93 94
96 97
99 100
99 108
99 112
99 114
100 101
100 105
100 107
101 102
101 104
102 103
105 106
108 109
108 111
109 110
112 113
115 116
115 120
115 122
116 117
116 119
117 118
120 121
123 124
123 126
124 125
127 128
130 131
130 163
130 179
130 187
130 191
130 193
131 132
131 148
131 156
131 160
131 162
132 133
132 141
132 145
132 147
133 134
133 138
133 140
134 135
134 137
135 136
138 139
141 142
141 144
142 143
145 146
148 149
148 153
148 155
149 150
149 152
150 151
153 154
156 157
156 159
157 158
160 161
163 164
163 172
163 176
163 178
164 165
164 169
164 171
165 166
165 168
166 167
169 170
172 173
172 175
173 174
176 177
179 180
179 184
179 186
180 181
180 183
181 182
184 185
187 188
187 190
188 189
191 192
194 195
194 211
194 219
194 223
194 225
195 196
195 204
195 208
195 210
196 197
196 201
196 203
197 198
197 200
198 199
201 202
204 205
204 207
205 206
208 209
211 212
211 216
211 218
212 213
212 215
213 214
216 217
219 220
219 222
220 221
223 224
226 227
226 235
226 239
226 241
227 228
227 232
227 234
228 229
228 231
229 230
232 233
235 236
235 238
236 237
239 240
242 243
242 247
242 249
243 244
243 246
244 245
247 248
250 251
250 253
251 252
254 255
1
