512 1 511
1 2
1 258
1 386
1 450
1 482
1 498
1 506
1 510
1 512
2 3
2 131
2 195
2 227
2 243
2 251
2 255
2 257
3 4
3 68
3 100
3 116
3 124
3 128
3 130
4 5
4 37
4 53
4 61
4 65
4 67
5 6
5 22
5 30
5 34
5 36
6 7
6 15
6 19
6 21
7 8
7 12
7 14
8 9
8 11
9 10
12 13
15 16
15 18
16 17
19 20
22 23
22 27
22 29
23 24
23 26
24 25
27 28
30 31
30 33
31 32
34 35
37 38
37 46
37 50
37 52
38 39
38 43
38 45
39 40
39 42
40 41
43 44
46 47
46 49
47 48
50 51
53 54
53 58
53 60
54 55
54 57
55 56
58 59
61 62
61 64
62 63
65 66
68 69
68 85
68 93
68 97
68 99
69 70
69 78
69 82
69 84
70 71
70 75
70 77
71 72
71 74
72 73
75 76
78 79
78 81
79 80
82 83
85 86
85 90
85 92
86 87
86 89
87 88
90 91
93 94
93 96
94 95
97 98
100 101
100 109
100 113
100 115
101 102
101 106
101 108
102 103
102 105
103 104
106 107
109 110
109 112
110 111
113 114
116 117
116 121
116 123
117 118
117 120
118 119
121 122
124 125
124 127
125 126
128 129
131 132
131 164
131 180
131 188
131 192
131 194
132 133
132 149
132 157
132 161
132 163
133 134
133 142
133 146
133 148
134 135
134 139
134 141
135 136
135 138
136 137
139 140
142 143
142 145
143 144
146 147
149 150
149 154
149 156
150 151
150 153
151 152
154 155
157 158
157 160
158 159
161 162
164 165
164 173
164 177
164 179
165 166
165 170
165 172
166 167
166 169
167 168
170 171
173 174
173 176
174 175
177 178
180 181
180 185
180 187
181 182
181 184
182 183
185 186
188 189
188 191
189 190
192 193
195 196
195 212
195 220
195 224
195 226
196 197
196 205
196 209
196 211
197 198
197 202
197 204
198 199
198 201
199 200
202 203
205 206
205 208
206 207
209 210
212 213
212 217
212 219
213 214
213 216
214 215
217 218
220 221
220 223
221 222
224 225
227 228
227 236
227 240
227 242
228 229
228 233
228 235
229 230
229 232
230 231
233 234
236 237
236 239
237 238
240 241
243 244
243 248
243 250
244 245
244 247
245 246
248 249
251 252
251 254
252 253
255 256
258 259
258 323
258 355
258 371
258 379
258 383
258 385
259 260
259 292
259 308
259 316
259 320
259 322
260 261
260 277
260 285
260 289
260 291
261 262
261 270
261 274
261 276
262 263
262 267
262 269
263 264
263 266
264 265
267 268
270 271
270 273
271 272
274 275
277 278
277 282
277 284
278 279
278 281
279 280
282 283
285 286
285 288
286 287
289 290
292 293
292 301
292 305
292 307
293 294
293 298
293 300
294 295
294 297
295 296
298 299
301 302
301 304
302 303
305 306
308 309
308 313
308 315
309 310
309 312
310 311
313 314
316 317
316 319
317 318
320 321
323 324
323 340
323 348
323 352
323 354
324 325
324 333
324 337
324 339
325 326
325 330
325 332
326 327
326 329
327 328
330 331
333 334
333 336
334 335
337 338
340 341
340 345
340 347
341 342
341 344
342 343
345 346
348 349
348 351
349 350
352 353
355 356
355 364
355 368
355 370
356 357
356 361
356 363
357 358
357 360
358 359
361 362
364 365
364 367
365 366
368 369
371 372
371 376
371 378
372 373
372 375
373 374
376 377
379 380
379 382
380 381
383 384
386 387
386 419
386 435
386 443
386 447
386 449
387 388
387 404
387 412
387 416
387 418
388 389
388 397
388 401
388 403
389 390
389 394
389 396
390 391
390 393
391 392
394 395
397 398
397 400
398 399
401 402
404 405
404 409
404 411
405 406
405 408
406 407
409 410
412 413
412 415
413 414
416 417
419 420
419 428
419 432
419 434
420 421
420 425
420 427
421 422
421 424
422 423
425 426
428 429
428 431
429 430
432 433
435 436
435 440
435 442
436 437
436 439
437 438
440 441
443 444
443 446
444 445
447 448
450 451
450 467
450 475
450 479
450 481
451 452
451 460
451 464
451 466
452 453
452 457
452 459
453 454
453 456
454 455
457 458
460 461
460 463
461 462
464 465
467 468
467 472
467 474
468 469
468 471
469 470
472 473
475 476
475 478
476 477
479 480
482 483
482 491
482 495
482 497
483 484
483 488
483 490
484 485
484 487
485 486
488 489
491 492
491 494
492 493
495 496
498 499
498 503
498 505
499 500
499 502
500 501
503 504
506 507
506 509
507 508
510 511
1
