30 1 120
1 30
1 2
1 29
1 3
1 28
1 4
1 27
1 5
2 3
2 30
2 4
2 29
2 5
2 28
2 6
3 4
3 5
3 30
3 6
3 29
3 7
4 5
4 6
4 7
4 30
4 8
5 6
5 7
5 8
5 9
6 7
6 8
6 9
6 10
7 8
7 9
7 10
7 11
8 9
8 10
8 11
8 12
9 10
9 11
9 12
9 13
10 11
10 12
10 13
10 14
11 12
11 13
11 14
11 15
12 13
12 14
12 15
12 16
13 14
13 15
13 16
13 17
14 15
14 16
14 17
14 18
15 16
15 17
15 18
15 19
16 17
16 18
16 19
16 20
17 18
17 19
17 20
17 21
18 19
18 20
18 21
18 22
19 20
19 21
19 22
19 23
20 21
20 22
20 23
20 24
21 22
21 23
21 24
21 25
22 23
22 24
22 25
22 26
23 24
23 25
23 26
23 27
24 25
24 26
24 27
24 28
25 26
25 27
25 28
25 29
26 27
26 28
26 29
26 30
27 28
27 29
27 30
28 29
28 30
29 30
30
