1024 1 5120
1 513
1 257
1 129
1 65
1 33
1 17
1 9
1 5
1 3
1 2
2 514
2 258
2 130
2 66
2 34
2 18
2 10
2 6
2 4
3 515
3 259
3 131
3 67
3 35
3 19
3 11
3 7
3 4
4 516
4 260
4 132
4 68
4 36
4 20
4 12
4 8
5 517
5 261
5 133
5 69
5 37
5 21
5 13
5 7
5 6
6 518
6 262
6 134
6 70
6 38
6 22
6 14
6 8
7 519
7 263
7 135
7 71
7 39
7 23
7 15
7 8
8 520
8 264
8 136
8 72
8 40
8 24
8 16
9 521
9 265
9 137
9 73
9 41
9 25
9 13
9 11
9 10
10 522
10 266
10 138
10 74
10 42
10 26
10 14
10 12
11 523
11 267
11 139
11 75
11 43
11 27
11 15
11 12
12 524
12 268
12 140
12 76
12 44
12 28
12 16
13 525
13 269
13 141
13 77
13 45
13 29
13 15
13 14
14 526
14 270
14 142
14 78
14 46
14 30
14 16
15 527
15 271
15 143
15 79
15 47
15 31
15 16
16 528
16 272
16 144
16 80
16 48
16 32
17 529
17 273
17 145
17 81
17 49
17 25
17 21
17 19
17 18
18 530
18 274
18 146
18 82
18 50
18 26
18 22
18 20
19 531
19 275
19 147
19 83
19 51
19 27
19 23
19 20
20 532
20 276
20 148
20 84
20 52
20 28
20 24
21 533
21 277
21 149
21 85
21 53
21 29
21 23
21 22
22 534
22 278
22 150
22 86
22 54
22 30
22 24
23 535
23 279
23 151
23 87
23 55
23 31
23 24
24 536
24 280
24 152
24 88
24 56
24 32
25 537
25 281
25 153
25 89
25 57
25 29
25 27
25 26
26 538
26 282
26 154
26 90
26 58
26 30
26 28
27 539
27 283
27 155
27 91
27 59
27 31
27 28
28 540
28 284
28 156
28 92
28 60
28 32
29 541
29 285
29 157
29 93
29 61
29 31
29 30
30 542
30 286
30 158
30 94
30 62
30 32
31 543
31 287
31 159
31 95
31 63
31 32
32 544
32 288
32 160
32 96
32 64
33 545
33 289
33 161
33 97
33 49
33 41
33 37
33 35
33 34
34 546
34 290
34 162
34 98
34 50
34 42
34 38
34 36
35 547
35 291
35 163
35 99
35 51
35 43
35 39
35 36
36 548
36 292
36 164
36 100
36 52
36 44
36 40
37 549
37 293
37 165
37 101
37 53
37 45
37 39
37 38
38 550
38 294
38 166
38 102
38 54
38 46
38 40
39 551
39 295
39 167
39 103
39 55
39 47
39 40
40 552
40 296
40 168
40 104
40 56
40 48
41 553
41 297
41 169
41 105
41 57
41 45
41 43
41 42
42 554
42 298
42 170
42 106
42 58
42 46
42 44
43 555
43 299
43 171
43 107
43 59
43 47
43 44
44 556
44 300
44 172
44 108
44 60
44 48
45 557
45 301
45 173
45 109
45 61
45 47
45 46
46 558
46 302
46 174
46 110
46 62
46 48
47 559
47 303
47 175
47 111
47 63
47 48
48 560
48 304
48 176
48 112
48 64
49 561
49 305
49 177
49 113
49 57
49 53
49 51
49 50
50 562
50 306
50 178
50 114
50 58
50 54
50 52
51 563
51 307
51 179
51 115
51 59
51 55
51 52
52 564
52 308
52 180
52 116
52 60
52 56
53 565
53 309
53 181
53 117
53 61
53 55
53 54
54 566
54 310
54 182
54 118
54 62
54 56
55 567
55 311
55 183
55 119
55 63
55 56
56 568
56 312
56 184
56 120
56 64
57 569
57 313
57 185
57 121
57 61
57 59
57 58
58 570
58 314
58 186
58 122
58 62
58 60
59 571
59 315
59 187
59 123
59 63
59 60
60 572
60 316
60 188
60 124
60 64
61 573
61 317
61 189
61 125
61 63
61 62
62 574
62 318
62 190
62 126
62 64
63 575
63 319
63 191
63 127
63 64
64 576
64 320
64 192
64 128
65 577
65 321
65 193
65 97
65 81
65 73
65 69
65 67
65 66
66 578
66 322
66 194
66 98
66 82
66 74
66 70
66 68
67 579
67 323
67 195
67 99
67 83
67 75
67 71
67 68
68 580
68 324
68 196
68 100
68 84
68 76
68 72
69 581
69 325
69 197
69 101
69 85
69 77
69 71
69 70
70 582
70 326
70 198
70 102
70 86
70 78
70 72
71 583
71 327
71 199
71 103
71 87
71 79
71 72
72 584
72 328
72 200
72 104
72 88
72 80
73 585
73 329
73 201
73 105
73 89
73 77
73 75
73 74
74 586
74 330
74 202
74 106
74 90
74 78
74 76
75 587
75 331
75 203
75 107
75 91
75 79
75 76
76 588
76 332
76 204
76 108
76 92
76 80
77 589
77 333
77 205
77 109
77 93
77 79
77 78
78 590
78 334
78 206
78 110
78 94
78 80
79 591
79 335
79 207
79 111
79 95
79 80
80 592
80 336
80 208
80 112
80 96
81 593
81 337
81 209
81 113
81 89
81 85
81 83
81 82
82 594
82 338
82 210
82 114
82 90
82 86
82 84
83 595
83 339
83 211
83 115
83 91
83 87
83 84
84 596
84 340
84 212
84 116
84 92
84 88
85 597
85 341
85 213
85 117
85 93
85 87
85 86
86 598
86 342
86 214
86 118
86 94
86 88
87 599
87 343
87 215
87 119
87 95
87 88
88 600
88 344
88 216
88 120
88 96
89 601
89 345
89 217
89 121
89 93
89 91
89 90
90 602
90 346
90 218
90 122
90 94
90 92
91 603
91 347
91 219
91 123
91 95
91 92
92 604
92 348
92 220
92 124
92 96
93 605
93 349
93 221
93 125
93 95
93 94
94 606
94 350
94 222
94 126
94 96
95 607
95 351
95 223
95 127
95 96
96 608
96 352
96 224
96 128
97 609
97 353
97 225
97 113
97 105
97 101
97 99
97 98
98 610
98 354
98 226
98 114
98 106
98 102
98 100
99 611
99 355
99 227
99 115
99 107
99 103
99 100
100 612
100 356
100 228
100 116
100 108
100 104
101 613
101 357
101 229
101 117
101 109
101 103
101 102
102 614
102 358
102 230
102 118
102 110
102 104
103 615
103 359
103 231
103 119
103 111
103 104
104 616
104 360
104 232
104 120
104 112
105 617
105 361
105 233
105 121
105 109
105 107
105 106
106 618
106 362
106 234
106 122
106 110
106 108
107 619
107 363
107 235
107 123
107 111
107 108
108 620
108 364
108 236
108 124
108 112
109 621
109 365
109 237
109 125
109 111
109 110
110 622
110 366
110 238
110 126
110 112
111 623
111 367
111 239
111 127
111 112
112 624
112 368
112 240
112 128
113 625
113 369
113 241
113 121
113 117
113 115
113 114
114 626
114 370
114 242
114 122
114 118
114 116
115 627
115 371
115 243
115 123
115 119
115 116
116 628
116 372
116 244
116 124
116 120
117 629
117 373
117 245
117 125
117 119
117 118
118 630
118 374
118 246
118 126
118 120
119 631
119 375
119 247
119 127
119 120
120 632
120 376
120 248
120 128
121 633
121 377
121 249
121 125
121 123
121 122
122 634
122 378
122 250
122 126
122 124
123 635
123 379
123 251
123 127
123 124
124 636
124 380
124 252
124 128
125 637
125 381
125 253
125 127
125 126
126 638
126 382
126 254
126 128
127 639
127 383
127 255
127 128
128 640
128 384
128 256
129 641
129 385
129 193
129 161
129 145
129 137
129 133
129 131
129 130
130 642
130 386
130 194
130 162
130 146
130 138
130 134
130 132
131 643
131 387
131 195
131 163
131 147
131 139
131 135
131 132
132 644
132 388
132 196
132 164
132 148
132 140
132 136
133 645
133 389
133 197
133 165
133 149
133 141
133 135
133 134
134 646
134 390
134 198
134 166
134 150
134 142
134 136
135 647
135 391
135 199
135 167
135 151
135 143
135 136
136 648
136 392
136 200
136 168
136 152
136 144
137 649
137 393
137 201
137 169
137 153
137 141
137 139
137 138
138 650
138 394
138 202
138 170
138 154
138 142
138 140
139 651
139 395
139 203
139 171
139 155
139 143
139 140
140 652
140 396
140 204
140 172
140 156
140 144
141 653
141 397
141 205
141 173
141 157
141 143
141 142
142 654
142 398
142 206
142 174
142 158
142 144
143 655
143 399
143 207
143 175
143 159
143 144
144 656
144 400
144 208
144 176
144 160
145 657
145 401
145 209
145 177
145 153
145 149
145 147
145 146
146 658
146 402
146 210
146 178
146 154
146 150
146 148
147 659
147 403
147 211
147 179
147 155
147 151
147 148
148 660
148 404
148 212
148 180
148 156
148 152
149 661
149 405
149 213
149 181
149 157
149 151
149 150
150 662
150 406
150 214
150 182
150 158
150 152
151 663
151 407
151 215
151 183
151 159
151 152
152 664
152 408
152 216
152 184
152 160
153 665
153 409
153 217
153 185
153 157
153 155
153 154
154 666
154 410
154 218
154 186
154 158
154 156
155 667
155 411
155 219
155 187
155 159
155 156
156 668
156 412
156 220
156 188
156 160
157 669
157 413
157 221
157 189
157 159
157 158
158 670
158 414
158 222
158 190
158 160
159 671
159 415
159 223
159 191
159 160
160 672
160 416
160 224
160 192
161 673
161 417
161 225
161 177
161 169
161 165
161 163
161 162
162 674
162 418
162 226
162 178
162 170
162 166
162 164
163 675
163 419
163 227
163 179
163 171
163 167
163 164
164 676
164 420
164 228
164 180
164 172
164 168
165 677
165 421
165 229
165 181
165 173
165 167
165 166
166 678
166 422
166 230
166 182
166 174
166 168
167 679
167 423
167 231
167 183
167 175
167 168
168 680
168 424
168 232
168 184
168 176
169 681
169 425
169 233
169 185
169 173
169 171
169 170
170 682
170 426
170 234
170 186
170 174
170 172
171 683
171 427
171 235
171 187
171 175
171 172
172 684
172 428
172 236
172 188
172 176
173 685
173 429
173 237
173 189
173 175
173 174
174 686
174 430
174 238
174 190
174 176
175 687
175 431
175 239
175 191
175 176
176 688
176 432
176 240
176 192
177 689
177 433
177 241
177 185
177 181
177 179
177 178
178 690
178 434
178 242
178 186
178 182
178 180
179 691
179 435
179 243
179 187
179 183
179 180
180 692
180 436
180 244
180 188
180 184
181 693
181 437
181 245
181 189
181 183
181 182
182 694
182 438
182 246
182 190
182 184
183 695
183 439
183 247
183 191
183 184
184 696
184 440
184 248
184 192
185 697
185 441
185 249
185 189
185 187
185 186
186 698
186 442
186 250
186 190
186 188
187 699
187 443
187 251
187 191
187 188
188 700
188 444
188 252
188 192
189 701
189 445
189 253
189 191
189 190
190 702
190 446
190 254
190 192
191 703
191 447
191 255
191 192
192 704
192 448
192 256
193 705
193 449
193 225
193 209
193 201
193 197
193 195
193 194
194 706
194 450
194 226
194 210
194 202
194 198
194 196
195 707
195 451
195 227
195 211
195 203
195 199
195 196
196 708
196 452
196 228
196 212
196 204
196 200
197 709
197 453
197 229
197 213
197 205
197 199
197 198
198 710
198 454
198 230
198 214
198 206
198 200
199 711
199 455
199 231
199 215
199 207
199 200
200 712
200 456
200 232
200 216
200 208
201 713
201 457
201 233
201 217
201 205
201 203
201 202
202 714
202 458
202 234
202 218
202 206
202 204
203 715
203 459
203 235
203 219
203 207
203 204
204 716
204 460
204 236
204 220
204 208
205 717
205 461
205 237
205 221
205 207
205 206
206 718
206 462
206 238
206 222
206 208
207 719
207 463
207 239
207 223
207 208
208 720
208 464
208 240
208 224
209 721
209 465
209 241
209 217
209 213
209 211
209 210
210 722
210 466
210 242
210 218
210 214
210 212
211 723
211 467
211 243
211 219
211 215
211 212
212 724
212 468
212 244
212 220
212 216
213 725
213 469
213 245
213 221
213 215
213 214
214 726
214 470
214 246
214 222
214 216
215 727
215 471
215 247
215 223
215 216
216 728
216 472
216 248
216 224
217 729
217 473
217 249
217 221
217 219
217 218
218 730
218 474
218 250
218 222
218 220
219 731
219 475
219 251
219 223
219 220
220 732
220 476
220 252
220 224
221 733
221 477
221 253
221 223
221 222
222 734
222 478
222 254
222 224
223 735
223 479
223 255
223 224
224 736
224 480
224 256
225 737
225 481
225 241
225 233
225 229
225 227
225 226
226 738
226 482
226 242
226 234
226 230
226 228
227 739
227 483
227 243
227 235
227 231
227 228
228 740
228 484
228 244
228 236
228 232
229 741
229 485
229 245
229 237
229 231
229 230
230 742
230 486
230 246
230 238
230 232
231 743
231 487
231 247
231 239
231 232
232 744
232 488
232 248
232 240
233 745
233 489
233 249
233 237
233 235
233 234
234 746
234 490
234 250
234 238
234 236
235 747
235 491
235 251
235 239
235 236
236 748
236 492
236 252
236 240
237 749
237 493
237 253
237 239
237 238
238 750
238 494
238 254
238 240
239 751
239 495
239 255
239 240
240 752
240 496
240 256
241 753
241 497
241 249
241 245
241 243
241 242
242 754
242 498
242 250
242 246
242 244
243 755
243 499
243 251
243 247
243 244
244 756
244 500
244 252
244 248
245 757
245 501
245 253
245 247
245 246
246 758
246 502
246 254
246 248
247 759
247 503
247 255
247 248
248 760
248 504
248 256
249 761
249 505
249 253
249 251
249 250
250 762
250 506
250 254
250 252
251 763
251 507
251 255
251 252
252 764
252 508
252 256
253 765
253 509
253 255
253 254
254 766
254 510
254 256
255 767
255 511
255 256
256 768
256 512
257 769
257 385
257 321
257 289
257 273
257 265
257 261
257 259
257 258
258 770
258 386
258 322
258 290
258 274
258 266
258 262
258 260
259 771
259 387
259 323
259 291
259 275
259 267
259 263
259 260
260 772
260 388
260 324
260 292
260 276
260 268
260 264
261 773
261 389
261 325
261 293
261 277
261 269
261 263
261 262
262 774
262 390
262 326
262 294
262 278
262 270
262 264
263 775
263 391
263 327
263 295
263 279
263 271
263 264
264 776
264 392
264 328
264 296
264 280
264 272
265 777
265 393
265 329
265 297
265 281
265 269
265 267
265 266
266 778
266 394
266 330
266 298
266 282
266 270
266 268
267 779
267 395
267 331
267 299
267 283
267 271
267 268
268 780
268 396
268 332
268 300
268 284
268 272
269 781
269 397
269 333
269 301
269 285
269 271
269 270
270 782
270 398
270 334
270 302
270 286
270 272
271 783
271 399
271 335
271 303
271 287
271 272
272 784
272 400
272 336
272 304
272 288
273 785
273 401
273 337
273 305
273 281
273 277
273 275
273 274
274 786
274 402
274 338
274 306
274 282
274 278
274 276
275 787
275 403
275 339
275 307
275 283
275 279
275 276
276 788
276 404
276 340
276 308
276 284
276 280
277 789
277 405
277 341
277 309
277 285
277 279
277 278
278 790
278 406
278 342
278 310
278 286
278 280
279 791
279 407
279 343
279 311
279 287
279 280
280 792
280 408
280 344
280 312
280 288
281 793
281 409
281 345
281 313
281 285
281 283
281 282
282 794
282 410
282 346
282 314
282 286
282 284
283 795
283 411
283 347
283 315
283 287
283 284
284 796
284 412
284 348
284 316
284 288
285 797
285 413
285 349
285 317
285 287
285 286
286 798
286 414
286 350
286 318
286 288
287 799
287 415
287 351
287 319
287 288
288 800
288 416
288 352
288 320
289 801
289 417
289 353
289 305
289 297
289 293
289 291
289 290
290 802
290 418
290 354
290 306
290 298
290 294
290 292
291 803
291 419
291 355
291 307
291 299
291 295
291 292
292 804
292 420
292 356
292 308
292 300
292 296
293 805
293 421
293 357
293 309
293 301
293 295
293 294
294 806
294 422
294 358
294 310
294 302
294 296
295 807
295 423
295 359
295 311
295 303
295 296
296 808
296 424
296 360
296 312
296 304
297 809
297 425
297 361
297 313
297 301
297 299
297 298
298 810
298 426
298 362
298 314
298 302
298 300
299 811
299 427
299 363
299 315
299 303
299 300
300 812
300 428
300 364
300 316
300 304
301 813
301 429
301 365
301 317
301 303
301 302
302 814
302 430
302 366
302 318
302 304
303 815
303 431
303 367
303 319
303 304
304 816
304 432
304 368
304 320
305 817
305 433
305 369
305 313
305 309
305 307
305 306
306 818
306 434
306 370
306 314
306 310
306 308
307 819
307 435
307 371
307 315
307 311
307 308
308 820
308 436
308 372
308 316
308 312
309 821
309 437
309 373
309 317
309 311
309 310
310 822
310 438
310 374
310 318
310 312
311 823
311 439
311 375
311 319
311 312
312 824
312 440
312 376
312 320
313 825
313 441
313 377
313 317
313 315
313 314
314 826
314 442
314 378
314 318
314 316
315 827
315 443
315 379
315 319
315 316
316 828
316 444
316 380
316 320
317 829
317 445
317 381
317 319
317 318
318 830
318 446
318 382
318 320
319 831
319 447
319 383
319 320
320 832
320 448
320 384
321 833
321 449
321 353
321 337
321 329
321 325
321 323
321 322
322 834
322 450
322 354
322 338
322 330
322 326
322 324
323 835
323 451
323 355
323 339
323 331
323 327
323 324
324 836
324 452
324 356
324 340
324 332
324 328
325 837
325 453
325 357
325 341
325 333
325 327
325 326
326 838
326 454
326 358
326 342
326 334
326 328
327 839
327 455
327 359
327 343
327 335
327 328
328 840
328 456
328 360
328 344
328 336
329 841
329 457
329 361
329 345
329 333
329 331
329 330
330 842
330 458
330 362
330 346
330 334
330 332
331 843
331 459
331 363
331 347
331 335
331 332
332 844
332 460
332 364
332 348
332 336
333 845
333 461
333 365
333 349
333 335
333 334
334 846
334 462
334 366
334 350
334 336
335 847
335 463
335 367
335 351
335 336
336 848
336 464
336 368
336 352
337 849
337 465
337 369
337 345
337 341
337 339
337 338
338 850
338 466
338 370
338 346
338 342
338 340
339 851
339 467
339 371
339 347
339 343
339 340
340 852
340 468
340 372
340 348
340 344
341 853
341 469
341 373
341 349
341 343
341 342
342 854
342 470
342 374
342 350
342 344
343 855
343 471
343 375
343 351
343 344
344 856
344 472
344 376
344 352
345 857
345 473
345 377
345 349
345 347
345 346
346 858
346 474
346 378
346 350
346 348
347 859
347 475
347 379
347 351
347 348
348 860
348 476
348 380
348 352
349 861
349 477
349 381
349 351
349 350
350 862
350 478
350 382
350 352
351 863
351 479
351 383
351 352
352 864
352 480
352 384
353 865
353 481
353 369
353 361
353 357
353 355
353 354
354 866
354 482
354 370
354 362
354 358
354 356
355 867
355 483
355 371
355 363
355 359
355 356
356 868
356 484
356 372
356 364
356 360
357 869
357 485
357 373
357 365
357 359
357 358
358 870
358 486
358 374
358 366
358 360
359 871
359 487
359 375
359 367
359 360
360 872
360 488
360 376
360 368
361 873
361 489
361 377
361 365
361 363
361 362
362 874
362 490
362 378
362 366
362 364
363 875
363 491
363 379
363 367
363 364
364 876
364 492
364 380
364 368
365 877
365 493
365 381
365 367
365 366
366 878
366 494
366 382
366 368
367 879
367 495
367 383
367 368
368 880
368 496
368 384
369 881
369 497
369 377
369 373
369 371
369 370
370 882
370 498
370 378
370 374
370 372
371 883
371 499
371 379
371 375
371 372
372 884
372 500
372 380
372 376
373 885
373 501
373 381
373 375
373 374
374 886
374 502
374 382
374 376
375 887
375 503
375 383
375 376
376 888
376 504
376 384
377 889
377 505
377 381
377 379
377 378
378 890
378 506
378 382
378 380
379 891
379 507
379 383
379 380
380 892
380 508
380 384
381 893
381 509
381 383
381 382
382 894
382 510
382 384
383 895
383 511
383 384
384 896
384 512
385 897
385 449
385 417
385 401
385 393
385 389
385 387
385 386
386 898
386 450
386 418
386 402
386 394
386 390
386 388
387 899
387 451
387 419
387 403
387 395
387 391
387 388
388 900
388 452
388 420
388 404
388 396
388 392
389 901
389 453
389 421
389 405
389 397
389 391
389 390
390 902
390 454
390 422
390 406
390 398
390 392
391 903
391 455
391 423
391 407
391 399
391 392
392 904
392 456
392 424
392 408
392 400
393 905
393 457
393 425
393 409
393 397
393 395
393 394
394 906
394 458
394 426
394 410
394 398
394 396
395 907
395 459
395 427
395 411
395 399
395 396
396 908
396 460
396 428
396 412
396 400
397 909
397 461
397 429
397 413
397 399
397 398
398 910
398 462
398 430
398 414
398 400
399 911
399 463
399 431
399 415
399 400
400 912
400 464
400 432
400 416
401 913
401 465
401 433
401 409
401 405
401 403
401 402
402 914
402 466
402 434
402 410
402 406
402 404
403 915
403 467
403 435
403 411
403 407
403 404
404 916
404 468
404 436
404 412
404 408
405 917
405 469
405 437
405 413
405 407
405 406
406 918
406 470
406 438
406 414
406 408
407 919
407 471
407 439
407 415
407 408
408 920
408 472
408 440
408 416
409 921
409 473
409 441
409 413
409 411
409 410
410 922
410 474
410 442
410 414
410 412
411 923
411 475
411 443
411 415
411 412
412 924
412 476
412 444
412 416
413 925
413 477
413 445
413 415
413 414
414 926
414 478
414 446
414 416
415 927
415 479
415 447
415 416
416 928
416 480
416 448
417 929
417 481
417 433
417 425
417 421
417 419
417 418
418 930
418 482
418 434
418 426
418 422
418 420
419 931
419 483
419 435
419 427
419 423
419 420
420 932
420 484
420 436
420 428
420 424
421 933
421 485
421 437
421 429
421 423
421 422
422 934
422 486
422 438
422 430
422 424
423 935
423 487
423 439
423 431
423 424
424 936
424 488
424 440
424 432
425 937
425 489
425 441
425 429
425 427
425 426
426 938
426 490
426 442
426 430
426 428
427 939
427 491
427 443
427 431
427 428
428 940
428 492
428 444
428 432
429 941
429 493
429 445
429 431
429 430
430 942
430 494
430 446
430 432
431 943
431 495
431 447
431 432
432 944
432 496
432 448
433 945
433 497
433 441
433 437
433 435
433 434
434 946
434 498
434 442
434 438
434 436
435 947
435 499
435 443
435 439
435 436
436 948
436 500
436 444
436 440
437 949
437 501
437 445
437 439
437 438
438 950
438 502
438 446
438 440
439 951
439 503
439 447
439 440
440 952
440 504
440 448
441 953
441 505
441 445
441 443
441 442
442 954
442 506
442 446
442 444
443 955
443 507
443 447
443 444
444 956
444 508
444 448
445 957
445 509
445 447
445 446
446 958
446 510
446 448
447 959
447 511
447 448
448 960
448 512
449 961
449 481
449 465
449 457
449 453
449 451
449 450
450 962
450 482
450 466
450 458
450 454
450 452
451 963
451 483
451 467
451 459
451 455
451 452
452 964
452 484
452 468
452 460
452 456
453 965
453 485
453 469
453 461
453 455
453 454
454 966
454 486
454 470
454 462
454 456
455 967
455 487
455 471
455 463
455 456
456 968
456 488
456 472
456 464
457 969
457 489
457 473
457 461
457 459
457 458
458 970
458 490
458 474
458 462
458 460
459 971
459 491
459 475
459 463
459 460
460 972
460 492
460 476
460 464
461 973
461 493
461 477
461 463
461 462
462 974
462 494
462 478
462 464
463 975
463 495
463 479
463 464
464 976
464 496
464 480
465 977
465 497
465 473
465 469
465 467
465 466
466 978
466 498
466 474
466 470
466 468
467 979
467 499
467 475
467 471
467 468
468 980
468 500
468 476
468 472
469 981
469 501
469 477
469 471
469 470
470 982
470 502
470 478
470 472
471 983
471 503
471 479
471 472
472 984
472 504
472 480
473 985
473 505
473 477
473 475
473 474
474 986
474 506
474 478
474 476
475 987
475 507
475 479
475 476
476 988
476 508
476 480
477 989
477 509
477 479
477 478
478 990
478 510
478 480
479 991
479 511
479 480
480 992
480 512
481 993
481 497
481 489
481 485
481 483
481 482
482 994
482 498
482 490
482 486
482 484
483 995
483 499
483 491
483 487
483 484
484 996
484 500
484 492
484 488
485 997
485 501
485 493
485 487
485 486
486 998
486 502
486 494
486 488
487 999
487 503
487 495
487 488
488 1000
488 504
488 496
489 1001
489 505
489 493
489 491
489 490
490 1002
490 506
490 494
490 492
491 1003
491 507
491 495
491 492
492 1004
492 508
492 496
493 1005
493 509
493 495
493 494
494 1006
494 510
494 496
495 1007
495 511
495 496
496 1008
496 512
497 1009
497 505
497 501
497 499
497 498
498 1010
498 506
498 502
498 500
499 1011
499 507
499 503
499 500
500 1012
500 508
500 504
501 1013
501 509
501 503
501 502
502 1014
502 510
502 504
503 1015
503 511
503 504
504 1016
504 512
505 1017
505 509
505 507
505 506
506 1018
506 510
506 508
507 1019
507 511
507 508
508 1020
508 512
509 1021
509 511
509 510
510 1022
510 512
511 1023
511 512
512 1024
513 769
513 641
513 577
513 545
513 529
513 521
513 517
513 515
513 514
514 770
514 642
514 578
514 546
514 530
514 522
514 518
514 516
515 771
515 643
515 579
515 547
515 531
515 523
515 519
515 516
516 772
516 644
516 580
516 548
516 532
516 524
516 520
517 773
517 645
517 581
517 549
517 533
517 525
517 519
517 518
518 774
518 646
518 582
518 550
518 534
518 526
518 520
519 775
519 647
519 583
519 551
519 535
519 527
519 520
520 776
520 648
520 584
520 552
520 536
520 528
521 777
521 649
521 585
521 553
521 537
521 525
521 523
521 522
522 778
522 650
522 586
522 554
522 538
522 526
522 524
523 779
523 651
523 587
523 555
523 539
523 527
523 524
524 780
524 652
524 588
524 556
524 540
524 528
525 781
525 653
525 589
525 557
525 541
525 527
525 526
526 782
526 654
526 590
526 558
526 542
526 528
527 783
527 655
527 591
527 559
527 543
527 528
528 784
528 656
528 592
528 560
528 544
529 785
529 657
529 593
529 561
529 537
529 533
529 531
529 530
530 786
530 658
530 594
530 562
530 538
530 534
530 532
531 787
531 659
531 595
531 563
531 539
531 535
531 532
532 788
532 660
532 596
532 564
532 540
532 536
533 789
533 661
533 597
533 565
533 541
533 535
533 534
534 790
534 662
534 598
534 566
534 542
534 536
535 791
535 663
535 599
535 567
535 543
535 536
536 792
536 664
536 600
536 568
536 544
537 793
537 665
537 601
537 569
537 541
537 539
537 538
538 794
538 666
538 602
538 570
538 542
538 540
539 795
539 667
539 603
539 571
539 543
539 540
540 796
540 668
540 604
540 572
540 544
541 797
541 669
541 605
541 573
541 543
541 542
542 798
542 670
542 606
542 574
542 544
543 799
543 671
543 607
543 575
543 544
544 800
544 672
544 608
544 576
545 801
545 673
545 609
545 561
545 553
545 549
545 547
545 546
546 802
546 674
546 610
546 562
546 554
546 550
546 548
547 803
547 675
547 611
547 563
547 555
547 551
547 548
548 804
548 676
548 612
548 564
548 556
548 552
549 805
549 677
549 613
549 565
549 557
549 551
549 550
550 806
550 678
550 614
550 566
550 558
550 552
551 807
551 679
551 615
551 567
551 559
551 552
552 808
552 680
552 616
552 568
552 560
553 809
553 681
553 617
553 569
553 557
553 555
553 554
554 810
554 682
554 618
554 570
554 558
554 556
555 811
555 683
555 619
555 571
555 559
555 556
556 812
556 684
556 620
556 572
556 560
557 813
557 685
557 621
557 573
557 559
557 558
558 814
558 686
558 622
558 574
558 560
559 815
559 687
559 623
559 575
559 560
560 816
560 688
560 624
560 576
561 817
561 689
561 625
561 569
561 565
561 563
561 562
562 818
562 690
562 626
562 570
562 566
562 564
563 819
563 691
563 627
563 571
563 567
563 564
564 820
564 692
564 628
564 572
564 568
565 821
565 693
565 629
565 573
565 567
565 566
566 822
566 694
566 630
566 574
566 568
567 823
567 695
567 631
567 575
567 568
568 824
568 696
568 632
568 576
569 825
569 697
569 633
569 573
569 571
569 570
570 826
570 698
570 634
570 574
570 572
571 827
571 699
571 635
571 575
571 572
572 828
572 700
572 636
572 576
573 829
573 701
573 637
573 575
573 574
574 830
574 702
574 638
574 576
575 831
575 703
575 639
575 576
576 832
576 704
576 640
577 833
577 705
577 609
577 593
577 585
577 581
577 579
577 578
578 834
578 706
578 610
578 594
578 586
578 582
578 580
579 835
579 707
579 611
579 595
579 587
579 583
579 580
580 836
580 708
580 612
580 596
580 588
580 584
581 837
581 709
581 613
581 597
581 589
581 583
581 582
582 838
582 710
582 614
582 598
582 590
582 584
583 839
583 711
583 615
583 599
583 591
583 584
584 840
584 712
584 616
584 600
584 592
585 841
585 713
585 617
585 601
585 589
585 587
585 586
586 842
586 714
586 618
586 602
586 590
586 588
587 843
587 715
587 619
587 603
587 591
587 588
588 844
588 716
588 620
588 604
588 592
589 845
589 717
589 621
589 605
589 591
589 590
590 846
590 718
590 622
590 606
590 592
591 847
591 719
591 623
591 607
591 592
592 848
592 720
592 624
592 608
593 849
593 721
593 625
593 601
593 597
593 595
593 594
594 850
594 722
594 626
594 602
594 598
594 596
595 851
595 723
595 627
595 603
595 599
595 596
596 852
596 724
596 628
596 604
596 600
597 853
597 725
597 629
597 605
597 599
597 598
598 854
598 726
598 630
598 606
598 600
599 855
599 727
599 631
599 607
599 600
600 856
600 728
600 632
600 608
601 857
601 729
601 633
601 605
601 603
601 602
602 858
602 730
602 634
602 606
602 604
603 859
603 731
603 635
603 607
603 604
604 860
604 732
604 636
604 608
605 861
605 733
605 637
605 607
605 606
606 862
606 734
606 638
606 608
607 863
607 735
607 639
607 608
608 864
608 736
608 640
609 865
609 737
609 625
609 617
609 613
609 611
609 610
610 866
610 738
610 626
610 618
610 614
610 612
611 867
611 739
611 627
611 619
611 615
611 612
612 868
612 740
612 628
612 620
612 616
613 869
613 741
613 629
613 621
613 615
613 614
614 870
614 742
614 630
614 622
614 616
615 871
615 743
615 631
615 623
615 616
616 872
616 744
616 632
616 624
617 873
617 745
617 633
617 621
617 619
617 618
618 874
618 746
618 634
618 622
618 620
619 875
619 747
619 635
619 623
619 620
620 876
620 748
620 636
620 624
621 877
621 749
621 637
621 623
621 622
622 878
622 750
622 638
622 624
623 879
623 751
623 639
623 624
624 880
624 752
624 640
625 881
625 753
625 633
625 629
625 627
625 626
626 882
626 754
626 634
626 630
626 628
627 883
627 755
627 635
627 631
627 628
628 884
628 756
628 636
628 632
629 885
629 757
629 637
629 631
629 630
630 886
630 758
630 638
630 632
631 887
631 759
631 639
631 632
632 888
632 760
632 640
633 889
633 761
633 637
633 635
633 634
634 890
634 762
634 638
634 636
635 891
635 763
635 639
635 636
636 892
636 764
636 640
637 893
637 765
637 639
637 638
638 894
638 766
638 640
639 895
639 767
639 640
640 896
640 768
641 897
641 705
641 673
641 657
641 649
641 645
641 643
641 642
642 898
642 706
642 674
642 658
642 650
642 646
642 644
643 899
643 707
643 675
643 659
643 651
643 647
643 644
644 900
644 708
644 676
644 660
644 652
644 648
645 901
645 709
645 677
645 661
645 653
645 647
645 646
646 902
646 710
646 678
646 662
646 654
646 648
647 903
647 711
647 679
647 663
647 655
647 648
648 904
648 712
648 680
648 664
648 656
649 905
649 713
649 681
649 665
649 653
649 651
649 650
650 906
650 714
650 682
650 666
650 654
650 652
651 907
651 715
651 683
651 667
651 655
651 652
652 908
652 716
652 684
652 668
652 656
653 909
653 717
653 685
653 669
653 655
653 654
654 910
654 718
654 686
654 670
654 656
655 911
655 719
655 687
655 671
655 656
656 912
656 720
656 688
656 672
657 913
657 721
657 689
657 665
657 661
657 659
657 658
658 914
658 722
658 690
658 666
658 662
658 660
659 915
659 723
659 691
659 667
659 663
659 660
660 916
660 724
660 692
660 668
660 664
661 917
661 725
661 693
661 669
661 663
661 662
662 918
662 726
662 694
662 670
662 664
663 919
663 727
663 695
663 671
663 664
664 920
664 728
664 696
664 672
665 921
665 729
665 697
665 669
665 667
665 666
666 922
666 730
666 698
666 670
666 668
667 923
667 731
667 699
667 671
667 668
668 924
668 732
668 700
668 672
669 925
669 733
669 701
669 671
669 670
670 926
670 734
670 702
670 672
671 927
671 735
671 703
671 672
672 928
672 736
672 704
673 929
673 737
673 689
673 681
673 677
673 675
673 674
674 930
674 738
674 690
674 682
674 678
674 676
675 931
675 739
675 691
675 683
675 679
675 676
676 932
676 740
676 692
676 684
676 680
677 933
677 741
677 693
677 685
677 679
677 678
678 934
678 742
678 694
678 686
678 680
679 935
679 743
679 695
679 687
679 680
680 936
680 744
680 696
680 688
681 937
681 745
681 697
681 685
681 683
681 682
682 938
682 746
682 698
682 686
682 684
683 939
683 747
683 699
683 687
683 684
684 940
684 748
684 700
684 688
685 941
685 749
685 701
685 687
685 686
686 942
686 750
686 702
686 688
687 943
687 751
687 703
687 688
688 944
688 752
688 704
689 945
689 753
689 697
689 693
689 691
689 690
690 946
690 754
690 698
690 694
690 692
691 947
691 755
691 699
691 695
691 692
692 948
692 756
692 700
692 696
693 949
693 757
693 701
693 695
693 694
694 950
694 758
694 702
694 696
695 951
695 759
695 703
695 696
696 952
696 760
696 704
697 953
697 761
697 701
697 699
697 698
698 954
698 762
698 702
698 700
699 955
699 763
699 703
699 700
700 956
700 764
700 704
701 957
701 765
701 703
701 702
702 958
702 766
702 704
703 959
703 767
703 704
704 960
704 768
705 961
705 737
705 721
705 713
705 709
705 707
705 706
706 962
706 738
706 722
706 714
706 710
706 708
707 963
707 739
707 723
707 715
707 711
707 708
708 964
708 740
708 724
708 716
708 712
709 965
709 741
709 725
709 717
709 711
709 710
710 966
710 742
710 726
710 718
710 712
711 967
711 743
711 727
711 719
711 712
712 968
712 744
712 728
712 720
713 969
713 745
713 729
713 717
713 715
713 714
714 970
714 746
714 730
714 718
714 716
715 971
715 747
715 731
715 719
715 716
716 972
716 748
716 732
716 720
717 973
717 749
717 733
717 719
717 718
718 974
718 750
718 734
718 720
719 975
719 751
719 735
719 720
720 976
720 752
720 736
721 977
721 753
721 729
721 725
721 723
721 722
722 978
722 754
722 730
722 726
722 724
723 979
723 755
723 731
723 727
723 724
724 980
724 756
724 732
724 728
725 981
725 757
725 733
725 727
725 726
726 982
726 758
726 734
726 728
727 983
727 759
727 735
727 728
728 984
728 760
728 736
729 985
729 761
729 733
729 731
729 730
730 986
730 762
730 734
730 732
731 987
731 763
731 735
731 732
732 988
732 764
732 736
733 989
733 765
733 735
733 734
734 990
734 766
734 736
735 991
735 767
735 736
736 992
736 768
737 993
737 753
737 745
737 741
737 739
737 738
738 994
738 754
738 746
738 742
738 740
739 995
739 755
739 747
739 743
739 740
740 996
740 756
740 748
740 744
741 997
741 757
741 749
741 743
741 742
742 998
742 758
742 750
742 744
743 999
743 759
743 751
743 744
744 1000
744 760
744 752
745 1001
745 761
745 749
745 747
745 746
746 1002
746 762
746 750
746 748
747 1003
747 763
747 751
747 748
748 1004
748 764
748 752
749 1005
749 765
749 751
749 750
750 1006
750 766
750 752
751 1007
751 767
751 752
752 1008
752 768
753 1009
753 761
753 757
753 755
753 754
754 1010
754 762
754 758
754 756
755 1011
755 763
755 759
755 756
756 1012
756 764
756 760
757 1013
757 765
757 759
757 758
758 1014
758 766
758 760
759 1015
759 767
759 760
760 1016
760 768
761 1017
761 765
761 763
761 762
762 1018
762 766
762 764
763 1019
763 767
763 764
764 1020
764 768
765 1021
765 767
765 766
766 1022
766 768
767 1023
767 768
768 1024
769 897
769 833
769 801
769 785
769 777
769 773
769 771
769 770
770 898
770 834
770 802
770 786
770 778
770 774
770 772
771 899
771 835
771 803
771 787
771 779
771 775
771 772
772 900
772 836
772 804
772 788
772 780
772 776
773 901
773 837
773 805
773 789
773 781
773 775
773 774
774 902
774 838
774 806
774 790
774 782
774 776
775 903
775 839
775 807
775 791
775 783
775 776
776 904
776 840
776 808
776 792
776 784
777 905
777 841
777 809
777 793
777 781
777 779
777 778
778 906
778 842
778 810
778 794
778 782
778 780
779 907
779 843
779 811
779 795
779 783
779 780
780 908
780 844
780 812
780 796
780 784
781 909
781 845
781 813
781 797
781 783
781 782
782 910
782 846
782 814
782 798
782 784
783 911
783 847
783 815
783 799
783 784
784 912
784 848
784 816
784 800
785 913
785 849
785 817
785 793
785 789
785 787
785 786
786 914
786 850
786 818
786 794
786 790
786 788
787 915
787 851
787 819
787 795
787 791
787 788
788 916
788 852
788 820
788 796
788 792
789 917
789 853
789 821
789 797
789 791
789 790
790 918
790 854
790 822
790 798
790 792
791 919
791 855
791 823
791 799
791 792
792 920
792 856
792 824
792 800
793 921
793 857
793 825
793 797
793 795
793 794
794 922
794 858
794 826
794 798
794 796
795 923
795 859
795 827
795 799
795 796
796 924
796 860
796 828
796 800
797 925
797 861
797 829
797 799
797 798
798 926
798 862
798 830
798 800
799 927
799 863
799 831
799 800
800 928
800 864
800 832
801 929
801 865
801 817
801 809
801 805
801 803
801 802
802 930
802 866
802 818
802 810
802 806
802 804
803 931
803 867
803 819
803 811
803 807
803 804
804 932
804 868
804 820
804 812
804 808
805 933
805 869
805 821
805 813
805 807
805 806
806 934
806 870
806 822
806 814
806 808
807 935
807 871
807 823
807 815
807 808
808 936
808 872
808 824
808 816
809 937
809 873
809 825
809 813
809 811
809 810
810 938
810 874
810 826
810 814
810 812
811 939
811 875
811 827
811 815
811 812
812 940
812 876
812 828
812 816
813 941
813 877
813 829
813 815
813 814
814 942
814 878
814 830
814 816
815 943
815 879
815 831
815 816
816 944
816 880
816 832
817 945
817 881
817 825
817 821
817 819
817 818
818 946
818 882
818 826
818 822
818 820
819 947
819 883
819 827
819 823
819 820
820 948
820 884
820 828
820 824
821 949
821 885
821 829
821 823
821 822
822 950
822 886
822 830
822 824
823 951
823 887
823 831
823 824
824 952
824 888
824 832
825 953
825 889
825 829
825 827
825 826
826 954
826 890
826 830
826 828
827 955
827 891
827 831
827 828
828 956
828 892
828 832
829 957
829 893
829 831
829 830
830 958
830 894
830 832
831 959
831 895
831 832
832 960
832 896
833 961
833 865
833 849
833 841
833 837
833 835
833 834
834 962
834 866
834 850
834 842
834 838
834 836
835 963
835 867
835 851
835 843
835 839
835 836
836 964
836 868
836 852
836 844
836 840
837 965
837 869
837 853
837 845
837 839
837 838
838 966
838 870
838 854
838 846
838 840
839 967
839 871
839 855
839 847
839 840
840 968
840 872
840 856
840 848
841 969
841 873
841 857
841 845
841 843
841 842
842 970
842 874
842 858
842 846
842 844
843 971
843 875
843 859
843 847
843 844
844 972
844 876
844 860
844 848
845 973
845 877
845 861
845 847
845 846
846 974
846 878
846 862
846 848
847 975
847 879
847 863
847 848
848 976
848 880
848 864
849 977
849 881
849 857
849 853
849 851
849 850
850 978
850 882
850 858
850 854
850 852
851 979
851 883
851 859
851 855
851 852
852 980
852 884
852 860
852 856
853 981
853 885
853 861
853 855
853 854
854 982
854 886
854 862
854 856
855 983
855 887
855 863
855 856
856 984
856 888
856 864
857 985
857 889
857 861
857 859
857 858
858 986
858 890
858 862
858 860
859 987
859 891
859 863
859 860
860 988
860 892
860 864
861 989
861 893
861 863
861 862
862 990
862 894
862 864
863 991
863 895
863 864
864 992
864 896
865 993
865 881
865 873
865 869
865 867
865 866
866 994
866 882
866 874
866 870
866 868
867 995
867 883
867 875
867 871
867 868
868 996
868 884
868 876
868 872
869 997
869 885
869 877
869 871
869 870
870 998
870 886
870 878
870 872
871 999
871 887
871 879
871 872
872 1000
872 888
872 880
873 1001
873 889
873 877
873 875
873 874
874 1002
874 890
874 878
874 876
875 1003
875 891
875 879
875 876
876 1004
876 892
876 880
877 1005
877 893
877 879
877 878
878 1006
878 894
878 880
879 1007
879 895
879 880
880 1008
880 896
881 1009
881 889
881 885
881 883
881 882
882 1010
882 890
882 886
882 884
883 1011
883 891
883 887
883 884
884 1012
884 892
884 888
885 1013
885 893
885 887
885 886
886 1014
886 894
886 888
887 1015
887 895
887 888
888 1016
888 896
889 1017
889 893
889 891
889 890
890 1018
890 894
890 892
891 1019
891 895
891 892
892 1020
892 896
893 1021
893 895
893 894
894 1022
894 896
895 1023
895 896
896 1024
897 961
897 929
897 913
897 905
897 901
897 899
897 898
898 962
898 930
898 914
898 906
898 902
898 900
899 963
899 931
899 915
899 907
899 903
899 900
900 964
900 932
900 916
900 908
900 904
901 965
901 933
901 917
901 909
901 903
901 902
902 966
902 934
902 918
902 910
902 904
903 967
903 935
903 919
903 911
903 904
904 968
904 936
904 920
904 912
905 969
905 937
905 921
905 909
905 907
905 906
906 970
906 938
906 922
906 910
906 908
907 971
907 939
907 923
907 911
907 908
908 972
908 940
908 924
908 912
909 973
909 941
909 925
909 911
909 910
910 974
910 942
910 926
910 912
911 975
911 943
911 927
911 912
912 976
912 944
912 928
913 977
913 945
913 921
913 917
913 915
913 914
914 978
914 946
914 922
914 918
914 916
915 979
915 947
915 923
915 919
915 916
916 980
916 948
916 924
916 920
917 981
917 949
917 925
917 919
917 918
918 982
918 950
918 926
918 920
919 983
919 951
919 927
919 920
920 984
920 952
920 928
921 985
921 953
921 925
921 923
921 922
922 986
922 954
922 926
922 924
923 987
923 955
923 927
923 924
924 988
924 956
924 928
925 989
925 957
925 927
925 926
926 990
926 958
926 928
927 991
927 959
927 928
928 992
928 960
929 993
929 945
929 937
929 933
929 931
929 930
930 994
930 946
930 938
930 934
930 932
931 995
931 947
931 939
931 935
931 932
932 996
932 948
932 940
932 936
933 997
933 949
933 941
933 935
933 934
934 998
934 950
934 942
934 936
935 999
935 951
935 943
935 936
936 1000
936 952
936 944
937 1001
937 953
937 941
937 939
937 938
938 1002
938 954
938 942
938 940
939 1003
939 955
939 943
939 940
940 1004
940 956
940 944
941 1005
941 957
941 943
941 942
942 1006
942 958
942 944
943 1007
943 959
943 944
944 1008
944 960
945 1009
945 953
945 949
945 947
945 946
946 1010
946 954
946 950
946 948
947 1011
947 955
947 951
947 948
948 1012
948 956
948 952
949 1013
949 957
949 951
949 950
950 1014
950 958
950 952
951 1015
951 959
951 952
952 1016
952 960
953 1017
953 957
953 955
953 954
954 1018
954 958
954 956
955 1019
955 959
955 956
956 1020
956 960
957 1021
957 959
957 958
958 1022
958 960
959 1023
959 960
960 1024
961 993
961 977
961 969
961 965
961 963
961 962
962 994
962 978
962 970
962 966
962 964
963 995
963 979
963 971
963 967
963 964
964 996
964 980
964 972
964 968
965 997
965 981
965 973
965 967
965 966
966 998
966 982
966 974
966 968
967 999
967 983
967 975
967 968
968 1000
968 984
968 976
969 1001
969 985
969 973
969 971
969 970
970 1002
970 986
970 974
970 972
971 1003
971 987
971 975
971 972
972 1004
972 988
972 976
973 1005
973 989
973 975
973 974
974 1006
974 990
974 976
975 1007
975 991
975 976
976 1008
976 992
977 1009
977 985
977 981
977 979
977 978
978 1010
978 986
978 982
978 980
979 1011
979 987
979 983
979 980
980 1012
980 988
980 984
981 1013
981 989
981 983
981 982
982 1014
982 990
982 984
983 1015
983 991
983 984
984 1016
984 992
985 1017
985 989
985 987
985 986
986 1018
986 990
986 988
987 1019
987 991
987 988
988 1020
988 992
989 1021
989 991
989 990
990 1022
990 992
991 1023
991 992
992 1024
993 1009
993 1001
993 997
993 995
993 994
994 1010
994 1002
994 998
994 996
995 1011
995 1003
995 999
995 996
996 1012
996 1004
996 1000
997 1013
997 1005
997 999
997 998
998 1014
998 1006
998 1000
999 1015
999 1007
999 1000
1000 1016
1000 1008
1001 1017
1001 1005
1001 1003
1001 1002
1002 1018
1002 1006
1002 1004
1003 1019
1003 1007
1003 1004
1004 1020
1004 1008
1005 1021
1005 1007
1005 1006
1006 1022
1006 1008
1007 1023
1007 1008
1008 1024
1009 1017
1009 1013
1009 1011
1009 1010
1010 1018
1010 1014
1010 1012
1011 1019
1011 1015
1011 1012
1012 1020
1012 1016
1013 1021
1013 1015
1013 1014
1014 1022
1014 1016
1015 1023
1015 1016
1016 1024
1017 1021
1017 1019
1017 1018
1018 1022
1018 1020
1019 1023
1019 1020
1020 1024
1021 1023
1021 1022
1022 1024
1023 1024
1
