1000 1 2000
1 2
1 3
1 999
2 3
2 4
3 4
3 262
999 997
999 1000
4 371
4 413
4 6
262 260
262 261
262 386
262 263
371 369
371 370
371 373
371 839
413 411
413 412
413 414
413 415
6 5
6 7
6 8
5 931
931 929
931 930
931 932
931 933
7 177
7 8
8 9
8 10
177 175
177 176
177 996
177 178
177 981
9 10
9 818
9 116
10 890
10 11
10 12
818 816
818 817
818 819
116 71
116 114
116 115
116 711
116 117
116 118
890 888
890 891
11 603
11 13
12 13
12 14
603 47
603 601
603 602
603 801
603 604
603 605
13 14
13 15
14 15
14 786
14 219
15 17
15 575
786 781
786 784
786 785
786 787
786 788
219 218
219 220
17 18
17 19
575 573
575 574
575 577
575 576
16 18
16 365
16 254
16 135
18 788
18 20
365 363
365 364
365 367
254 252
254 253
254 483
254 910
135 133
135 421
135 137
135 846
19 20
19 21
788 787
788 789
788 790
20 21
20 22
21 409
21 22
21 23
22 23
22 24
409 407
409 408
409 410
23 25
23 24
24 25
24 258
25 27
25 144
258 257
258 259
258 260
27 26
27 727
27 28
27 767
144 142
144 143
144 146
144 510
26 28
28 29
28 30
28 226
727 350
767 162
767 765
767 766
767 768
29 30
29 31
29 720
30 837
30 31
30 32
226 225
226 227
31 687
31 826
31 32
720 718
720 719
720 721
837 835
837 836
837 839
32 33
32 34
32 679
687 407
687 685
687 686
687 719
687 688
826 606
826 824
826 825
826 827
33 34
33 35
33 547
34 35
34 36
34 523
34 143
679 677
679 678
679 680
35 36
35 37
547 546
547 728
547 549
36 37
36 38
523 521
523 522
523 805
523 524
143 141
143 142
37 410
37 38
37 39
38 39
38 40
410 408
410 599
410 412
39 41
39 40
40 291
40 42
40 205
40 401
41 42
41 526
41 255
291 94
291 290
291 293
42 743
42 43
42 747
205 204
205 206
401 153
401 399
401 400
401 402
526 524
526 525
526 985
255 253
255 257
255 939
743 339
743 741
743 742
743 744
743 745
43 44
43 896
747 745
747 746
747 749
44 46
44 146
44 183
896 206
896 894
896 895
896 897
896 898
46 105
46 47
146 145
146 269
146 147
146 381
183 181
183 182
183 184
45 510
45 47
510 508
510 509
510 511
510 512
47 49
105 103
105 104
105 106
105 107
49 48
49 50
49 51
48 50
48 252
50 51
50 52
50 830
252 250
252 251
51 392
51 79
51 52
51 53
52 53
52 54
830 828
830 829
830 832
392 196
392 390
392 391
392 393
392 814
79 78
79 81
79 605
53 683
53 55
54 673
54 56
683 681
683 682
683 684
683 685
55 57
55 56
673 671
673 672
673 674
673 675
56 268
56 423
56 780
57 58
57 59
268 266
268 269
268 270
423 422
423 425
423 424
780 778
780 779
780 996
58 59
58 60
59 60
59 61
60 61
60 62
61 469
61 63
62 929
62 63
469 378
469 467
469 470
469 471
63 65
63 64
929 927
929 928
929 930
65 64
65 66
65 67
64 348
64 503
348 346
348 347
348 711
503 501
503 502
503 505
503 504
66 67
66 68
67 68
67 69
68 69
68 70
69 70
69 71
70 356
70 71
70 72
71 72
356 354
356 355
356 595
356 357
72 73
72 74
72 705
73 582
73 589
74 75
74 310
705 707
582 583
582 584
589 587
589 588
589 590
589 591
75 76
75 77
310 308
310 311
310 312
76 77
76 78
77 777
77 78
78 80
777 775
777 778
777 779
80 81
80 82
80 217
81 711
81 82
81 83
81 181
605 604
605 607
82 761
82 160
82 928
217 215
217 216
217 887
217 218
711 710
83 986
83 85
181 840
761 760
761 763
761 962
160 158
160 159
160 161
160 162
160 581
928 926
928 927
928 930
986 774
986 985
986 987
986 988
85 84
85 86
85 87
84 775
775 118
775 774
775 776
86 87
86 88
87 89
87 88
88 89
88 90
89 90
89 267
89 340
90 91
90 92
267 265
267 266
267 921
340 338
340 339
340 421
340 376
91 92
91 93
92 93
92 94
92 534
93 722
93 94
93 95
94 95
94 96
534 532
534 533
534 535
722 559
722 721
722 976
722 723
95 418
95 495
96 97
96 98
418 139
418 416
418 417
418 419
418 420
495 494
495 497
495 496
97 98
97 99
98 866
98 99
99 100
99 101
866 865
866 867
866 868
100 101
100 102
100 536
101 102
101 103
102 897
102 103
102 104
536 535
536 537
103 104
897 895
897 899
104 106
106 107
106 108
106 212
107 108
107 109
107 846
108 109
108 110
212 210
212 214
109 110
109 111
846 159
846 726
846 844
846 845
846 847
110 111
110 112
111 113
111 112
112 114
112 695
113 114
113 115
113 755
114 312
114 115
695 693
695 694
695 975
695 696
695 697
115 117
755 668
755 754
755 757
312 256
312 311
312 314
117 118
117 119
118 119
119 121
119 799
119 120
121 120
121 122
121 123
799 797
799 798
799 800
120 122
120 596
122 442
122 123
122 638
596 228
596 594
596 595
123 124
123 125
442 415
442 440
442 441
442 923
442 444
638 636
638 637
638 639
124 125
124 126
125 126
125 127
126 692
126 127
127 995
127 128
692 691
692 693
692 694
995 198
995 432
995 994
128 129
128 130
129 130
129 131
130 131
130 132
131 625
131 192
132 133
132 134
625 623
625 624
625 626
625 627
192 190
192 191
192 193
192 194
192 945
133 134
134 685
134 136
685 141
685 684
136 137
136 209
136 542
421 419
421 420
421 422
137 138
137 139
209 207
209 208
209 708
209 457
209 210
542 293
542 540
542 541
542 543
138 139
138 140
138 200
139 325
139 520
140 141
140 142
200 198
200 202
200 949
325 323
325 326
325 327
520 518
520 519
520 521
141 142
145 147
145 597
147 148
147 149
597 598
269 270
269 271
269 861
381 379
381 908
381 758
148 149
148 150
149 417
149 150
149 151
150 151
150 152
417 300
417 416
151 153
151 152
152 153
152 154
153 154
153 541
154 193
154 156
541 405
541 539
541 540
193 191
193 194
193 195
193 297
193 889
156 155
156 157
156 158
155 166
166 164
166 549
166 754
157 877
157 730
157 158
157 159
158 773
158 159
877 875
877 876
877 965
877 878
730 732
159 974
159 466
773 353
773 619
773 771
773 772
974 972
974 973
974 975
466 465
466 517
161 577
161 163
162 163
162 402
162 887
581 580
581 583
577 576
577 578
577 579
163 164
163 165
402 400
402 403
887 753
887 885
887 886
164 165
165 698
165 167
698 286
698 696
698 697
698 700
698 701
167 169
167 168
549 548
549 550
549 551
754 752
754 753
754 756
169 170
169 661
169 253
168 170
168 522
168 891
170 171
170 172
170 294
522 521
522 524
891 889
891 892
661 659
661 660
661 663
171 172
171 173
172 174
172 921
172 796
172 765
294 293
294 967
294 663
173 174
173 175
174 175
174 176
174 690
174 852
921 919
921 920
921 922
796 794
796 795
796 798
765 763
765 764
765 857
765 766
175 176
176 178
176 498
690 336
690 688
690 689
852 764
852 854
178 179
178 180
498 496
498 497
498 500
996 686
996 994
996 997
981 979
981 983
179 276
179 180
180 565
180 984
276 274
276 277
276 278
565 563
565 564
565 566
565 567
984 281
984 529
984 983
984 985
984 988
840 838
840 839
840 841
182 811
182 464
182 499
811 809
811 810
811 812
464 463
464 465
499 224
499 497
499 501
499 854
184 186
184 412
186 185
186 187
186 188
412 411
412 414
185 849
185 187
185 487
849 847
849 848
849 942
187 188
187 345
487 379
487 485
487 486
487 488
188 189
188 190
345 343
345 344
345 346
345 347
189 305
189 190
189 191
190 191
305 303
305 304
305 307
305 958
194 195
194 908
945 943
945 944
945 946
195 628
195 197
297 295
297 296
297 299
889 888
908 493
908 907
908 910
628 626
628 627
628 629
628 630
197 198
197 199
196 251
196 198
251 249
251 250
198 792
199 201
199 315
792 790
792 791
792 793
792 794
201 202
201 203
315 313
315 314
315 316
315 317
202 204
202 968
949 947
949 950
203 333
203 555
203 204
204 206
968 500
968 966
968 967
968 969
968 970
333 331
333 332
333 631
333 335
555 553
555 554
555 556
555 557
206 208
208 207
208 210
207 388
388 387
388 390
210 211
708 706
708 707
708 709
708 710
457 455
457 456
457 459
211 213
211 861
213 214
213 215
861 859
861 860
861 862
214 215
214 216
215 216
216 218
218 441
218 220
441 439
441 823
441 776
220 221
220 222
220 783
221 222
221 223
222 223
222 224
783 782
783 784
223 807
223 671
223 224
224 225
224 955
807 558
807 806
807 809
671 669
671 672
225 227
955 953
955 954
955 991
227 228
227 229
228 229
228 230
229 230
229 959
230 514
230 231
230 957
959 961
959 960
514 513
514 515
514 516
231 233
231 517
231 232
957 717
957 956
957 958
233 232
233 234
233 235
233 328
517 309
517 515
517 516
517 518
232 234
234 235
234 384
235 236
235 237
235 982
328 327
328 330
384 383
384 385
384 386
236 238
236 527
237 238
237 239
237 880
982 805
982 983
238 239
238 240
527 525
527 529
527 528
239 241
239 240
880 878
880 879
880 882
240 241
240 242
241 242
241 243
242 243
242 244
243 244
243 246
244 245
244 246
246 245
246 247
246 248
246 926
245 247
247 249
247 655
247 248
248 249
248 250
926 924
249 250
655 653
655 654
655 657
250 342
342 323
342 341
342 586
483 481
483 482
483 484
483 952
910 909
910 912
257 256
257 259
939 937
939 940
939 941
259 260
259 261
260 261
261 263
263 265
263 264
386 368
386 385
386 387
265 264
265 266
264 266
270 599
270 271
271 273
271 272
599 598
599 600
273 272
273 274
273 355
272 274
274 275
355 353
355 354
355 357
355 545
275 277
275 561
277 278
277 279
277 544
561 559
561 560
561 742
561 563
278 317
278 855
278 280
279 281
279 280
544 543
544 960
317 316
317 318
317 319
855 853
855 856
280 281
280 521
281 282
281 283
521 519
282 283
282 284
283 284
283 285
283 593
284 816
284 850
284 286
285 286
285 287
593 591
593 592
593 595
593 980
816 817
850 851
286 990
286 287
287 289
287 670
287 288
990 988
990 989
990 991
289 288
289 290
289 952
670 668
670 669
670 800
288 290
288 468
290 292
468 467
468 470
952 950
952 951
952 976
952 954
292 987
292 293
987 828
987 985
987 989
967 965
967 966
967 969
663 662
663 664
663 703
295 801
295 296
801 800
296 298
298 299
298 300
298 440
299 300
299 301
300 302
440 438
440 439
440 858
301 302
301 303
302 303
302 304
303 304
304 306
306 307
306 308
306 932
307 308
307 309
958 956
958 960
308 309
932 930
932 934
309 311
311 313
313 314
314 316
314 971
316 318
316 491
971 969
971 970
971 973
318 717
318 319
491 490
491 493
319 321
319 320
717 607
717 715
717 716
321 320
321 322
321 323
320 322
322 323
322 573
322 863
323 324
573 571
573 572
573 574
863 862
863 993
324 860
324 326
860 859
860 862
326 956
326 592
327 691
956 644
592 590
592 591
592 594
691 693
330 329
330 331
330 632
329 331
331 676
632 493
632 630
632 633
632 634
676 552
676 674
676 675
676 677
332 334
334 335
334 336
631 629
631 633
335 337
335 336
336 817
336 337
336 338
336 382
337 338
337 339
817 815
338 339
382 383
376 374
376 375
376 378
376 507
341 343
343 344
586 584
586 585
586 588
344 998
344 821
344 346
998 997
998 1000
821 820
821 823
346 347
347 349
349 350
349 351
350 906
350 472
350 540
350 352
351 353
351 352
906 904
906 905
906 907
472 470
472 471
472 473
540 538
540 539
352 353
352 354
353 354
357 358
357 359
545 543
545 546
595 594
358 444
358 359
359 361
359 914
359 360
444 443
444 445
444 446
361 360
361 362
361 363
914 912
914 913
914 915
360 640
640 639
640 641
640 642
362 363
362 364
363 364
364 612
364 366
612 610
612 611
612 613
366 367
366 368
367 369
367 368
368 369
368 370
369 370
370 372
370 659
372 385
372 373
372 374
659 657
659 658
373 374
373 375
839 838
385 383
374 375
375 848
848 615
848 847
848 992
378 377
378 749
507 505
507 506
507 508
507 509
377 379
749 748
749 909
749 750
380 819
380 439
819 791
819 820
439 437
439 438
758 756
758 757
758 759
758 760
387 389
389 390
389 391
390 391
391 393
391 993
393 394
393 395
993 704
993 766
993 991
814 696
814 812
814 813
814 815
394 396
394 822
395 396
395 397
396 397
396 398
822 820
822 823
822 824
397 649
397 399
398 399
398 400
649 647
649 648
649 650
649 651
399 400
400 873
873 569
873 871
873 872
873 874
403 652
403 405
652 488
652 650
652 651
652 876
405 404
405 406
404 406
406 407
406 408
414 992
414 415
414 416
415 416
992 989
992 991
419 420
419 600
420 422
600 529
600 598
422 980
422 424
980 531
980 682
980 978
980 979
424 425
424 426
425 426
425 427
426 427
426 428
427 428
427 429
428 429
428 430
429 430
429 431
430 431
430 432
431 433
431 620
431 432
432 433
432 434
433 434
433 435
620 618
620 621
434 435
434 436
435 851
435 436
435 437
436 764
436 438
851 551
851 570
851 853
437 530
764 762
764 763
530 509
530 528
530 531
530 532
858 856
858 857
858 865
858 859
823 825
776 778
923 922
923 924
923 925
443 445
445 446
445 447
446 447
446 448
447 449
447 448
448 449
448 450
449 969
449 451
450 451
450 452
969 970
451 452
451 833
452 453
452 454
833 831
833 832
833 834
833 835
453 454
453 455
454 455
454 456
455 759
456 458
759 757
759 760
759 922
458 954
458 459
458 460
459 460
459 461
954 953
460 461
460 462
461 462
461 463
462 938
462 463
463 465
463 854
938 813
938 936
938 937
938 946
465 467
854 853
854 856
470 471
471 473
473 474
473 475
474 475
474 476
475 476
475 477
476 477
476 478
477 478
477 479
478 479
478 480
479 481
479 480
480 481
480 482
481 482
482 484
482 925
484 485
484 486
925 924
925 927
485 486
486 488
488 489
488 490
489 546
489 490
489 725
490 869
546 548
725 723
725 724
725 802
725 726
869 867
869 868
869 870
869 871
493 492
492 494
494 496
496 778
778 779
500 583
500 502
501 502
583 741
583 584
502 504
504 505
504 506
505 506
506 753
506 508
753 751
753 752
508 509
511 513
511 512
512 513
512 934
513 515
934 618
934 933
934 936
515 516
516 518
516 738
518 519
738 736
738 737
738 739
524 525
805 804
805 884
529 784
529 886
528 872
872 870
872 871
872 874
784 782
784 785
886 884
886 885
531 532
532 533
533 535
535 537
537 538
537 539
538 763
763 762
543 630
630 629
960 961
960 962
548 550
728 729
550 551
550 552
551 702
552 553
552 554
702 700
702 701
702 703
702 704
553 726
554 556
726 724
726 895
556 557
556 558
557 558
557 559
558 559
560 562
562 563
562 564
742 740
742 744
563 564
564 566
566 567
566 568
567 672
567 568
568 569
568 570
672 674
569 570
570 572
572 571
572 574
574 576
576 578
578 579
578 580
579 580
579 752
580 756
752 750
752 751
756 757
584 585
741 739
741 740
585 587
587 588
588 590
590 591
598 721
601 602
602 604
604 881
604 606
881 879
881 882
606 607
606 608
607 609
607 608
608 609
608 610
609 610
609 611
610 611
611 613
611 894
613 614
613 615
894 892
894 893
614 615
614 616
615 617
616 617
616 618
617 618
617 619
618 636
619 963
636 634
636 635
636 637
963 781
963 961
963 964
963 965
621 622
621 623
622 623
622 624
623 624
624 626
626 627
626 815
627 629
815 813
633 634
633 635
634 635
635 637
637 639
639 641
641 642
641 643
642 643
642 644
643 644
643 645
644 645
645 646
645 647
646 693
646 647
646 648
647 648
693 689
648 650
650 651
651 653
653 716
876 874
876 875
876 878
716 714
716 718
654 656
656 657
656 658
657 843
658 660
843 841
843 842
843 844
843 845
660 662
662 664
664 665
664 666
703 701
703 704
665 666
665 667
666 667
666 668
666 983
667 668
667 669
800 798
800 802
674 675
675 677
677 678
678 680
680 681
680 682
681 682
684 997
686 688
688 689
719 718
694 696
975 973
975 976
697 699
699 700
699 701
700 701
704 706
706 707
706 1000
707 709
1000 709
709 710
709 917
710 712
917 915
917 916
917 918
917 919
712 713
712 714
713 714
713 715
714 715
715 913
715 920
715 793
913 911
913 912
920 918
920 919
793 791
793 794
793 795
976 978
723 724
802 804
895 893
729 731
729 797
731 732
731 733
797 795
797 798
732 733
732 734
733 734
733 735
734 941
734 735
734 736
735 737
735 736
941 902
941 940
941 943
736 737
737 739
739 740
744 745
744 746
745 746
746 748
748 750
750 751
909 907
909 911
757 864
864 862
864 865
760 762
922 924
962 961
962 964
766 768
768 769
768 770
769 770
769 771
770 771
770 772
771 772
772 774
772 789
789 787
789 791
779 781
785 787
790 791
791 842
842 841
794 795
804 803
804 806
803 870
870 868
870 871
806 808
884 882
884 883
808 809
808 810
809 810
810 812
812 813
824 825
825 827
827 828
827 829
827 948
828 829
829 951
948 946
948 947
948 950
951 950
951 953
832 831
832 834
834 835
834 836
835 836
836 838
844 845
845 847
942 940
942 943
942 944
856 924
867 868
874 875
878 879
965 964
882 883
883 885
892 893
898 899
898 900
899 900
899 901
900 901
900 902
901 902
901 903
902 904
903 905
903 904
904 905
905 907
911 912
915 916
916 918
918 919
933 935
935 937
935 936
936 937
946 944
946 947
943 944
991 989
964 966
970 972
972 973
978 977
978 979
977 979
1
