1000 1 3000
1 3
1 1000
1 972
1 886
1 471
1 992
3 2
3 5
3 6
3 113
3 88
1000 2
1000 122
1000 387
1000 998
1000 999
972 969
972 970
972 971
972 973
972 974
972 975
886 20
886 883
886 884
886 885
886 887
886 888
471 468
471 469
471 470
471 472
471 474
992 535
992 892
992 989
992 990
992 994
2 5
2 646
2 999
2 133
2 345
2 666
5 6
5 7
5 418
646 346
646 643
646 644
646 648
646 851
999 30
999 384
999 491
999 495
999 996
999 997
999 998
133 89
133 130
133 131
133 132
133 134
133 135
133 136
133 707
345 131
345 213
345 342
345 343
345 344
345 545
345 427
666 663
666 665
666 668
666 669
6 4
6 7
6 8
6 9
6 798
113 110
113 111
113 112
113 609
113 115
113 599
88 52
88 85
88 86
88 87
88 89
88 90
88 91
4 517
4 7
517 379
517 514
517 515
517 518
517 519
7 9
7 10
7 412
7 61
418 415
418 416
418 417
418 994
418 419
418 420
418 588
8 9
8 10
8 11
8 913
9 12
9 272
9 286
798 796
798 797
798 995
798 799
798 800
10 38
10 11
10 12
412 106
412 385
412 409
412 410
412 411
412 688
61 59
61 821
61 62
11 168
11 13
11 14
11 664
913 347
913 739
913 843
913 910
913 911
913 914
12 710
12 15
12 22
272 194
272 269
272 270
272 271
272 583
272 403
272 273
272 275
286 86
286 224
286 283
286 285
286 675
286 287
38 35
38 37
38 39
38 41
38 348
168 165
168 166
168 167
168 170
168 821
168 938
13 14
13 16
13 540
13 989
14 39
14 15
14 16
14 177
14 848
14 960
664 332
664 665
664 667
710 120
710 516
710 708
710 711
710 912
15 16
15 17
15 18
22 20
22 593
22 24
22 25
22 188
16 165
16 17
16 18
540 328
540 827
989 323
989 971
989 986
989 987
39 37
39 40
39 139
39 859
39 158
177 174
177 175
177 176
177 973
177 754
177 179
177 180
177 638
848 684
848 845
848 847
848 850
848 953
960 63
960 776
960 931
960 957
960 958
960 959
17 18
17 19
17 20
18 19
18 20
18 21
165 162
165 163
165 164
165 166
165 167
19 20
19 21
19 504
19 767
20 967
20 203
21 887
21 24
21 862
504 501
504 503
504 507
504 508
504 672
767 764
767 766
767 769
767 770
967 964
967 965
967 966
967 968
967 969
967 970
203 200
203 201
203 524
203 204
203 205
203 206
203 405
887 658
887 884
887 885
887 888
887 890
24 163
24 869
24 26
24 27
24 822
862 274
862 460
862 859
862 861
862 865
862 863
862 864
593 590
593 591
593 592
593 658
593 594
593 595
593 596
25 363
25 786
25 28
188 185
188 187
188 189
188 191
23 321
23 707
23 127
321 251
321 318
321 319
321 322
321 434
707 704
707 705
707 706
707 708
707 961
707 953
127 126
127 129
127 130
127 861
127 128
163 160
163 161
163 164
163 860
869 214
869 393
869 575
869 866
869 870
869 927
869 872
26 230
26 840
26 360
26 242
27 600
27 237
27 29
822 630
822 820
822 821
822 823
822 824
822 825
363 239
363 313
363 361
363 362
363 365
363 439
786 785
786 787
786 788
786 789
28 29
28 30
28 31
230 227
230 229
230 486
230 231
230 232
230 783
840 123
840 365
840 434
840 441
840 474
840 837
840 838
840 841
840 843
360 357
360 358
360 359
360 362
360 365
242 102
242 239
242 240
242 241
242 289
242 245
600 598
600 599
600 766
600 980
600 602
600 603
237 234
237 235
237 236
237 238
237 239
237 240
29 341
29 30
29 31
29 32
30 33
30 32
31 33
31 34
31 403
31 32
341 338
341 339
341 340
341 402
341 344
32 35
32 647
32 263
32 950
33 34
33 35
33 36
33 140
34 37
34 868
34 217
34 900
34 414
403 400
403 401
403 402
403 654
35 36
35 58
647 375
647 645
647 648
647 649
647 650
263 261
263 262
263 962
263 265
263 266
950 138
950 947
950 948
950 949
950 952
950 953
36 37
36 299
36 837
140 69
140 112
140 138
140 139
37 180
37 953
868 865
868 867
868 870
868 871
217 214
217 215
217 216
217 579
217 247
217 369
217 219
217 220
900 306
900 876
900 898
900 899
414 411
414 413
414 417
414 415
414 416
58 55
58 56
58 57
58 419
58 59
58 60
299 296
299 297
299 298
299 673
299 300
299 301
299 302
837 576
837 835
837 836
837 838
837 839
180 179
180 181
180 473
180 895
953 327
41 40
41 43
41 44
41 753
41 598
348 346
348 347
348 349
348 350
348 351
40 42
40 43
139 136
139 138
139 142
139 241
859 368
859 757
158 156
158 157
158 214
158 160
42 327
42 43
42 409
42 523
43 44
43 45
43 46
43 954
44 98
44 933
44 45
44 46
44 47
753 622
753 751
753 872
753 755
598 421
598 595
598 596
598 597
598 993
327 324
327 326
327 329
327 381
409 407
409 422
409 845
409 411
523 520
523 521
523 522
523 524
523 525
523 526
523 622
45 942
45 809
45 46
45 47
46 48
46 49
46 765
954 137
954 328
954 580
954 951
954 955
954 956
98 95
98 96
98 100
98 815
98 222
933 746
933 932
933 934
933 936
47 48
47 50
47 245
47 726
47 215
942 206
942 233
942 584
942 940
942 941
809 616
809 806
809 807
809 808
809 811
809 812
48 51
48 947
48 832
49 50
49 51
49 52
49 923
765 229
765 462
765 602
765 762
765 763
765 766
50 51
50 52
50 271
245 243
245 244
245 323
245 391
245 811
245 248
245 543
726 68
726 290
726 541
726 634
726 723
726 724
726 727
726 728
215 871
215 877
51 450
51 52
51 53
947 362
947 944
947 945
947 946
947 948
947 949
832 143
832 752
832 830
832 831
832 833
52 73
52 53
52 55
52 380
923 211
923 592
923 920
923 921
923 922
923 925
271 268
271 269
271 270
271 559
271 274
271 350
450 60
450 212
450 447
450 448
450 449
450 453
450 531
450 538
53 54
53 55
53 507
73 70
73 71
73 72
73 74
73 75
73 911
73 331
73 479
55 54
55 784
55 56
55 57
55 157
380 378
380 379
380 812
380 381
380 383
54 56
54 57
507 505
507 506
507 508
507 509
507 510
56 965
56 424
56 59
56 315
57 907
57 59
57 60
784 252
784 782
784 785
157 154
157 156
157 366
965 916
965 962
965 964
965 966
424 421
424 425
424 662
424 631
59 60
59 62
315 313
315 314
315 317
315 318
907 239
907 861
907 905
907 909
60 733
60 62
60 63
419 197
419 383
419 416
419 417
419 422
419 648
62 65
62 988
62 63
733 402
733 730
733 731
733 734
733 735
733 736
63 65
63 66
63 551
63 785
63 64
821 199
821 819
821 820
821 823
65 66
65 68
65 149
65 255
988 178
988 224
988 985
988 986
988 990
988 991
66 64
66 68
66 69
66 404
66 516
551 548
551 870
551 766
785 366
785 644
785 782
785 788
64 67
64 402
67 68
67 69
67 70
402 399
402 400
402 401
402 713
402 404
68 70
68 71
149 146
149 147
149 148
149 723
149 151
149 152
255 81
255 252
255 253
255 254
255 257
255 258
69 70
69 71
69 72
404 150
404 401
404 405
404 407
516 500
516 513
516 514
516 518
516 968
516 557
516 851
70 71
70 72
71 711
71 74
72 74
72 75
711 708
711 712
711 713
711 714
74 76
74 77
74 752
74 571
75 426
75 76
75 78
911 805
911 908
911 909
911 910
911 914
331 330
331 333
331 334
479 238
479 476
479 477
479 478
479 637
479 480
76 834
76 77
76 78
76 79
77 773
77 78
77 79
77 80
752 613
752 749
752 750
752 914
752 754
571 568
571 569
571 570
571 898
571 572
571 574
426 423
426 425
426 682
426 428
426 429
78 79
78 80
78 81
78 82
834 530
834 672
834 831
834 833
834 835
834 883
79 80
79 81
79 82
773 770
773 771
773 772
773 774
773 775
80 81
80 83
80 96
81 82
81 84
81 278
82 339
82 84
83 577
83 876
83 84
83 85
83 181
96 93
96 94
96 95
96 97
96 865
84 721
84 178
84 86
84 87
84 246
278 275
278 276
278 277
278 807
278 395
278 370
339 107
339 254
339 337
339 338
339 342
577 574
577 575
577 576
577 578
577 579
577 580
577 838
577 812
876 624
876 874
876 875
876 878
85 936
85 459
85 86
181 179
181 853
181 184
721 555
721 718
721 719
721 720
721 723
721 724
178 175
178 179
178 501
86 944
86 87
87 89
87 918
246 243
246 249
246 511
936 817
936 906
936 934
936 935
936 937
936 939
459 456
459 457
459 458
459 481
459 461
459 462
459 498
944 332
944 354
944 616
944 941
944 943
89 90
89 91
918 916
918 917
918 919
918 920
918 921
90 677
90 878
90 229
90 92
90 190
91 358
91 92
91 93
91 94
677 676
677 678
677 679
677 740
878 186
878 877
878 879
229 226
229 227
229 228
92 435
92 93
92 94
92 95
190 187
190 189
190 193
190 191
190 192
358 355
358 356
358 357
358 359
93 557
93 438
94 613
94 858
94 95
435 107
435 432
435 433
435 434
435 437
95 97
557 273
557 554
557 898
557 579
438 146
438 231
438 302
438 436
438 514
438 690
613 610
613 611
613 612
613 614
613 615
613 616
858 663
858 819
858 855
858 856
858 857
858 860
97 997
97 425
97 689
97 575
97 485
865 310
865 864
865 866
865 867
865 930
997 983
997 995
997 996
425 422
425 423
425 428
425 792
689 686
689 687
689 688
689 690
689 691
689 692
689 823
689 890
575 572
575 573
575 638
485 453
485 482
485 484
485 486
485 998
485 704
100 99
100 101
100 102
100 103
815 334
815 737
815 813
815 818
222 220
222 221
222 225
222 956
222 224
99 101
99 102
101 103
101 104
101 568
102 103
102 105
102 621
102 640
103 104
103 749
103 816
103 148
103 607
104 105
104 106
104 107
104 714
104 427
568 565
568 566
568 567
568 663
568 569
105 106
105 107
105 839
621 618
621 619
621 620
621 622
621 975
621 624
621 696
640 641
640 643
749 382
749 528
749 537
749 746
749 747
749 897
749 750
749 751
816 641
816 813
816 873
816 817
148 145
148 146
148 150
607 604
607 605
607 606
607 609
607 610
607 608
106 107
106 108
106 109
106 896
107 453
107 678
107 342
107 746
107 742
714 477
714 525
714 715
427 429
427 984
839 193
839 836
839 838
839 841
839 842
108 583
108 109
108 111
108 112
109 110
109 111
109 956
109 543
896 117
896 596
896 712
896 893
896 894
896 895
896 897
453 455
678 241
678 676
678 679
678 680
678 681
342 340
342 343
746 284
746 743
746 745
746 748
742 741
742 744
742 745
742 760
583 581
583 582
583 584
111 110
111 134
111 761
111 413
112 110
112 849
112 717
112 114
112 115
956 955
956 958
956 959
543 541
543 542
543 546
543 592
543 850
543 544
134 132
134 135
134 136
134 137
761 301
761 336
761 758
761 759
761 844
761 763
413 411
413 873
413 415
849 627
849 787
849 788
849 846
849 847
849 850
717 519
717 720
114 549
114 116
114 117
114 917
114 852
115 116
115 117
115 118
609 284
609 464
609 606
609 608
609 611
609 612
599 601
549 546
549 547
549 548
549 552
549 629
116 812
116 117
116 119
117 654
117 176
117 273
117 660
117 119
117 573
917 369
917 460
917 914
917 915
917 916
917 920
852 850
852 853
852 855
118 361
118 120
118 121
118 186
812 810
812 811
812 814
119 120
119 121
119 122
654 651
654 652
654 653
654 994
654 656
654 657
654 795
176 173
176 174
176 175
176 683
176 179
273 682
273 276
273 376
660 368
660 657
660 659
660 902
660 661
660 663
573 570
573 572
573 574
361 362
361 364
361 442
120 121
120 983
121 122
121 123
121 221
121 192
186 183
186 185
186 893
186 187
186 635
122 302
122 123
122 124
122 155
983 374
983 981
983 982
983 985
983 986
123 124
123 125
123 126
221 219
221 220
221 223
221 224
192 189
192 191
192 257
192 195
192 685
302 300
302 301
302 305
302 794
124 304
124 756
124 125
124 126
124 352
155 152
155 153
155 683
155 335
125 914
125 126
125 128
126 129
126 986
304 303
304 423
304 305
304 306
304 307
756 755
756 980
756 757
352 349
352 350
352 351
352 353
352 727
914 912
914 915
128 129
128 130
128 131
128 480
129 130
129 131
129 514
129 448
986 783
986 968
986 984
986 985
986 987
130 131
130 132
861 191
861 860
861 863
131 234
131 845
131 502
480 477
480 478
480 482
480 483
514 511
514 513
514 515
448 445
448 447
448 451
132 135
234 231
234 232
234 233
234 235
234 236
845 842
845 843
845 846
845 847
502 499
502 501
502 503
502 505
135 674
135 136
135 138
136 393
136 905
137 451
137 428
137 329
137 138
137 195
674 318
674 671
674 673
674 675
674 676
674 781
138 141
393 390
393 391
393 394
393 396
393 764
905 337
905 902
905 904
905 906
905 908
451 449
451 452
451 454
451 720
451 656
428 152
428 430
329 385
329 801
329 330
329 831
195 193
195 194
195 196
195 198
141 204
141 142
141 143
141 144
141 912
142 143
142 144
142 145
241 239
241 240
241 244
204 201
204 202
204 205
204 207
204 406
143 170
143 144
143 145
143 146
143 506
144 145
144 146
144 147
144 669
912 476
912 909
912 910
912 915
145 500
145 146
145 147
170 167
170 169
170 172
170 173
146 147
506 503
506 505
506 509
147 284
147 346
147 528
669 174
669 649
669 667
669 668
669 670
500 187
500 499
284 281
284 282
284 614
284 287
346 343
346 344
346 349
528 525
528 527
528 715
528 529
528 531
150 152
150 153
723 720
723 722
723 724
723 725
151 152
151 153
151 154
152 867
152 153
152 154
153 154
153 156
154 782
154 538
154 156
867 464
867 870
156 289
156 159
782 481
782 780
782 783
538 501
538 535
538 536
538 539
538 981
538 795
683 454
683 474
683 680
683 682
683 684
335 333
335 334
335 336
335 337
335 338
335 539
289 227
289 265
289 288
289 290
289 291
289 964
159 161
159 162
159 306
159 160
366 364
366 365
366 367
366 368
366 857
214 211
214 212
214 373
214 796
160 161
160 162
160 866
161 162
161 164
162 515
162 164
162 998
306 303
306 308
306 442
866 430
866 631
866 863
866 864
164 166
164 167
515 512
515 518
515 720
515 576
998 996
860 606
166 167
166 169
167 169
167 410
167 512
169 171
169 172
410 407
410 408
410 754
410 411
512 509
512 510
512 511
512 513
512 574
938 644
938 935
938 937
938 939
938 941
171 898
171 904
171 172
171 173
171 174
172 173
172 174
172 175
173 805
173 231
173 915
173 283
898 895
898 897
898 961
898 901
904 408
904 903
904 906
174 198
805 333
805 802
805 803
805 804
805 806
805 808
231 228
231 232
915 916
283 280
283 281
283 970
198 196
198 197
198 199
198 200
198 429
179 977
179 182
973 970
973 971
973 974
973 976
754 470
754 757
638 635
638 636
638 637
638 780
638 639
501 498
501 939
977 534
977 650
977 667
977 728
977 836
977 974
977 975
977 976
977 979
182 902
182 587
182 183
182 185
473 470
473 472
473 474
473 475
895 228
895 385
895 894
895 897
853 850
853 854
853 855
853 856
184 183
184 291
184 421
184 185
902 244
902 702
902 899
902 901
902 903
902 971
587 293
587 584
587 585
587 586
587 588
183 728
183 594
183 663
183 539
183 511
185 262
185 522
185 187
728 589
728 725
728 729
594 591
594 595
594 597
663 420
663 661
663 662
539 536
539 541
511 508
511 509
511 510
291 288
291 290
291 292
291 293
291 294
421 420
421 422
421 957
262 260
262 261
262 264
262 332
262 452
522 519
522 520
522 521
522 525
187 259
893 249
893 383
893 890
893 891
893 892
635 431
635 632
635 633
635 634
635 709
635 636
635 637
259 201
259 256
259 258
259 260
259 362
189 197
189 349
189 191
191 193
191 437
191 285
197 196
197 199
197 207
349 347
349 350
193 196
437 334
437 434
437 436
437 439
437 440
285 282
285 287
257 254
257 260
257 330
257 760
685 682
685 684
685 686
685 687
685 688
685 920
196 194
196 199
196 392
194 301
301 300
301 303
301 729
199 200
199 201
199 256
392 389
392 390
392 391
392 395
392 554
207 205
207 206
207 626
207 209
200 201
200 492
429 431
429 881
201 202
256 254
256 258
256 305
492 369
492 489
492 490
492 491
492 493
492 494
492 987
202 205
202 889
205 206
205 208
889 461
889 888
889 890
889 892
524 359
524 381
524 521
524 526
206 208
206 209
405 406
405 407
406 407
406 408
208 994
208 209
208 210
209 210
209 211
209 212
626 623
626 624
626 625
626 628
626 629
626 982
994 769
994 844
994 991
994 993
210 454
210 436
210 787
210 212
211 213
212 213
454 452
454 455
454 457
436 433
436 903
436 439
787 788
787 789
787 790
787 924
213 533
213 216
533 530
533 531
533 532
533 814
533 534
533 535
533 536
216 218
216 219
373 372
373 727
373 374
373 376
373 447
796 292
796 489
796 794
796 797
796 799
871 870
871 872
871 874
877 616
877 874
877 879
218 818
218 219
218 220
219 420
219 873
219 252
579 499
579 578
579 580
579 581
247 244
247 750
247 248
247 249
369 367
369 370
220 223
818 308
818 388
818 563
818 817
818 939
420 417
420 422
420 423
873 336
873 694
252 249
252 250
252 251
252 253
252 254
223 650
223 624
223 691
223 382
223 224
224 225
224 227
224 235
225 226
225 227
225 228
650 648
650 649
650 651
650 820
624 529
624 559
624 622
624 625
691 639
691 688
691 690
691 692
691 693
691 694
382 379
382 381
382 384
227 226
235 232
235 389
235 236
235 238
226 228
226 937
937 559
937 934
937 939
486 465
486 483
486 484
486 488
486 489
486 781
486 847
232 233
783 781
783 811
233 675
233 629
233 835
675 672
675 673
675 676
629 462
629 628
629 630
629 632
629 795
835 282
835 461
835 833
835 838
835 857
236 556
236 238
236 239
389 386
389 387
389 388
389 929
238 240
238 959
556 553
556 554
556 555
556 558
556 559
239 530
239 603
240 243
959 961
959 962
530 527
530 529
603 601
603 604
603 606
243 244
243 312
244 535
312 309
312 310
312 311
312 313
312 314
535 532
535 534
535 825
535 544
323 320
323 322
323 324
323 326
391 388
391 390
811 808
811 810
811 813
811 814
248 901
248 249
248 250
248 251
249 250
249 251
750 295
750 748
750 751
901 351
901 899
250 875
250 531
250 251
251 253
251 254
875 872
875 874
875 995
875 939
531 619
253 880
253 254
254 982
880 462
880 881
880 883
982 979
982 980
982 981
982 985
258 260
258 261
258 588
305 303
305 814
305 308
260 713
260 641
260 287
330 328
330 332
760 757
760 758
760 759
760 762
760 763
261 969
588 585
588 586
588 589
588 590
362 359
362 365
713 332
713 712
713 897
713 716
641 639
641 642
641 643
641 644
641 819
287 290
287 288
969 763
969 769
969 966
969 970
969 971
264 265
264 266
264 267
332 416
452 359
962 802
962 828
962 961
962 963
265 267
265 268
266 487
266 267
266 268
267 932
267 268
267 270
267 980
268 995
268 269
268 270
487 484
487 488
487 489
487 490
487 496
932 712
932 929
932 931
932 934
932 935
270 269
270 727
270 320
980 978
980 979
980 981
995 781
995 993
727 724
727 725
727 729
320 317
320 318
320 319
320 322
320 619
559 558
559 561
559 562
274 462
274 275
274 276
350 347
350 353
275 649
275 276
275 894
682 578
682 645
682 679
682 680
682 681
682 970
276 277
276 279
376 374
376 375
376 580
376 716
376 377
376 378
376 379
462 431
462 461
462 465
462 537
649 648
649 651
649 882
894 891
894 892
277 279
277 280
279 280
279 281
279 282
280 281
280 282
807 804
807 806
807 808
807 991
395 394
395 396
395 397
395 398
370 367
370 368
370 371
370 372
281 282
282 294
282 735
294 292
294 293
294 295
294 296
294 297
294 465
735 732
735 734
735 737
735 738
970 968
970 971
614 611
614 612
614 615
614 617
290 288
290 292
290 340
964 627
964 661
964 961
292 293
340 337
340 338
340 343
293 295
293 296
295 546
295 297
295 813
295 825
296 297
296 298
296 326
297 298
297 300
465 464
465 467
546 532
546 544
546 545
546 547
813 364
825 823
825 824
825 827
298 300
298 310
298 508
326 324
326 325
326 328
300 303
310 307
310 308
508 505
508 555
508 509
508 510
673 670
673 671
673 672
673 700
729 730
729 732
729 925
794 791
794 792
794 793
794 795
794 797
423 422
423 919
423 574
307 687
307 308
307 952
814 566
814 743
814 817
308 961
442 439
442 440
442 441
442 725
442 444
442 445
687 684
687 686
687 688
687 690
952 949
952 951
952 976
952 955
961 958
309 810
309 788
309 311
788 789
788 790
311 313
311 314
311 381
313 890
313 314
314 661
314 316
314 317
381 378
381 379
381 384
890 888
890 892
661 658
661 659
316 926
316 317
316 318
317 318
317 319
318 536
926 924
926 925
926 929
926 927
926 928
319 322
536 534
536 537
322 324
322 325
619 616
619 617
619 618
619 931
434 431
434 432
434 433
324 836
324 325
325 328
325 731
836 789
836 833
328 461
731 449
731 730
731 732
731 734
461 458
461 460
461 519
461 637
385 383
385 384
385 387
385 718
801 799
801 803
801 804
831 808
831 829
333 334
416 415
416 417
336 963
336 337
336 338
963 578
963 966
343 344
344 347
545 542
545 544
545 548
351 354
351 694
353 354
353 355
353 356
354 356
354 934
694 692
694 693
694 945
694 695
355 356
355 357
356 357
356 359
356 526
934 766
934 789
357 359
526 525
526 527
526 529
365 364
365 367
364 367
439 440
367 368
368 371
857 615
857 632
857 639
857 854
857 855
857 856
371 620
371 372
371 374
372 374
372 375
620 617
620 618
620 622
620 623
374 377
374 736
375 377
447 444
447 445
447 446
447 755
377 883
377 379
377 470
736 570
736 734
736 737
736 738
736 739
580 582
580 779
716 715
716 718
716 719
378 741
378 379
883 881
883 882
883 884
883 885
470 467
470 468
470 469
470 472
741 739
741 740
741 743
384 386
384 658
386 387
386 388
658 655
658 657
387 390
387 520
718 720
388 390
520 518
520 519
520 521
929 928
929 930
929 931
554 552
554 553
554 555
394 906
394 396
396 397
396 398
396 399
396 564
764 762
764 766
906 882
906 903
906 908
906 909
397 618
397 398
397 477
398 709
398 399
398 401
399 966
399 400
399 625
564 477
564 561
564 562
564 563
564 566
618 615
618 616
618 617
618 751
477 474
477 475
477 478
709 706
709 708
709 712
709 850
401 400
966 968
625 525
625 623
625 628
407 408
408 639
639 636
639 751
422 737
688 686
688 819
415 417
648 645
648 651
957 617
957 715
957 844
957 955
737 463
737 734
737 739
737 740
919 703
919 916
919 921
574 483
574 572
574 882
662 659
662 665
631 628
631 630
631 632
631 633
631 634
792 550
792 789
792 790
792 791
792 793
792 795
984 829
984 985
430 431
430 433
430 476
881 879
881 882
881 884
433 432
476 475
432 740
432 457
740 743
457 455
457 456
457 855
440 441
440 443
690 693
441 444
443 444
443 445
443 446
444 445
444 446
725 724
445 446
446 776
446 489
776 679
776 705
776 774
776 775
776 778
776 779
489 488
489 490
755 758
720 719
720 722
656 653
656 655
656 945
656 659
455 456
455 458
456 458
458 460
855 854
855 939
855 856
460 566
481 482
498 497
498 722
498 499
566 565
566 567
519 518
519 521
637 606
637 634
637 636
537 497
463 464
463 657
463 466
464 467
466 467
466 591
466 597
466 827
467 468
467 469
591 589
591 590
591 592
597 595
597 596
597 910
827 806
827 824
827 826
827 951
827 828
827 830
468 469
469 472
472 474
472 475
475 478
478 738
478 921
478 602
738 627
738 739
921 920
921 922
921 924
602 628
602 793
602 604
602 605
482 483
482 484
483 484
704 701
704 703
704 705
488 490
488 491
781 778
781 779
781 780
847 846
490 491
490 493
490 563
490 826
496 493
496 494
496 495
496 930
496 780
496 497
496 499
491 493
491 494
493 494
493 495
563 560
563 561
563 562
563 565
826 547
826 823
826 824
826 828
494 495
494 497
494 699
987 935
987 985
987 990
495 497
497 802
497 968
699 698
699 744
699 700
699 701
930 927
930 928
930 931
780 778
780 779
780 841
499 590
802 799
802 800
802 803
968 670
968 863
968 971
722 719
722 724
590 589
590 592
939 940
939 941
503 732
505 681
732 670
732 680
732 730
732 824
672 671
681 679
681 680
681 833
681 958
509 510
510 513
555 552
555 553
513 838
518 521
851 854
622 916
527 529
529 532
715 985
544 541
544 542
544 547
544 830
981 978
981 979
795 793
795 797
592 739
547 548
830 828
830 829
830 833
548 550
550 552
550 553
552 804
552 553
870 696
870 872
766 763
804 803
558 560
558 561
560 561
560 562
561 562
562 565
562 829
565 567
829 828
567 569
567 570
569 897
569 570
569 572
882 879
882 884
578 581
581 582
581 584
582 584
582 585
779 684
779 693
779 778
584 586
585 586
586 589
739 659
595 596
595 856
856 854
910 908
910 909
993 990
993 991
993 996
601 705
601 604
705 703
705 708
705 800
604 605
604 606
793 790
793 791
605 951
605 608
606 608
951 819
951 948
951 949
608 610
608 703
610 611
610 612
703 701
703 702
703 706
611 612
612 615
612 702
615 616
702 700
702 701
616 846
616 817
846 843
846 844
817 819
751 748
931 777
931 909
931 928
623 774
975 974
975 976
975 978
696 695
696 854
696 697
774 748
774 771
774 772
774 775
774 777
627 630
630 633
632 633
633 668
633 634
633 636
668 665
668 671
643 642
643 644
643 645
642 644
642 645
644 645
651 652
651 653
652 653
652 655
653 655
655 791
791 790
945 943
945 946
945 948
665 667
667 670
700 697
700 698
700 701
676 679
679 680
680 777
777 775
777 797
958 955
692 693
692 695
693 695
695 697
695 698
697 899
697 698
698 701
744 743
744 745
744 747
706 708
800 771
800 797
800 799
800 803
925 922
925 927
925 928
743 745
745 747
745 748
747 748
747 828
828 775
872 874
757 772
757 759
758 759
772 770
772 775
759 762
762 763
844 842
769 768
769 770
769 771
770 768
770 948
768 771
948 946
948 949
797 799
841 842
841 843
789 790
924 922
924 927
803 806
806 808
808 927
927 928
842 843
863 864
864 943
943 940
943 941
943 946
943 990
879 971
884 885
885 888
888 891
891 892
908 909
941 940
946 949
976 974
976 978
976 979
978 979
1
