100 1 300
1 2
1 4
1 98
1 99
1 100
1 88
2 3
2 100
2 5
2 70
2 35
2 4
2 23
4 3
4 5
4 6
4 7
98 95
98 96
98 99
98 100
99 84
99 96
99 97
99 100
100 3
100 37
88 28
88 46
88 79
88 85
88 86
88 87
88 90
3 5
3 6
5 6
5 7
5 59
70 67
70 68
70 69
70 72
70 73
35 9
35 32
35 34
35 36
35 38
23 20
23 21
23 22
23 81
23 25
6 8
6 9
6 22
6 69
7 8
7 10
7 11
7 22
59 56
59 58
59 60
59 61
59 62
8 9
8 10
8 51
8 54
8 28
9 10
9 11
22 19
22 20
22 21
22 24
22 25
69 66
69 67
69 68
69 97
69 72
10 11
10 12
10 13
11 12
11 25
51 48
51 50
51 92
51 53
51 54
51 60
54 18
54 52
54 55
28 15
28 26
28 60
28 29
28 31
12 14
12 85
12 24
12 26
13 65
13 14
13 15
13 16
25 16
25 24
25 26
25 27
14 15
14 16
14 17
14 83
85 24
85 81
85 82
85 83
85 87
24 21
24 84
24 53
26 55
26 27
65 17
65 33
65 63
65 64
65 67
15 16
15 18
15 87
16 74
16 78
16 17
16 18
16 19
17 42
17 18
17 19
83 82
83 92
18 77
18 19
18 21
87 84
87 86
87 90
74 41
74 71
74 72
74 73
74 75
74 77
78 47
78 76
78 77
78 81
19 45
19 20
42 32
42 39
42 41
42 45
42 52
42 90
77 75
77 76
77 79
77 80
21 20
21 71
45 44
45 46
45 47
45 48
71 68
71 73
81 80
81 82
81 84
84 49
84 62
84 82
84 86
53 27
53 49
53 52
27 39
27 40
27 89
27 55
27 58
27 29
55 30
55 43
55 52
55 57
55 92
55 93
39 36
39 37
39 38
39 41
40 29
40 38
40 41
89 32
89 46
89 66
89 86
89 90
58 49
58 56
58 60
58 61
29 30
29 31
29 32
60 57
60 61
60 62
31 30
31 75
31 91
31 63
31 32
30 33
30 32
32 33
33 34
33 36
75 72
75 73
75 76
91 92
91 93
91 94
63 57
63 61
63 62
63 66
63 64
34 36
34 37
34 50
36 37
36 38
37 82
50 47
50 48
50 49
50 52
50 57
38 66
38 96
82 79
82 80
66 64
66 67
96 93
96 94
96 95
96 97
41 57
57 56
52 49
52 95
90 80
90 97
90 92
90 93
43 44
43 46
44 46
44 47
46 47
46 48
47 48
47 49
48 49
92 79
92 93
95 93
95 94
93 94
61 62
61 64
62 64
64 67
67 68
97 94
72 73
73 76
76 79
1
