100 1 100
1 2
1 100
2 9
100 99
9 8
9 91
3 4
4 5
5 92
5 6
92 10
92 91
6 7
7 8
91 90
11 12
12 13
13 14
13 71
14 15
71 70
15 99
16 17
16 21
17 18
18 19
19 20
20 68
68 67
68 69
22 23
23 24
24 25
24 74
25 26
74 73
26 27
27 31
31 30
31 32
28 29
29 89
29 45
89 88
45 44
45 46
32 33
33 34
34 35
35 36
36 37
37 38
38 39
39 40
40 41
41 42
42 43
43 94
94 93
94 95
46 47
47 48
48 49
49 50
50 51
51 52
52 53
53 54
54 55
55 56
56 57
57 58
58 59
59 60
60 61
61 62
62 63
63 64
64 65
65 66
66 67
69 70
72 73
75 76
76 98
76 77
98 97
77 78
78 79
79 80
80 81
81 82
82 83
83 84
84 85
84 95
85 86
86 87
87 88
96 97
1
