100 1 200
1 2
1 3
1 100
1 99
2 100
2 3
2 4
3 4
3 5
100 98
100 99
99 97
4 5
4 6
5 25
5 6
5 7
6 64
6 7
6 8
25 23
25 24
25 26
7 9
7 90
64 62
64 63
64 65
8 9
8 10
9 10
9 11
90 69
90 88
90 89
90 92
10 11
10 12
11 12
11 13
12 13
12 14
13 71
13 14
13 15
14 35
14 15
71 69
71 70
71 73
15 17
15 16
35 33
35 34
35 36
35 37
17 16
17 18
17 19
17 75
16 18
16 31
18 28
18 92
18 20
31 29
31 30
31 33
31 67
31 41
31 53
19 20
19 21
75 73
75 74
75 76
28 26
28 27
28 29
92 91
92 93
92 94
20 76
20 45
20 21
20 60
21 43
21 22
21 59
76 74
76 77
45 43
45 44
45 46
45 47
60 36
60 58
60 61
43 42
43 44
22 23
22 24
59 57
59 58
59 61
23 24
24 26
26 27
26 91
27 29
91 89
29 30
30 32
32 33
32 34
33 34
67 65
67 66
67 68
41 39
41 84
53 51
53 52
53 54
34 36
36 38
37 38
37 39
38 96
38 39
38 40
39 40
96 62
96 94
96 95
40 42
40 84
42 44
84 63
84 82
84 83
84 85
84 86
44 46
46 47
46 48
47 49
47 98
47 48
48 49
48 50
48 80
49 50
49 87
98 85
98 97
50 51
50 52
80 72
80 78
80 79
80 82
87 85
87 86
87 89
87 88
51 52
52 72
72 70
72 74
54 55
54 56
55 57
55 56
56 57
56 58
57 58
61 62
61 78
62 82
78 77
78 79
82 81
82 83
65 66
66 68
68 69
68 70
69 70
73 74
77 79
79 81
81 83
83 85
86 88
88 89
93 94
93 95
94 95
95 97
1
