1000 1 2000
1 3
1 999
1 1000
1 859
1 736
3 2
3 5
3 826
999 997
999 998
999 1000
1000 2
1000 998
859 858
859 860
736 735
736 737
736 738
2 4
2 119
4 5
4 6
4 856
119 117
119 118
119 121
5 6
5 7
826 824
826 825
826 827
826 828
6 7
6 8
856 195
856 854
856 855
856 857
7 751
7 8
8 9
8 10
751 682
751 744
751 749
751 753
9 10
9 15
10 11
10 285
15 13
15 14
15 17
15 16
11 13
11 178
11 243
285 209
285 284
285 286
13 12
13 223
13 14
178 176
178 177
178 179
178 180
178 215
178 509
178 907
243 241
243 245
12 884
884 882
884 883
884 885
884 886
223 221
223 222
223 224
14 16
16 17
16 18
16 460
17 600
17 18
17 630
17 792
18 19
18 20
460 458
460 459
460 462
600 598
600 602
630 629
630 631
630 632
792 790
792 791
792 794
19 163
19 21
20 21
20 342
20 750
163 161
163 162
163 164
163 165
163 621
21 22
21 23
342 341
342 773
342 343
750 234
750 749
750 827
22 23
22 24
23 25
23 24
24 26
24 255
25 258
25 27
26 27
26 28
255 253
255 257
255 256
258 109
258 256
258 257
258 260
258 581
27 29
27 566
28 301
28 30
29 30
29 31
566 402
566 564
566 567
566 568
301 299
301 302
301 303
30 307
30 441
31 33
31 32
307 91
307 305
307 306
307 308
441 439
441 440
441 442
441 443
33 32
33 937
33 34
33 35
32 137
32 524
32 504
32 505
137 43
137 136
137 138
137 139
524 523
524 526
504 502
504 505
504 992
505 506
505 990
937 303
937 354
937 935
937 936
34 35
34 36
35 756
35 37
35 388
36 37
36 38
756 642
756 754
756 755
756 757
756 758
37 38
37 39
388 386
388 387
388 473
38 430
38 40
39 41
39 40
430 162
430 287
430 428
430 429
430 432
40 41
40 42
40 80
41 42
41 43
42 43
42 44
42 279
80 78
80 79
80 82
43 838
43 45
44 149
44 45
44 46
279 277
279 281
838 250
838 535
838 836
838 911
45 46
45 47
149 147
149 148
149 151
46 703
46 47
46 48
47 49
47 858
703 392
703 701
703 702
703 705
703 781
48 49
48 50
49 179
49 696
49 319
858 461
858 857
50 51
50 52
179 75
179 177
179 181
179 983
696 209
696 694
696 695
696 697
319 317
319 318
319 321
319 690
51 52
51 53
52 54
52 434
53 54
53 55
54 773
54 393
54 56
434 432
434 433
434 435
434 436
55 57
55 56
773 111
773 771
773 772
773 774
773 775
773 886
393 394
56 57
56 58
57 58
57 59
57 340
58 316
58 953
59 143
59 563
59 61
340 338
340 339
340 341
316 194
316 315
316 724
316 317
316 318
953 733
953 951
953 955
143 141
143 142
143 145
143 144
563 561
563 562
563 565
61 60
61 62
61 63
60 62
62 498
62 64
63 65
63 64
498 194
498 499
64 65
64 66
65 66
65 67
65 518
65 71
66 67
66 835
66 786
67 68
67 69
67 880
518 235
518 516
518 517
518 615
518 520
71 69
71 70
71 73
835 472
835 833
835 834
786 527
786 784
786 785
786 788
68 69
68 70
69 70
880 881
70 72
72 73
72 74
73 74
73 284
74 75
74 76
284 282
284 283
284 286
75 77
75 784
76 77
76 78
77 78
77 79
784 782
784 783
78 768
79 772
768 766
768 769
768 770
772 526
772 770
772 771
772 981
772 952
772 966
82 81
82 697
82 83
82 84
81 83
83 84
83 85
697 486
697 695
84 85
84 86
85 87
85 528
86 948
86 87
86 88
87 89
87 990
528 527
528 529
528 530
948 946
948 950
88 89
88 90
89 90
89 592
990 249
990 988
990 989
90 915
90 92
592 591
592 593
592 594
915 914
915 916
915 917
92 91
92 705
92 781
92 93
92 94
91 654
91 93
654 510
654 652
654 653
654 655
93 94
93 95
705 704
705 707
781 780
94 354
94 356
94 96
95 97
95 96
354 352
354 353
354 514
354 356
354 734
356 355
356 357
356 358
96 97
96 98
96 297
97 98
97 927
98 99
98 719
297 295
297 296
297 298
927 131
927 632
927 925
927 926
927 929
99 100
99 101
719 536
719 704
719 717
719 718
719 720
100 101
100 102
101 171
101 103
101 360
102 103
102 104
171 169
171 170
171 173
171 246
103 105
103 648
103 104
360 358
360 361
360 362
104 355
104 748
104 890
104 286
105 106
105 107
648 646
648 650
355 353
355 357
748 747
748 749
890 147
890 511
890 888
890 889
286 287
106 107
106 108
107 649
107 108
107 109
108 109
108 110
649 274
649 300
109 111
110 111
110 112
111 112
112 113
112 114
112 579
113 114
113 115
113 904
114 612
114 540
114 116
114 124
579 578
579 581
115 309
115 117
904 902
904 903
904 906
612 610
612 611
612 614
540 538
540 542
116 117
116 118
124 122
124 123
124 289
124 125
124 126
309 308
309 310
309 311
117 118
118 120
120 121
120 122
121 122
121 123
122 123
123 125
125 126
125 127
289 288
289 290
126 374
126 127
126 128
127 129
127 446
127 128
374 219
374 364
374 372
374 373
374 941
374 375
128 129
128 130
129 130
129 131
446 444
446 445
446 834
446 447
130 131
130 132
131 133
132 133
132 134
133 942
133 135
134 135
134 136
942 551
942 857
942 940
942 943
942 944
135 384
135 136
136 138
384 382
384 383
384 385
384 386
138 140
138 182
139 907
139 141
140 141
140 142
182 180
182 181
182 183
182 184
907 850
907 905
907 906
907 909
141 142
142 161
161 159
161 160
161 162
145 144
145 146
145 147
144 146
146 147
146 148
147 148
148 159
159 157
159 158
159 391
159 593
159 160
151 153
151 152
150 562
150 471
150 158
562 560
562 561
562 809
562 564
471 469
471 470
471 473
158 157
158 160
153 152
153 154
153 155
152 154
154 155
154 443
155 156
155 157
155 796
443 268
443 442
443 444
156 601
156 157
157 383
796 795
796 797
601 599
601 602
601 603
383 382
383 470
160 440
160 893
391 389
391 390
391 392
593 594
440 438
440 439
440 686
440 442
893 503
893 891
893 892
893 895
162 164
164 165
164 872
164 933
164 797
165 626
165 167
621 619
621 620
621 845
872 668
872 870
872 874
872 922
933 479
933 931
933 934
797 795
797 798
626 624
626 625
626 627
626 628
167 166
167 169
167 642
166 828
166 168
828 635
828 827
828 829
168 169
168 170
169 170
169 939
642 573
642 640
642 643
170 902
170 743
170 812
939 940
902 900
902 901
902 940
743 741
743 742
743 745
812 810
812 811
812 813
812 922
173 172
173 174
173 175
246 244
246 245
246 247
172 174
174 175
174 176
175 177
175 176
176 177
176 631
631 632
180 181
215 213
215 214
215 815
215 216
509 507
509 511
181 657
181 183
983 930
983 982
983 984
983 985
657 417
657 655
657 656
183 185
183 184
184 435
184 371
184 185
184 186
185 186
185 187
185 875
435 433
435 437
371 369
371 370
371 373
186 187
186 188
186 283
187 188
187 189
875 874
875 877
188 189
188 190
283 281
189 820
189 190
189 191
190 643
190 191
820 818
820 819
820 821
191 193
191 192
643 331
643 641
643 644
193 192
193 194
193 195
192 230
230 228
230 229
230 486
230 604
194 195
194 259
195 197
259 235
259 257
259 261
197 196
197 198
197 199
197 888
196 198
196 199
198 199
198 200
199 808
199 200
888 954
200 201
200 202
808 270
808 806
808 807
808 810
808 921
201 202
201 203
202 203
202 204
203 204
203 205
203 277
204 205
204 206
205 206
205 207
277 275
277 276
206 330
206 208
207 209
207 208
330 328
330 329
330 331
330 332
208 209
208 210
209 210
209 211
210 464
210 211
210 212
210 351
211 212
211 213
464 462
464 463
464 465
212 925
212 214
351 349
351 350
351 352
213 214
925 923
925 924
925 926
214 862
214 216
862 860
862 861
862 864
216 217
216 218
815 813
815 814
815 816
217 218
217 219
218 457
218 219
218 220
219 221
457 455
457 456
457 459
220 760
220 281
220 222
221 222
760 758
760 762
760 895
281 280
222 961
222 912
961 573
961 959
961 960
912 911
912 913
912 914
912 917
224 225
224 226
225 226
225 227
226 227
226 228
226 318
227 228
227 229
228 229
228 869
318 317
229 231
869 868
869 871
231 233
231 232
486 484
486 485
486 487
486 488
604 603
604 605
604 606
233 232
233 234
233 235
232 299
299 298
299 300
234 235
234 236
236 501
236 237
236 238
501 499
501 500
501 502
237 325
237 238
237 239
237 304
238 239
238 240
325 323
325 324
325 327
239 241
239 779
239 240
304 271
304 302
304 306
240 241
240 242
240 887
241 242
779 777
779 778
779 780
242 257
242 889
887 632
887 885
887 886
257 256
257 960
889 700
245 244
245 247
247 683
247 913
247 248
247 249
683 682
683 685
913 914
248 249
248 250
249 839
249 250
249 251
250 252
839 837
839 841
251 252
251 253
252 253
252 254
253 254
254 874
254 892
254 256
874 873
874 876
892 891
960 958
960 959
260 261
260 262
581 580
581 582
581 583
261 469
261 262
261 263
262 614
262 263
262 264
469 467
469 468
263 265
263 264
614 613
614 616
264 265
264 266
265 266
265 267
266 267
266 268
267 268
267 269
268 269
268 270
269 270
269 271
270 271
271 691
271 272
691 689
691 693
272 273
272 274
273 274
273 275
274 394
274 275
274 276
274 474
275 276
394 392
394 396
276 278
474 472
474 473
474 475
278 775
278 280
775 774
775 777
775 776
280 282
280 770
282 739
770 769
739 737
739 738
739 740
739 741
287 288
288 715
715 713
715 714
715 716
715 717
715 906
290 978
290 291
978 627
978 836
978 976
978 977
978 980
291 292
291 293
292 293
292 294
293 714
293 295
294 295
294 296
714 712
714 713
714 716
295 296
296 298
298 300
300 302
302 949
302 508
303 305
949 359
949 947
949 950
949 951
508 506
508 507
508 737
508 510
305 306
306 308
308 310
308 584
310 638
310 311
310 312
584 582
584 583
584 585
311 313
311 594
311 312
638 637
638 639
312 313
312 314
313 314
313 315
594 596
314 377
314 315
315 317
377 375
377 376
377 378
377 379
724 525
724 722
724 726
321 320
321 322
321 507
690 688
690 689
690 692
320 322
322 323
322 324
322 494
507 506
507 532
323 324
324 929
324 840
494 492
494 493
494 495
929 767
929 928
929 930
929 931
840 841
327 329
327 636
327 328
326 931
326 647
326 328
931 932
647 480
647 646
328 329
329 331
636 616
636 634
636 851
331 332
331 333
332 420
332 334
332 947
333 334
333 335
420 418
420 419
420 421
420 422
334 488
334 336
947 945
335 514
335 911
488 487
488 489
488 490
336 337
336 338
336 554
514 512
514 513
514 515
911 909
337 338
337 339
338 339
554 553
554 555
339 341
341 343
343 345
343 344
345 344
345 346
345 347
345 855
344 346
344 591
344 777
346 347
346 640
591 590
777 776
347 349
347 951
855 853
640 639
640 641
349 350
951 436
951 798
951 950
348 379
348 350
379 378
379 380
379 823
379 381
350 994
350 452
350 590
350 352
994 993
994 995
452 450
452 451
452 454
590 589
352 353
734 733
734 735
357 358
357 359
358 359
358 553
358 575
359 962
359 361
359 759
553 551
553 552
553 650
553 556
575 573
575 574
575 577
962 964
361 362
361 363
759 757
759 758
759 761
362 363
362 364
363 364
363 365
364 365
365 681
365 366
365 367
681 679
681 680
681 682
366 367
366 368
367 369
367 541
367 368
368 369
368 370
369 370
541 372
541 539
541 542
370 372
373 375
375 376
941 940
941 996
376 378
378 380
380 381
380 382
823 821
823 822
823 824
381 613
381 882
381 382
613 611
882 881
882 883
385 386
385 387
386 387
387 389
389 390
473 472
473 475
390 392
396 395
396 397
396 398
395 397
397 398
397 399
398 542
398 799
399 401
399 400
542 543
542 544
799 798
799 801
799 800
401 400
401 402
401 403
400 402
402 403
403 404
403 405
404 661
404 406
405 406
405 407
661 659
661 660
661 898
661 663
406 666
406 407
407 409
407 408
666 664
666 665
666 731
666 668
409 408
409 410
409 411
409 787
408 410
410 411
410 412
410 854
411 413
411 721
787 785
787 789
412 413
412 414
854 852
854 853
413 414
413 998
721 720
721 722
721 723
414 708
414 415
414 416
998 996
998 997
708 706
708 707
708 709
415 417
415 416
416 417
416 418
417 419
417 928
418 419
419 421
928 926
928 930
928 946
421 422
421 423
422 673
422 423
422 424
422 462
423 425
423 424
673 671
673 672
673 675
424 425
424 426
424 954
462 461
425 825
425 427
426 427
426 428
426 755
954 952
825 824
825 876
825 827
427 428
427 477
427 876
428 429
755 754
477 475
477 476
477 478
876 877
429 530
530 865
530 532
432 431
432 433
432 753
431 433
753 531
753 752
436 437
437 438
437 439
438 439
439 580
580 578
686 684
686 685
686 688
442 845
442 478
845 843
845 844
845 846
845 847
478 476
478 479
444 445
445 447
447 449
447 448
834 536
834 832
449 448
449 450
449 451
449 974
448 450
448 668
450 451
668 667
451 453
451 454
974 972
974 973
974 976
453 454
453 455
454 456
455 635
455 456
456 458
456 570
635 633
635 634
458 459
570 568
570 569
570 571
570 599
459 461
461 463
463 465
465 466
465 467
465 894
466 467
466 645
467 468
894 896
645 644
645 897
645 646
468 704
704 598
704 702
472 746
746 744
746 747
475 476
479 481
481 480
481 482
481 483
480 572
572 571
572 699
572 573
572 574
482 483
482 484
483 484
483 485
484 485
485 577
485 487
577 576
577 578
487 489
489 490
489 491
490 491
490 492
491 492
491 493
492 493
493 837
493 495
837 836
495 497
495 629
495 496
497 496
497 780
497 559
497 499
629 628
629 711
496 564
564 565
780 778
559 557
559 558
559 561
559 560
499 500
500 502
502 503
503 602
503 878
602 663
602 603
878 877
878 879
992 991
992 993
506 885
885 883
532 531
532 533
737 735
510 511
511 738
511 512
738 740
512 809
809 807
809 811
513 515
515 517
515 679
517 516
517 519
679 610
679 677
679 678
519 521
519 520
615 603
520 521
520 522
521 522
521 523
522 523
522 934
523 525
934 932
934 935
934 936
525 526
526 527
527 850
527 529
850 848
850 849
529 969
529 794
529 531
969 662
969 967
969 968
969 970
969 971
794 793
794 795
531 533
865 863
865 864
865 866
865 867
533 534
533 535
534 535
534 536
535 537
535 536
537 538
537 539
538 700
539 560
700 698
700 701
700 702
560 558
560 561
543 545
543 544
544 545
544 546
544 867
545 546
545 547
546 547
546 548
867 866
867 868
547 548
547 549
548 549
548 550
549 550
549 551
550 551
550 552
552 814
814 813
814 816
650 652
556 555
556 558
555 557
557 641
557 558
641 639
565 861
565 567
861 860
861 863
567 569
567 568
568 569
569 571
571 573
599 597
599 598
699 698
699 701
574 576
576 578
582 583
583 585
585 586
585 587
585 819
586 587
586 588
587 588
587 589
819 817
819 818
588 881
588 589
589 761
881 879
881 883
761 762
761 763
596 595
596 597
596 910
595 597
597 598
910 908
910 909
910 991
910 944
603 605
663 662
663 665
663 664
605 606
605 607
606 607
606 608
607 609
607 608
608 609
608 610
609 610
609 611
610 611
616 617
616 618
616 943
617 698
617 987
618 619
618 620
943 945
987 985
987 986
987 988
987 989
619 620
620 980
620 622
980 979
980 981
622 623
622 624
623 625
623 624
624 625
625 627
627 628
628 975
975 973
975 977
975 976
711 709
711 712
632 633
632 634
633 634
851 849
851 853
637 639
644 646
897 895
897 896
897 898
897 899
652 651
652 965
652 653
651 653
653 655
965 963
965 964
965 967
655 656
656 658
658 659
658 660
659 660
660 662
898 896
898 899
898 900
665 664
665 667
667 669
731 729
731 730
731 732
731 733
669 670
669 671
670 671
670 672
671 672
672 674
674 675
674 676
675 676
675 677
676 677
676 678
677 678
678 680
680 682
682 684
684 685
685 687
687 689
687 688
688 689
692 693
692 694
693 694
693 695
694 695
701 702
707 706
707 709
706 871
871 870
871 873
709 710
710 727
710 712
727 725
727 726
727 729
727 728
712 713
716 717
716 718
717 718
906 905
718 720
720 722
722 723
723 725
723 807
725 726
725 920
807 805
807 806
726 728
920 918
920 919
920 922
728 729
728 730
729 730
730 732
732 733
732 802
733 735
802 800
802 801
802 803
802 804
740 741
740 742
741 742
742 744
745 747
745 757
747 749
757 758
752 754
762 763
762 764
895 896
763 764
763 765
764 765
764 766
765 766
765 767
766 767
767 769
769 771
981 979
981 982
952 824
952 950
966 964
966 968
774 776
776 778
782 783
783 785
788 789
788 790
789 938
789 790
789 791
790 791
938 936
938 940
791 793
793 795
798 800
800 844
801 803
844 842
844 843
844 846
803 804
803 805
804 805
804 806
805 806
810 811
921 919
921 922
811 813
922 924
816 817
816 818
817 818
821 822
822 824
829 830
829 831
830 831
830 832
831 833
831 832
832 833
833 896
841 842
841 843
842 843
843 932
932 930
846 847
846 848
847 849
847 848
848 849
853 852
860 873
863 864
864 866
866 868
868 870
877 879
879 989
989 988
989 991
899 900
899 901
900 901
901 903
903 905
909 908
991 993
944 945
944 946
914 916
917 916
917 918
916 918
918 919
924 923
924 926
946 945
935 936
996 995
996 997
955 956
955 957
956 957
956 958
957 958
957 959
958 959
964 963
967 968
968 970
970 971
970 972
971 972
971 973
972 973
976 977
977 979
982 984
984 985
984 986
985 986
986 988
993 995
995 997
1
