1000 1 2000
1 593
1 3
1 999
593 321
593 591
593 592
593 594
3 2
3 4
3 5
3 499
3 792
3 377
999 628
999 997
999 998
999 1000
2 4
2 1000
4 5
4 687
4 536
1000 412
1000 934
1000 998
5 7
5 168
5 170
5 319
499 410
499 413
499 497
499 498
792 212
792 215
792 791
792 793
377 375
377 376
377 379
687 685
687 933
687 688
536 534
536 537
7 9
7 859
7 8
168 166
168 167
168 169
168 434
168 278
170 169
170 172
319 42
319 317
319 318
319 379
6 8
6 171
6 860
6 32
8 9
8 10
8 734
171 591
171 600
171 230
860 858
860 859
860 861
32 30
32 31
32 909
9 10
9 419
9 663
10 12
10 902
10 364
734 732
734 733
734 736
419 251
419 417
419 418
419 420
663 598
663 661
663 664
12 13
12 14
902 544
902 904
364 363
364 365
364 366
11 317
11 806
317 315
317 316
317 318
806 318
806 519
806 804
806 805
806 995
13 14
13 15
14 775
14 743
14 15
15 193
15 620
775 673
775 773
775 774
775 777
743 742
743 745
743 744
193 191
193 192
193 492
193 791
620 89
620 618
620 622
16 431
16 128
431 430
431 433
431 432
128 126
128 127
128 130
128 937
128 540
17 18
17 815
18 20
18 678
815 561
815 813
815 814
815 816
20 19
20 648
20 777
20 22
678 237
678 450
678 676
678 677
678 680
19 901
19 21
19 751
901 485
901 899
901 900
21 22
21 23
751 159
751 749
751 750
751 753
648 202
648 646
648 647
648 649
648 650
777 776
777 779
22 421
22 23
23 492
23 399
23 152
421 244
421 420
421 423
492 490
492 491
492 493
492 494
399 119
399 397
399 398
399 841
399 401
399 575
152 150
152 151
152 772
152 592
152 153
152 288
24 26
24 59
26 25
26 679
26 538
26 27
26 28
59 57
59 555
59 891
59 61
25 27
25 287
27 28
27 29
287 243
287 285
287 286
287 322
679 677
679 680
538 181
538 537
28 581
28 501
28 197
28 29
29 926
29 537
29 30
29 31
581 580
581 768
501 500
501 567
197 865
197 199
926 730
926 882
926 908
926 924
926 925
537 535
30 754
30 31
31 33
31 548
754 350
754 752
754 753
754 756
33 353
33 34
548 546
548 547
548 549
909 557
909 907
909 911
353 70
353 264
353 351
353 352
353 354
353 355
353 809
34 36
34 453
36 35
36 932
36 38
453 451
453 452
453 454
453 455
35 37
37 38
37 799
37 120
932 930
932 931
932 933
932 934
38 780
38 39
38 40
799 797
799 798
799 800
120 118
120 121
120 122
780 778
780 779
780 781
39 41
39 376
39 40
40 41
40 735
41 42
41 43
41 944
376 374
735 115
735 733
735 737
735 756
735 736
42 43
42 556
43 45
43 885
944 943
944 946
556 554
556 555
556 557
556 558
556 946
556 830
45 44
45 46
45 47
885 253
885 883
885 884
885 886
44 579
579 236
579 506
579 577
579 578
46 47
46 48
47 169
47 495
47 49
47 756
47 286
48 49
48 50
48 617
169 167
495 274
495 489
495 493
495 496
495 925
49 50
49 51
756 758
286 284
286 285
50 51
50 291
50 475
617 51
617 615
617 616
617 618
51 53
291 290
291 292
291 793
475 473
475 474
475 771
475 476
475 477
53 52
53 482
53 165
53 181
52 54
54 55
54 56
482 484
482 736
165 163
165 164
165 166
165 167
181 179
181 361
181 557
181 182
55 57
55 222
56 57
56 58
57 161
57 461
57 528
57 58
222 220
222 221
222 879
222 224
58 297
58 60
161 160
161 256
461 459
461 462
528 526
528 835
297 295
297 296
297 298
297 299
60 61
60 62
60 226
555 553
555 554
555 557
891 889
891 890
891 893
61 62
61 63
62 609
62 63
226 228
63 563
63 520
609 607
609 611
609 842
609 881
563 500
563 562
563 564
563 608
520 518
520 521
520 810
64 65
64 66
64 460
65 66
65 67
65 348
66 67
66 68
460 458
460 459
460 516
67 68
67 69
348 346
348 674
68 70
68 82
68 987
68 447
69 70
69 691
70 71
82 81
82 83
987 728
987 985
987 986
447 445
447 446
447 649
447 521
447 728
447 448
691 676
691 690
691 720
71 641
71 257
71 73
71 467
641 94
641 640
641 643
641 869
257 255
257 256
257 258
257 439
73 72
73 74
73 75
467 142
467 465
467 466
72 74
74 75
74 76
74 205
74 990
75 956
75 77
76 933
76 77
76 560
205 203
205 204
205 206
990 988
990 989
990 992
956 920
956 954
956 955
956 957
77 412
77 78
933 897
933 931
933 934
560 559
560 898
560 561
560 562
560 959
412 410
412 411
412 633
412 636
412 413
412 414
78 839
78 80
839 224
839 837
839 838
839 840
839 841
80 79
80 81
80 835
79 81
79 886
81 104
886 884
886 887
835 833
835 834
835 836
835 837
104 102
104 103
104 106
104 309
83 84
83 85
83 183
84 173
84 85
84 86
85 986
85 87
183 182
183 184
173 233
173 174
86 87
86 88
986 321
986 929
986 984
986 985
87 89
87 925
88 89
88 90
89 552
89 91
925 923
925 924
90 92
90 709
552 327
552 554
552 561
552 694
91 789
91 92
91 93
92 545
92 93
709 585
709 711
789 472
789 787
789 788
789 845
93 94
93 95
93 480
545 546
545 547
94 748
94 622
94 96
95 97
95 136
95 96
480 478
480 479
480 481
748 135
748 373
748 746
622 624
96 98
96 836
97 98
97 99
136 134
136 138
136 404
98 347
98 526
836 343
836 837
99 100
99 101
99 550
99 782
99 869
347 345
347 346
347 401
347 349
526 525
526 527
100 717
100 101
101 102
101 103
550 542
782 294
782 784
782 825
869 867
869 868
717 509
717 718
717 816
102 337
102 103
103 105
337 335
337 336
337 338
105 107
105 231
106 107
106 108
309 216
309 307
309 308
309 310
309 311
107 108
107 109
107 721
231 175
231 219
231 229
231 230
231 232
231 233
108 109
108 880
108 991
109 450
109 110
109 111
721 135
721 719
721 720
721 722
880 879
880 882
991 989
991 993
991 992
450 448
450 452
110 739
110 324
110 111
111 424
111 112
111 160
739 625
739 737
739 738
739 740
324 323
324 326
324 651
424 422
424 425
112 113
112 114
160 158
160 162
113 961
113 114
113 115
114 116
114 710
961 960
961 962
115 117
116 708
116 200
116 117
116 118
710 711
710 712
117 118
117 119
708 239
708 706
708 707
708 723
200 198
200 199
200 201
118 481
119 653
481 479
481 483
481 857
653 654
653 655
121 976
121 122
121 123
121 508
121 383
122 123
122 124
976 974
976 975
976 978
123 124
123 125
508 506
508 507
508 510
383 381
383 382
383 385
383 559
124 125
124 126
125 887
125 127
126 335
887 889
887 888
127 129
335 334
335 336
129 130
129 131
130 466
130 132
937 221
937 935
937 936
937 938
937 939
540 539
540 542
131 132
131 310
466 464
466 465
466 468
132 133
132 134
310 308
310 312
310 632
133 134
133 135
134 342
134 135
135 206
342 340
342 341
342 647
206 172
206 204
206 207
206 208
138 139
138 140
138 185
138 444
138 254
404 974
404 977
404 949
404 919
137 139
137 853
139 908
139 141
853 741
853 851
853 854
853 855
140 296
140 142
140 375
185 184
185 187
185 740
444 446
254 255
908 369
908 588
908 906
141 142
141 143
296 940
296 973
142 143
142 144
375 373
375 374
375 449
143 145
143 196
143 144
144 146
144 636
145 146
145 747
196 194
196 198
196 529
146 562
146 148
636 634
636 635
636 784
747 394
747 745
747 746
747 903
747 749
562 561
562 564
562 571
148 147
148 463
148 856
148 857
148 828
147 149
149 150
149 151
463 845
463 464
856 854
856 855
856 858
857 719
857 855
828 239
828 643
828 826
828 827
828 830
150 151
151 345
151 476
345 343
345 344
345 346
476 474
476 478
772 619
772 770
772 773
772 939
592 590
592 591
153 154
153 155
288 290
288 496
154 155
154 156
155 156
155 157
156 157
156 282
157 284
157 158
282 280
282 897
282 454
284 283
284 818
284 285
158 301
158 159
301 299
301 300
301 655
159 980
980 978
980 979
980 981
980 982
162 163
162 164
256 255
256 258
163 164
163 315
163 252
163 414
164 930
315 314
252 250
252 758
252 568
414 415
930 395
930 928
930 929
930 931
166 167
434 432
434 433
434 436
278 253
278 277
278 279
278 512
172 359
172 616
172 438
591 589
600 598
600 599
600 601
230 684
359 357
359 358
359 741
359 361
616 614
616 615
438 208
438 436
438 637
233 232
233 234
174 175
174 176
175 176
175 983
176 177
176 178
983 982
983 985
177 838
177 179
177 704
178 289
178 179
178 797
838 668
838 686
838 702
838 837
838 840
179 445
179 425
704 702
704 703
704 706
289 290
797 698
797 796
797 919
445 446
425 426
180 182
180 498
182 184
498 497
498 500
361 360
361 362
557 529
557 680
557 558
557 559
184 692
692 690
692 693
692 694
187 186
187 188
187 189
740 543
740 738
740 742
186 188
188 785
188 626
188 725
188 190
189 750
189 625
189 190
785 787
785 958
626 624
626 625
626 627
626 960
725 724
725 727
190 882
190 554
750 647
750 749
625 320
625 623
625 624
882 881
882 883
554 553
191 273
191 850
191 192
273 272
273 274
273 349
850 357
850 393
850 401
850 848
850 849
192 194
194 449
791 451
791 790
791 793
449 451
195 535
195 207
535 227
535 400
535 533
535 640
207 209
207 208
198 417
529 527
865 442
865 863
865 864
865 866
865 867
199 201
199 765
417 415
417 416
417 418
201 202
201 203
765 763
765 764
765 767
202 203
203 699
203 204
699 355
699 697
699 700
208 209
208 210
209 210
209 211
210 211
210 212
211 787
211 213
212 213
787 786
787 788
213 214
213 830
214 215
214 216
830 391
830 586
830 829
830 831
215 216
216 338
216 218
338 336
338 339
218 217
218 707
218 220
218 675
217 219
219 221
707 611
220 221
220 776
675 368
675 527
675 674
675 935
776 774
879 878
879 881
224 225
224 654
223 225
223 778
225 227
225 355
778 779
654 652
654 656
227 229
355 354
355 356
228 229
228 423
229 918
423 873
423 693
423 645
918 821
918 916
918 917
918 919
684 682
684 683
684 685
684 686
232 234
234 730
234 235
730 633
730 731
235 236
235 420
236 237
236 238
236 303
420 418
420 422
420 448
237 238
238 298
238 240
303 302
303 304
298 299
298 300
240 239
240 241
240 242
241 266
241 243
242 841
242 243
242 244
266 265
266 558
266 984
243 244
243 245
841 840
841 842
244 245
244 246
245 595
245 246
246 402
246 247
246 248
595 594
595 596
595 597
402 400
402 401
402 454
402 403
402 979
247 249
247 248
248 771
248 457
248 446
249 250
249 251
771 640
771 769
771 770
457 455
457 456
457 808
446 448
250 251
250 611
251 665
251 253
611 539
611 610
665 664
665 666
665 790
253 255
758 757
758 770
758 759
758 760
568 491
568 566
568 567
258 259
258 566
439 437
439 440
259 260
259 261
566 564
566 565
566 567
260 261
260 262
261 262
261 263
262 705
262 263
262 264
263 265
263 264
705 427
705 703
264 265
265 267
265 706
267 268
267 269
267 900
558 346
558 559
984 982
984 985
268 269
268 572
268 703
269 385
269 455
269 271
900 899
572 543
572 570
572 571
572 975
703 352
703 701
385 384
385 386
455 454
455 456
271 270
271 458
271 272
270 875
270 272
875 874
875 877
272 274
458 456
458 812
274 866
349 350
866 311
866 868
275 276
275 277
276 277
276 795
276 584
277 577
795 316
795 639
795 794
795 796
584 582
584 583
584 585
584 586
584 724
577 575
577 576
577 578
279 281
279 408
279 280
512 510
512 511
512 513
512 514
281 280
281 403
281 852
281 283
408 407
408 759
403 405
852 671
852 851
852 854
283 285
897 895
897 896
897 899
454 452
285 662
818 443
818 816
818 817
818 819
662 660
662 661
662 664
322 321
322 329
322 350
290 292
496 494
496 497
292 293
292 294
793 694
293 294
293 295
294 394
295 683
394 395
683 681
683 682
683 685
940 938
940 941
940 942
973 493
973 971
973 972
973 974
299 660
299 941
300 302
660 658
660 659
660 661
941 939
941 969
941 943
302 672
302 367
655 657
655 656
672 670
672 671
672 674
367 365
367 369
367 368
304 306
304 939
306 305
306 307
306 308
939 938
305 851
305 781
851 849
781 779
781 783
307 308
311 313
311 312
312 313
312 314
632 320
632 630
632 631
632 769
632 723
632 634
313 314
313 483
313 406
314 426
314 316
483 484
483 485
406 405
406 407
426 427
426 811
318 320
320 321
379 378
379 380
321 323
323 443
323 325
329 330
350 430
443 441
443 442
325 326
325 327
326 628
326 328
651 366
651 649
651 650
651 652
327 328
628 627
628 978
628 630
328 462
328 863
462 448
462 618
462 464
863 861
863 862
863 864
330 386
330 331
330 332
386 384
386 388
386 621
331 332
331 333
332 334
332 938
333 820
333 334
333 968
334 522
334 825
938 936
820 819
820 822
968 966
968 967
968 969
968 970
522 521
522 523
522 524
825 823
825 824
339 723
339 341
723 415
723 689
723 722
341 340
341 343
343 344
647 645
647 646
647 715
344 346
344 686
346 959
686 685
959 858
959 957
959 958
401 715
401 500
401 916
674 553
674 673
430 428
430 429
430 432
351 352
354 356
809 807
809 808
809 811
356 357
356 358
357 358
358 360
360 362
741 667
741 872
362 363
362 486
363 365
486 484
486 485
486 487
486 488
365 366
366 587
587 585
587 588
587 589
369 370
369 371
369 951
368 370
370 921
370 371
370 372
371 373
371 767
951 821
921 920
921 923
372 373
372 374
373 433
373 985
767 766
767 769
767 768
433 432
378 380
380 381
380 382
381 382
382 384
384 590
559 927
590 589
388 387
388 389
388 567
621 619
621 623
387 389
389 634
389 391
567 565
567 569
634 635
391 390
391 393
390 392
392 393
392 907
392 759
393 395
907 905
907 906
759 757
759 760
759 761
395 397
397 396
397 398
396 398
398 494
398 400
575 573
575 574
715 714
916 914
405 407
974 972
977 601
977 975
977 978
949 947
949 948
949 950
919 917
919 920
407 409
407 546
409 410
409 411
546 544
546 805
410 411
411 413
413 514
413 415
633 631
633 635
633 712
514 516
416 418
416 513
513 511
513 515
422 465
465 464
873 670
873 871
873 874
693 638
693 695
645 643
645 644
645 646
427 428
427 429
811 712
811 810
428 895
429 733
895 657
895 893
895 894
895 896
733 731
436 435
436 437
435 437
437 913
913 888
913 911
913 912
913 914
913 915
637 635
637 638
637 639
440 441
440 442
441 442
649 732
728 726
728 727
728 803
728 774
728 729
808 807
808 810
812 810
812 813
812 814
516 515
516 517
516 518
845 843
845 844
845 846
845 847
468 469
468 470
469 737
469 470
469 471
470 471
470 472
737 736
471 760
471 472
472 904
472 473
760 761
760 762
904 906
473 732
732 731
477 478
477 479
477 814
478 479
484 485
485 487
487 868
487 488
488 489
488 490
868 867
868 870
489 899
490 491
491 493
502 783
502 784
502 503
502 504
783 784
784 786
784 981
503 505
503 504
504 719
504 506
504 773
505 506
505 507
719 718
719 720
506 507
507 509
509 510
510 511
515 517
517 518
517 700
517 800
518 729
518 519
700 698
700 701
800 798
800 801
800 802
729 727
729 731
519 763
763 605
763 761
763 762
763 764
523 524
523 525
524 525
524 573
525 527
573 574
527 824
824 822
824 823
530 531
530 532
531 532
531 533
532 533
532 534
533 534
534 946
946 945
946 948
539 541
541 542
541 543
542 543
542 544
547 549
805 804
549 652
549 551
652 650
652 676
551 553
551 727
727 726
694 695
694 696
680 681
927 929
898 867
898 896
564 774
571 569
571 570
608 606
608 607
608 610
565 988
569 713
569 570
713 599
713 711
713 712
713 714
713 922
975 603
574 576
576 578
576 878
578 580
878 876
878 877
580 582
582 583
768 766
768 769
768 770
583 585
585 996
585 586
586 588
724 722
996 994
996 995
996 997
588 589
594 596
596 676
596 942
596 597
596 598
597 598
597 599
676 598
942 943
601 602
601 603
602 603
602 604
602 992
603 867
604 605
604 606
992 994
605 606
606 607
610 612
842 840
842 843
842 844
612 613
612 614
613 614
613 615
614 615
615 639
639 638
623 624
627 629
960 955
960 958
629 630
629 631
630 631
769 770
769 821
643 642
643 644
642 644
644 646
646 813
656 657
656 658
657 658
658 659
659 661
664 666
664 711
666 667
666 668
790 788
667 668
668 669
669 670
669 671
670 671
671 673
935 934
935 936
681 682
685 965
965 963
965 964
965 966
688 689
688 690
689 690
720 718
720 722
695 697
695 696
696 698
696 862
697 698
697 950
862 861
862 864
950 948
950 952
701 702
714 966
714 877
922 920
922 924
966 964
966 967
877 876
716 827
716 718
827 826
827 829
816 817
803 802
803 804
742 744
872 870
872 871
872 874
744 745
744 746
745 948
948 947
903 788
903 905
753 752
753 755
755 757
755 864
864 858
761 762
762 764
764 766
821 819
821 823
786 788
981 892
981 982
958 957
794 796
796 798
801 802
801 967
802 804
967 969
995 993
995 994
995 997
807 834
834 832
834 833
817 998
998 952
998 997
822 823
826 912
912 910
912 911
829 831
831 833
831 832
833 832
843 844
844 846
846 847
846 848
847 849
847 848
848 849
854 855
870 871
874 876
883 884
889 888
889 890
890 892
892 893
893 894
894 896
905 906
910 936
914 915
915 923
915 917
923 924
929 928
969 971
943 945
945 947
952 954
954 953
954 955
953 955
962 963
962 964
963 964
970 971
970 972
971 972
993 994
1
