100 1 200
1 2
1 3
1 100
1 99
2 100
2 3
2 4
3 4
3 5
3 48
99 30
99 97
99 98
4 5
4 6
5 6
5 7
48 46
48 47
48 73
48 50
6 7
6 8
7 9
7 83
8 9
8 10
9 10
9 11
9 26
83 39
83 81
83 82
83 85
10 11
10 12
11 12
11 94
26 24
26 25
26 27
12 41
12 77
12 13
94 20
94 62
94 92
94 93
94 95
41 39
41 40
41 50
77 17
77 27
77 75
77 76
77 78
77 79
13 14
13 15
14 30
14 16
15 17
15 59
15 16
30 28
30 29
30 73
30 54
30 91
30 31
16 17
16 18
17 67
17 19
59 57
59 98
59 61
18 19
18 20
18 53
67 65
67 66
67 69
19 20
19 73
20 21
20 22
53 51
53 52
53 55
73 40
73 71
73 72
21 22
21 23
22 23
22 24
23 25
23 24
24 25
25 27
27 36
36 34
36 37
36 38
36 56
28 29
29 31
31 33
31 32
54 52
54 88
54 96
91 90
91 93
33 32
33 34
33 35
32 34
34 35
35 75
35 37
75 74
75 76
37 38
37 39
37 85
37 58
38 42
38 39
56 55
56 58
39 40
85 84
85 86
85 89
58 57
58 60
42 40
42 43
42 44
50 49
50 51
50 52
43 44
43 45
44 45
44 46
45 46
45 47
46 47
47 49
49 51
51 95
95 93
95 97
95 96
55 86
88 87
88 89
96 97
96 98
86 74
86 84
86 87
60 61
60 62
98 87
98 97
61 62
61 63
62 63
63 65
63 64
65 64
65 66
64 66
66 68
68 69
68 70
69 70
69 71
70 71
70 72
71 72
72 74
74 76
76 78
78 79
78 80
79 81
79 80
80 81
80 82
81 82
82 84
89 90
90 92
92 93
1
