100 1 200
1 2
1 3
1 100
2 100
2 3
2 87
3 4
3 5
100 76
100 98
87 86
87 89
87 88
4 53
4 6
5 6
5 7
53 51
53 52
53 71
53 55
6 7
6 8
7 9
7 8
8 9
8 90
9 41
9 11
9 54
90 84
90 88
90 92
41 27
41 40
41 42
41 84
11 10
11 12
11 48
54 52
54 56
10 13
13 12
13 43
13 14
13 57
13 58
12 14
48 46
48 47
48 49
48 50
14 17
14 16
43 42
43 44
43 45
57 55
57 56
57 59
58 56
58 81
58 60
17 16
17 18
17 19
16 15
16 18
15 85
15 63
85 83
85 84
85 86
63 18
63 61
63 62
63 65
63 64
18 20
19 20
19 21
20 52
20 21
21 68
21 23
21 64
68 28
68 66
68 67
68 69
23 22
23 25
23 24
64 62
64 66
22 24
24 25
24 26
25 26
25 27
26 27
26 28
27 98
27 29
28 98
28 30
98 51
98 97
29 30
29 31
30 31
30 32
31 33
31 99
31 32
32 33
32 34
33 34
33 35
33 86
99 95
99 97
34 35
34 36
35 36
35 37
86 84
36 37
36 75
36 40
37 38
37 39
75 73
75 74
75 76
75 77
40 39
38 39
38 78
38 49
39 78
78 77
78 79
78 80
49 47
49 50
42 44
84 82
84 83
44 45
44 46
45 71
45 46
45 47
46 89
46 47
71 69
71 70
71 72
47 96
89 88
89 91
96 94
96 95
96 97
50 72
50 51
50 92
72 70
72 73
92 91
92 93
92 94
55 56
59 60
59 93
81 80
81 82
60 61
60 62
93 91
93 94
93 95
61 62
65 66
65 67
66 67
66 79
67 69
79 77
79 80
69 70
73 97
97 95
74 76
76 77
80 82
82 83
94 95
1
