1000 1 3000
1 2
1 4
1 998
1 999
1 1000
1 334
2 3
2 4
2 5
2 999
2 1000
4 5
4 6
4 7
998 837
998 995
998 997
998 999
999 996
999 997
999 1000
1000 3
1000 997
334 38
334 331
334 333
334 335
334 336
3 6
3 135
3 987
5 6
5 7
5 8
6 7
6 8
6 9
6 748
135 132
135 136
135 137
135 138
987 494
987 984
987 985
987 986
987 988
987 989
7 8
7 9
7 681
7 381
8 10
8 11
8 852
9 10
9 11
9 12
9 884
9 262
748 440
748 745
748 747
748 938
748 749
681 20
681 678
681 679
681 680
681 683
681 684
381 24
381 286
381 379
381 380
381 382
381 383
10 11
10 12
10 13
10 889
11 12
11 13
11 14
852 311
852 849
852 850
852 851
852 853
852 854
852 855
12 100
12 13
12 15
12 208
884 292
884 881
884 882
884 883
884 885
884 886
262 259
262 260
262 261
262 263
262 265
13 15
13 26
13 796
889 886
889 887
889 888
889 891
889 892
14 15
14 16
14 17
100 97
100 98
100 99
100 101
100 102
100 103
100 455
15 16
15 17
15 18
208 205
208 206
208 207
208 786
208 210
208 954
26 23
26 24
26 25
26 970
26 27
26 28
796 94
796 445
796 778
796 793
796 794
796 795
796 797
796 798
796 799
16 718
16 17
16 19
16 378
17 18
17 19
17 634
18 19
18 20
18 21
718 715
718 716
718 717
718 719
718 720
718 721
19 145
19 102
19 20
19 21
19 22
19 122
378 146
378 375
378 376
378 377
378 380
634 632
634 633
634 635
634 636
634 637
20 21
20 22
20 23
21 22
21 23
21 24
145 143
145 144
145 146
145 148
102 99
102 104
102 105
22 23
22 24
22 25
122 119
122 120
122 121
122 124
122 125
23 24
23 25
24 25
25 196
25 27
196 193
196 194
196 195
196 197
196 199
196 674
27 28
27 29
27 30
970 967
970 968
970 969
970 971
970 972
970 973
28 29
28 30
28 31
29 377
29 30
29 31
30 33
30 155
30 32
31 33
31 34
31 265
31 32
377 374
377 375
377 376
377 527
377 379
377 380
33 32
33 65
33 34
33 36
155 152
155 153
155 154
155 516
155 156
155 157
155 158
32 34
32 35
34 35
34 36
34 37
265 252
265 263
265 264
265 267
35 36
35 38
35 598
65 62
65 63
65 66
65 67
65 68
65 734
36 37
36 38
36 39
37 38
37 39
37 40
38 39
38 40
38 41
598 595
598 596
598 597
598 599
598 600
598 601
39 40
39 41
39 42
40 42
40 43
40 373
40 252
41 42
41 44
41 848
42 43
42 44
42 45
42 342
43 44
43 45
43 46
43 58
373 370
373 371
373 372
373 374
373 376
252 225
252 249
252 250
252 251
252 254
252 255
44 46
44 47
44 223
848 845
848 846
848 847
848 942
848 850
848 851
45 46
45 47
45 48
342 339
342 340
342 341
342 343
342 344
46 325
46 134
46 47
46 48
46 49
58 56
58 57
58 300
58 59
58 61
47 105
47 48
47 49
47 253
223 220
223 221
223 673
223 226
223 224
48 651
48 49
48 51
325 322
325 323
325 326
325 327
134 131
134 132
134 133
134 136
134 137
49 355
49 50
49 51
105 103
105 104
105 106
105 107
105 108
253 251
253 873
253 255
253 256
651 648
651 649
651 650
651 652
651 653
651 654
651 968
51 846
51 52
51 54
355 352
355 353
355 354
355 356
355 357
355 358
50 78
50 52
50 53
50 537
78 75
78 76
78 77
78 79
78 80
78 81
52 879
52 53
52 54
52 55
53 55
53 56
53 858
537 534
537 535
537 536
537 642
537 965
537 538
537 539
846 843
846 845
846 847
846 849
54 55
54 56
54 57
879 876
879 877
879 878
879 880
879 881
55 180
55 56
55 57
56 57
56 59
858 855
858 856
858 857
858 859
858 860
858 861
57 59
57 60
180 177
180 178
180 179
180 363
180 181
180 182
180 567
59 60
59 61
59 62
60 61
60 62
60 63
300 297
300 298
300 299
300 301
300 303
61 62
61 63
61 64
62 63
62 64
63 66
63 64
64 66
64 67
64 771
66 609
66 68
66 69
66 312
66 442
67 68
67 69
67 70
771 479
771 768
771 769
771 770
771 773
771 774
68 69
68 71
68 403
734 731
734 732
734 733
734 737
734 735
609 606
609 608
609 610
609 611
69 70
69 71
69 72
312 309
312 310
312 788
312 313
442 439
442 440
442 441
442 912
442 819
442 443
442 445
70 900
70 71
70 72
70 73
71 72
71 73
71 74
71 209
403 129
403 400
403 401
403 402
403 405
403 406
72 289
72 73
72 74
72 75
72 916
900 361
900 471
900 897
900 898
900 899
900 903
900 941
73 137
73 74
73 75
73 76
74 75
74 76
74 77
209 206
209 207
209 211
209 212
289 286
289 287
289 291
289 292
289 402
75 76
75 552
75 509
916 913
916 914
916 915
916 917
916 919
137 136
137 139
137 140
76 77
76 79
76 87
77 79
77 80
552 374
552 549
552 550
552 551
552 553
552 554
552 555
509 506
509 507
509 508
509 706
509 510
509 512
79 80
79 81
79 375
87 84
87 85
87 86
87 88
87 89
80 741
80 81
80 82
81 580
81 82
81 892
375 133
375 372
375 374
375 376
741 387
741 738
741 739
741 740
741 742
741 743
741 744
82 617
82 83
82 85
580 184
580 577
580 578
580 579
580 581
580 582
892 466
892 890
892 891
892 894
892 895
617 614
617 615
617 616
617 618
617 619
617 620
83 84
83 85
83 86
85 84
85 631
85 86
84 452
84 752
84 86
86 88
86 89
452 449
452 450
452 451
452 454
452 455
752 749
752 750
752 751
752 753
752 754
752 957
631 233
631 628
631 629
631 630
631 632
631 633
88 803
88 679
88 89
88 90
89 451
89 434
89 90
89 91
803 800
803 801
803 802
803 804
803 805
803 806
679 676
679 677
679 678
679 680
90 687
90 91
90 92
90 93
451 448
451 449
451 450
451 453
451 454
434 431
434 432
434 593
434 435
434 436
91 92
91 93
91 94
687 684
687 685
687 686
687 689
687 690
92 93
92 94
92 95
93 94
93 95
93 96
94 494
94 95
94 96
95 98
95 856
95 96
96 97
96 98
96 99
494 491
494 493
494 496
494 497
98 97
98 101
98 612
856 853
856 854
856 855
856 996
856 857
856 859
97 99
99 101
101 104
101 854
101 578
612 610
612 611
612 613
612 614
612 615
103 104
103 106
455 453
455 454
455 457
455 458
104 106
104 107
104 703
854 662
854 851
854 853
854 857
578 575
578 576
578 577
578 579
578 581
106 107
106 108
106 109
107 108
107 109
107 110
703 701
703 702
703 705
703 706
108 109
108 110
108 111
109 228
109 110
109 111
109 112
110 111
110 113
110 409
111 112
111 113
111 114
228 225
228 226
228 227
228 229
228 231
112 113
112 114
112 115
113 114
113 115
113 116
409 406
409 407
409 408
409 410
409 411
409 412
114 115
114 116
114 815
114 701
115 116
115 117
115 118
116 117
116 118
116 119
815 812
815 813
815 814
815 816
815 817
815 818
701 207
701 698
701 699
701 700
701 702
117 118
117 119
117 120
118 555
118 215
118 120
118 121
119 120
119 121
120 121
120 123
555 553
555 554
555 556
555 557
215 212
215 214
215 216
215 217
215 218
121 944
121 274
123 368
123 125
123 126
944 941
944 942
944 943
944 945
944 946
944 947
274 271
274 272
274 273
274 275
274 276
274 277
124 125
124 126
124 127
125 581
125 126
125 127
125 128
368 365
368 366
368 367
368 749
368 369
368 370
368 371
126 129
126 127
126 128
127 129
127 130
127 128
581 579
581 582
581 583
128 129
128 130
128 131
129 131
129 344
129 352
130 131
130 132
130 133
131 132
131 133
131 306
344 341
344 343
344 345
344 346
344 347
352 349
352 350
352 351
352 353
352 354
132 133
132 162
133 136
306 303
306 304
306 305
306 308
306 309
162 159
162 160
162 161
162 164
162 165
136 138
136 139
138 139
138 140
138 141
139 140
139 141
139 142
140 141
140 142
140 143
140 433
141 142
141 143
141 144
141 440
142 143
142 144
142 175
142 281
143 516
143 144
143 146
433 430
433 431
433 432
433 435
433 436
144 146
144 147
440 437
440 438
440 439
175 172
175 174
175 176
175 177
175 178
281 278
281 279
281 280
281 283
281 284
516 513
516 514
516 515
516 517
146 147
146 148
146 149
147 148
147 149
147 150
148 712
148 149
148 151
149 150
149 151
149 152
150 151
150 152
150 153
150 954
712 710
712 711
712 713
712 714
712 715
151 839
151 152
151 153
151 154
152 153
152 154
153 154
153 156
954 951
954 952
954 953
954 955
954 956
839 836
839 837
839 838
839 841
839 842
154 156
154 157
156 157
156 158
156 159
157 158
157 159
157 160
158 161
158 503
158 159
158 160
159 161
159 160
160 161
160 163
161 163
161 299
503 500
503 501
503 505
503 506
163 164
163 165
163 166
163 326
299 296
299 297
299 298
299 301
299 302
164 165
164 166
164 167
165 166
165 167
165 168
166 897
166 168
166 648
166 725
326 323
326 324
326 646
326 328
167 168
167 169
167 170
168 169
168 170
168 171
168 909
897 791
897 894
897 895
897 896
897 898
897 899
648 645
648 646
648 647
648 649
648 650
725 722
725 723
725 724
725 727
725 728
169 170
169 171
169 172
169 843
170 171
170 172
170 173
171 172
171 173
171 174
909 906
909 907
909 908
909 911
909 912
172 549
172 173
172 174
843 840
843 841
843 842
843 844
173 174
173 176
173 576
174 176
174 177
549 260
549 521
549 546
549 547
549 548
549 551
176 177
176 178
176 179
576 573
576 574
576 575
576 577
576 579
177 178
177 179
178 179
178 181
179 181
179 182
181 182
181 183
181 184
182 183
182 184
182 185
363 361
363 362
363 364
363 365
567 564
567 565
567 566
567 568
567 569
567 570
183 184
183 185
183 186
184 185
184 186
184 187
185 186
185 187
185 188
186 187
186 188
186 189
187 781
187 820
187 190
188 901
188 190
188 191
189 613
189 766
189 190
189 191
781 779
781 780
781 782
781 783
781 784
820 818
820 819
820 821
820 822
820 823
190 193
190 191
190 192
901 425
901 898
901 899
901 903
901 904
191 193
191 194
191 410
191 192
613 324
613 610
613 611
613 614
613 615
613 616
766 763
766 764
766 765
766 769
766 768
193 192
193 194
193 195
192 195
192 286
194 195
194 197
410 407
410 408
410 411
410 412
195 197
195 198
286 284
286 285
286 709
197 198
197 199
197 200
198 199
198 200
198 201
198 448
199 200
199 201
199 202
674 671
674 673
674 675
674 676
674 677
200 705
200 201
200 523
200 888
201 684
201 203
201 204
448 446
448 447
448 450
202 203
202 204
202 205
705 427
705 702
705 704
705 706
705 708
523 295
523 469
523 520
523 521
523 522
523 525
888 885
888 886
888 887
888 890
888 891
684 682
684 683
684 685
684 686
203 204
203 205
203 206
203 746
203 941
204 205
204 206
204 207
205 206
205 207
205 762
206 207
746 477
746 743
746 744
746 745
746 747
941 938
941 939
941 940
941 943
762 759
762 760
762 761
762 764
762 765
786 783
786 784
786 785
786 788
786 789
210 211
210 213
210 975
211 212
211 213
211 214
212 213
212 214
213 214
213 216
213 891
213 222
975 220
975 973
975 974
975 976
975 977
975 978
214 216
214 217
216 217
216 218
216 219
891 894
222 219
222 221
222 225
222 927
222 224
217 218
217 219
217 220
218 883
218 219
218 220
218 221
219 220
219 221
220 221
883 880
883 882
883 885
221 224
224 225
224 226
224 227
225 226
225 227
225 933
927 621
927 924
927 925
927 926
927 929
927 930
673 670
673 671
673 672
673 675
673 676
226 227
226 229
227 229
227 230
933 930
933 931
933 932
933 934
933 936
229 230
229 231
229 232
230 231
230 232
230 599
231 232
231 233
231 234
232 233
232 234
232 235
599 280
599 596
599 597
599 601
599 602
233 234
233 235
233 236
234 235
234 236
234 237
235 236
235 237
235 238
236 237
236 238
236 569
237 238
237 239
237 240
238 239
238 240
238 241
569 566
569 568
569 570
569 571
569 572
239 240
239 241
239 242
240 241
240 242
240 243
241 242
241 243
241 244
242 243
242 244
242 245
243 244
243 245
243 246
244 245
244 246
244 247
245 548
245 246
245 248
246 247
246 248
246 249
247 248
247 249
247 250
548 545
548 546
548 547
548 550
548 551
248 922
248 249
248 250
248 251
249 250
249 251
250 421
250 251
922 667
922 817
922 919
922 920
922 923
922 924
251 254
421 418
421 419
421 420
421 422
421 423
421 424
254 257
254 255
254 256
255 258
255 453
255 256
873 870
873 871
873 874
873 910
256 257
256 258
256 259
257 258
257 259
257 504
258 259
258 260
258 261
453 450
453 454
453 456
259 260
259 261
504 501
504 502
504 505
504 506
504 507
260 263
260 688
261 263
261 264
263 264
263 266
688 685
688 686
688 690
688 691
264 266
264 267
266 961
266 267
266 268
267 269
267 270
267 699
267 668
961 958
961 959
961 960
961 962
961 963
961 964
268 269
268 270
268 271
269 270
269 271
269 272
270 271
270 273
270 278
699 696
699 697
699 698
699 700
699 702
668 665
668 666
668 667
668 670
668 671
271 485
271 583
271 273
271 732
272 273
272 275
273 531
273 276
278 275
278 276
278 277
278 279
278 280
485 482
485 483
485 484
485 486
485 488
583 427
583 582
583 585
583 586
732 729
732 730
732 731
732 733
732 735
275 556
275 276
531 528
531 529
531 532
531 533
531 534
276 277
276 279
277 279
277 280
556 553
556 554
556 557
556 558
556 559
279 298
279 282
280 932
280 283
298 295
298 296
298 297
298 301
282 283
282 284
282 285
932 700
932 930
932 931
932 934
932 935
283 713
283 284
283 285
284 285
284 287
285 287
285 288
713 704
713 710
713 711
713 714
713 715
287 290
287 288
288 290
288 291
288 658
709 706
709 707
709 708
709 710
709 711
709 979
290 291
290 292
290 293
291 292
291 293
291 294
658 655
658 656
658 657
658 659
658 660
658 661
292 293
292 294
292 532
402 399
402 400
402 401
402 490
293 295
293 296
293 960
294 295
294 296
294 297
532 529
532 530
532 533
532 534
295 296
295 297
296 297
960 958
960 962
960 963
301 302
301 304
301 829
302 303
302 304
302 305
303 304
303 305
304 305
304 307
829 657
829 826
829 827
829 828
829 894
829 830
829 832
305 307
305 308
305 692
307 308
307 309
307 310
308 309
308 310
308 311
692 318
692 689
692 690
692 691
692 694
309 310
309 311
310 311
310 313
311 313
311 314
313 770
313 315
313 316
314 315
314 316
314 317
788 785
788 787
788 789
788 790
788 791
770 767
770 768
770 772
770 773
315 316
315 317
315 318
316 317
316 318
316 319
317 318
317 319
317 320
318 321
318 319
318 320
319 322
319 969
319 320
320 322
320 323
320 533
321 322
321 323
321 945
322 324
322 830
969 966
969 967
969 968
969 971
969 972
323 324
323 790
323 672
533 530
533 534
533 535
533 536
945 769
945 863
945 942
945 943
945 946
945 947
945 948
324 327
830 828
830 833
830 831
830 832
790 646
790 787
790 789
790 792
790 793
672 424
672 481
672 669
672 670
672 671
327 328
327 329
327 330
646 643
646 644
646 645
646 647
646 827
328 329
328 330
328 331
329 330
329 331
329 885
330 331
330 332
330 333
331 332
331 333
331 568
885 882
885 886
885 887
332 333
332 335
332 943
333 869
333 335
333 336
568 565
568 566
568 663
568 896
335 336
335 337
335 338
943 940
943 942
943 946
869 866
869 867
869 868
869 870
869 871
336 337
336 338
336 339
337 338
337 339
337 340
338 339
338 340
338 341
339 340
339 341
340 594
340 341
341 343
341 890
594 591
594 592
594 593
594 595
594 596
594 597
343 345
343 346
890 887
890 893
345 476
345 346
345 348
346 347
346 348
346 349
347 348
347 349
347 350
476 473
476 474
476 475
476 477
476 478
476 479
348 349
348 350
348 351
349 350
349 351
350 353
350 966
350 588
350 351
351 353
351 834
353 354
353 356
966 963
966 964
966 968
588 585
588 586
588 587
588 589
588 590
834 831
834 832
834 835
834 836
834 837
354 356
354 357
356 676
356 357
356 359
357 358
357 359
357 360
358 359
358 360
358 361
676 675
676 677
676 678
359 360
359 361
359 362
360 361
360 362
360 614
361 364
362 841
362 364
362 365
614 611
614 615
614 616
364 365
364 366
364 367
841 838
841 840
841 844
365 366
365 367
366 780
366 367
367 370
367 700
780 777
780 778
780 779
780 782
780 783
370 371
370 372
700 697
700 698
700 702
749 747
749 751
369 371
369 372
369 632
371 372
371 374
372 374
372 923
632 538
632 629
632 630
632 633
632 635
923 921
923 925
923 926
376 525
376 379
525 522
525 524
525 526
525 527
379 380
379 382
527 524
527 526
527 528
527 530
380 382
380 383
382 385
382 383
382 384
383 385
383 386
383 384
385 384
385 386
385 387
385 388
384 386
384 387
386 387
386 388
386 389
387 388
387 857
388 389
388 390
388 391
389 390
389 391
389 392
857 855
857 859
857 860
390 391
390 392
390 393
391 392
391 393
391 394
392 393
392 394
392 395
393 394
393 395
393 396
394 395
394 396
394 397
395 396
395 397
395 398
396 397
396 398
396 399
397 398
397 399
397 400
398 399
398 400
398 401
399 400
399 401
399 959
400 401
401 404
959 956
959 957
959 958
959 962
404 405
404 406
404 407
404 607
490 487
490 488
490 489
490 491
490 492
490 493
490 502
405 656
405 407
405 408
406 407
406 408
407 408
607 528
607 604
607 605
607 606
607 610
656 653
656 654
656 655
656 657
656 659
408 411
411 462
411 412
411 413
411 414
412 497
412 413
412 415
462 459
462 460
462 461
462 714
462 464
462 465
413 414
413 415
413 416
414 417
414 415
414 416
497 491
497 495
497 496
497 499
497 500
415 417
415 418
415 416
416 417
416 418
416 419
417 418
417 420
417 456
417 492
417 640
418 419
418 420
419 420
419 422
419 881
420 422
420 423
456 454
456 457
456 459
492 489
492 491
492 493
492 495
640 637
640 638
640 639
640 641
640 642
640 643
422 423
422 424
422 425
881 878
881 880
881 882
423 424
423 425
423 426
424 425
424 426
424 427
425 426
425 427
425 428
426 427
426 428
426 429
427 428
427 429
428 429
428 430
428 431
429 431
429 432
429 832
430 431
430 432
431 432
432 435
832 831
832 833
832 835
435 522
435 437
435 438
436 437
436 438
436 439
593 590
593 591
593 592
593 596
522 519
522 521
522 587
437 438
437 439
438 472
438 439
438 441
439 441
472 470
472 471
472 473
472 474
441 443
441 444
443 444
443 445
443 446
444 445
444 446
444 447
912 910
912 911
912 913
912 914
819 816
819 817
819 818
819 821
819 822
445 697
445 446
445 447
446 449
446 447
447 449
447 450
697 694
697 695
697 696
449 450
454 457
457 458
457 459
457 460
458 459
458 460
458 461
459 460
459 461
460 461
460 463
461 463
461 464
463 465
463 466
463 981
464 872
464 465
464 466
464 467
714 711
714 715
714 717
465 769
465 466
465 467
465 468
466 467
466 468
466 469
981 482
981 978
981 979
981 980
981 982
981 983
872 870
872 874
872 875
467 468
467 469
467 470
769 767
769 768
468 973
468 469
468 470
469 662
469 471
470 471
470 473
973 971
973 972
973 974
973 976
662 659
662 660
662 663
662 664
662 665
471 757
471 474
473 474
473 475
757 754
757 755
757 756
757 758
757 760
474 475
474 477
475 477
475 478
477 478
477 479
477 480
478 481
478 479
478 480
479 481
479 482
479 480
480 481
480 482
480 483
481 483
481 484
482 483
482 484
483 484
483 486
484 486
484 487
486 487
486 488
486 489
487 488
487 489
488 489
488 491
489 491
491 493
493 495
493 496
502 499
502 500
502 501
502 505
495 496
495 498
496 498
496 499
498 499
498 500
498 501
499 500
499 501
500 871
500 501
871 868
871 870
871 874
505 506
505 507
505 508
506 535
506 507
506 508
507 508
507 510
508 510
508 511
535 534
535 536
510 513
510 511
510 512
511 513
511 514
511 921
511 512
706 704
706 707
512 513
512 514
512 515
513 514
513 515
514 515
514 517
921 918
921 919
921 920
921 924
515 517
515 518
517 518
517 519
517 520
518 519
518 520
518 521
519 520
519 645
520 521
520 798
645 643
645 644
645 647
798 795
798 797
798 801
798 799
798 800
587 584
587 585
587 586
587 590
587 831
524 926
926 924
926 925
926 929
926 928
526 528
526 529
526 799
528 529
528 530
529 972
529 530
799 797
799 801
799 800
530 993
530 554
972 971
972 974
993 559
993 990
993 991
993 992
993 994
993 995
554 551
554 553
534 536
536 538
536 539
538 539
538 541
539 540
539 541
539 542
642 639
642 641
642 643
642 644
965 962
965 963
965 964
965 967
965 968
541 540
541 600
541 542
541 544
540 542
540 543
542 545
542 543
542 544
543 545
543 546
543 544
600 597
600 601
600 602
600 603
544 545
544 546
544 547
545 546
545 547
546 547
547 550
550 551
550 553
551 553
553 833
833 831
833 835
833 836
557 558
557 559
557 560
558 559
558 560
558 561
559 561
559 562
559 603
560 561
560 562
560 563
561 979
561 680
561 562
561 563
561 564
562 563
562 564
562 565
603 601
603 602
603 816
603 604
603 605
603 606
563 564
563 565
563 566
979 976
979 977
979 978
979 982
680 677
680 678
680 682
564 565
564 566
565 566
566 636
636 635
636 638
636 639
570 840
570 572
570 573
663 660
663 661
663 665
663 666
896 893
896 894
896 895
896 898
896 899
571 572
571 573
571 574
572 573
572 574
572 575
840 837
840 838
840 842
573 574
573 575
574 577
574 575
575 577
577 579
579 582
582 584
582 585
584 585
584 586
585 586
586 589
589 590
589 591
589 592
590 591
590 592
831 828
591 592
591 863
592 595
863 860
863 861
863 862
863 864
595 596
595 597
596 597
601 602
601 604
602 604
602 605
604 605
604 606
605 844
605 606
605 608
816 813
816 814
816 818
606 608
844 842
844 845
844 847
608 610
608 611
610 611
615 616
615 618
616 618
616 619
618 619
618 620
618 621
619 620
619 621
619 622
620 621
620 622
620 623
621 845
621 622
621 623
622 623
622 624
622 625
623 624
623 625
623 626
845 842
845 847
624 625
624 626
624 627
625 626
625 627
625 628
626 627
626 628
626 629
627 628
627 629
627 630
628 629
628 630
629 630
630 633
633 635
633 670
635 637
635 638
670 667
670 671
637 638
637 639
638 980
638 639
639 641
980 977
980 978
980 982
980 983
641 643
641 644
643 644
644 647
647 649
647 650
827 824
827 825
827 826
827 828
649 650
649 652
650 652
650 653
652 653
652 654
652 655
653 936
653 655
654 655
654 657
968 967
655 657
936 934
936 935
936 937
936 938
936 939
657 659
659 660
659 661
660 661
661 865
661 664
865 862
865 864
865 866
865 867
865 868
664 665
664 666
664 667
665 666
665 667
666 667
666 669
669 707
669 671
707 704
707 708
707 710
675 677
675 678
677 678
682 683
682 685
683 685
683 686
685 686
686 689
689 690
689 691
690 691
690 693
690 861
691 693
691 694
693 809
693 694
693 695
861 859
861 860
861 864
694 695
694 696
809 806
809 807
809 808
809 810
809 811
809 812
695 696
695 698
696 698
702 704
708 710
708 711
710 711
715 716
715 717
717 716
717 719
717 720
716 719
719 720
719 721
719 722
720 721
720 722
720 723
721 722
721 723
721 724
722 723
722 724
723 724
723 726
723 920
724 726
724 727
726 727
726 728
726 729
920 918
920 919
727 728
727 729
727 730
728 729
728 730
728 731
729 730
729 731
730 731
730 733
731 733
733 735
733 736
735 737
735 738
735 736
736 737
736 738
736 739
737 738
737 739
737 740
738 739
738 740
739 740
739 823
740 742
740 743
823 805
823 821
823 822
823 825
823 826
742 743
742 744
742 745
743 744
743 745
744 745
744 747
745 747
747 750
750 751
750 753
938 935
938 937
938 939
938 940
751 753
751 754
753 754
753 755
753 756
754 755
754 756
957 955
957 956
957 958
755 756
755 758
756 759
756 952
758 759
758 760
758 761
759 760
759 761
952 949
952 950
952 951
952 953
952 955
760 761
760 763
761 763
761 764
763 764
763 765
764 765
764 767
765 767
765 768
767 768
772 773
772 774
772 775
772 985
773 774
773 775
773 776
774 775
774 776
774 777
775 776
775 777
775 778
985 982
985 983
985 984
985 988
776 929
776 777
776 778
776 779
777 778
777 779
778 779
929 928
929 930
929 931
779 782
782 783
782 784
782 785
783 784
783 785
784 785
784 787
785 787
787 789
789 791
789 822
791 792
791 793
822 821
822 824
822 825
792 793
792 794
792 795
793 794
793 795
794 937
794 795
795 797
937 934
937 935
937 939
937 940
797 800
800 801
800 802
801 802
801 804
802 804
802 805
804 805
804 806
804 807
805 806
805 807
805 808
806 807
806 808
807 808
807 810
807 917
808 810
808 811
810 811
810 812
810 813
917 914
917 915
917 918
917 919
811 812
811 813
811 814
812 813
812 814
813 814
814 817
817 818
818 821
821 824
824 825
824 826
825 826
825 828
826 828
894 893
894 895
835 836
835 837
835 838
836 837
836 838
837 838
847 849
847 850
849 850
849 851
850 851
850 853
942 939
942 940
851 853
853 855
996 994
996 995
996 997
859 860
859 862
860 862
862 864
864 866
864 867
866 867
866 868
867 868
867 870
868 870
874 875
874 876
874 877
875 876
875 877
875 878
910 907
910 908
910 911
910 913
876 877
876 878
877 878
877 880
878 880
880 882
886 887
893 895
895 898
898 899
899 902
902 903
902 904
902 905
903 904
903 905
903 906
904 905
904 906
904 907
905 906
905 907
905 908
906 907
906 908
907 908
908 911
911 913
911 914
913 914
913 915
914 915
915 918
918 919
924 925
925 928
928 930
928 931
930 931
931 934
934 935
939 940
946 947
946 948
946 949
947 948
947 949
947 950
948 949
948 950
948 951
949 950
949 951
950 951
950 953
951 953
953 955
953 956
955 956
955 958
956 958
962 963
962 964
963 964
964 967
971 974
974 976
974 977
976 977
976 978
977 978
982 983
982 984
983 984
983 986
984 986
986 988
986 989
988 989
988 990
988 991
989 990
989 991
989 992
990 991
990 992
991 994
991 992
992 994
992 995
994 995
994 997
995 997
1
