100 1 300
1 35
1 4
1 99
1 100
1 54
35 33
35 34
35 36
35 37
35 39
35 73
4 2
4 3
4 5
4 55
4 69
99 2
99 62
99 74
99 97
99 98
99 100
100 2
100 3
100 97
100 98
54 49
54 51
54 52
54 53
54 55
54 56
54 58
2 3
2 5
2 9
2 11
2 64
3 5
3 6
3 12
3 15
5 7
5 80
5 87
5 88
9 7
9 10
9 11
9 21
11 8
11 10
11 12
11 14
11 52
64 34
64 61
64 63
64 97
64 66
64 65
6 7
6 8
6 55
12 10
12 13
12 15
15 13
15 14
15 17
15 18
55 53
55 80
55 56
55 57
69 23
69 57
69 66
69 67
69 68
69 70
69 71
69 72
7 8
7 10
7 30
80 18
80 52
80 78
80 81
80 82
80 83
87 85
87 86
87 88
87 89
87 90
88 49
88 52
88 86
8 10
8 51
8 28
10 13
10 84
30 28
30 33
30 89
51 45
51 49
51 50
51 52
51 53
28 27
28 36
28 29
21 19
21 50
21 72
21 47
13 14
13 16
84 81
84 82
84 83
84 85
84 86
14 17
14 20
52 26
52 50
16 38
16 17
16 18
16 19
17 41
17 45
17 18
17 19
17 20
17 56
20 18
20 19
20 22
20 23
20 89
18 19
38 37
38 40
38 43
19 22
41 39
41 43
41 44
45 25
45 42
45 43
45 44
45 46
56 53
56 79
56 58
56 59
22 23
22 24
22 60
23 67
23 57
89 86
89 90
89 91
89 92
50 47
50 48
50 49
50 53
72 70
72 71
72 73
72 75
47 32
47 44
47 46
47 48
24 66
24 37
24 70
24 25
24 27
60 26
60 59
60 77
60 61
60 62
60 63
67 66
67 68
67 70
57 58
57 59
66 63
66 65
37 39
37 40
70 68
70 73
25 78
25 26
27 26
27 71
27 29
78 39
78 75
78 76
78 77
78 79
71 39
71 68
71 74
29 97
29 85
29 61
29 31
29 32
36 76
36 49
97 95
97 98
85 82
85 83
85 86
61 58
61 59
61 63
31 33
31 34
31 96
31 90
31 32
32 33
32 34
32 96
33 34
33 77
34 48
96 59
96 81
96 93
96 94
96 95
96 98
90 91
90 93
77 74
77 75
77 79
48 46
48 92
48 63
39 98
39 40
73 74
73 75
73 76
76 58
76 74
76 75
76 79
49 46
40 43
40 93
40 95
43 42
43 44
43 46
98 95
93 91
93 92
93 94
93 95
95 92
95 94
44 42
44 46
44 81
42 94
94 91
94 92
81 79
81 82
92 91
63 62
63 65
53 58
58 74
79 82
62 65
65 68
82 83
83 86
1
