100 1 300
1 2
1 43
1 99
1 14
1 11
1 100
1 30
2 3
2 100
2 5
2 99
2 4
43 40
43 41
43 42
43 45
43 46
43 53
99 96
99 97
99 98
99 100
14 12
14 13
14 94
14 17
14 60
14 62
11 8
11 9
11 10
11 65
11 12
11 54
11 31
100 3
100 97
100 98
30 27
30 29
30 33
30 42
30 31
30 32
3 4
3 5
3 6
3 76
5 6
5 7
5 18
4 7
4 13
4 71
4 32
6 7
6 8
6 9
6 21
76 23
76 73
76 74
76 75
76 77
76 79
7 8
7 9
7 10
13 10
13 12
13 15
13 16
13 56
71 58
71 59
71 66
71 68
71 69
71 70
71 72
71 73
32 29
32 33
32 35
18 15
18 16
18 17
18 20
18 21
18 47
8 9
8 10
8 54
9 10
9 12
21 19
21 20
21 22
21 23
10 82
54 51
54 53
54 79
54 55
12 15
82 42
82 64
82 70
82 79
82 80
82 83
82 85
65 55
65 62
65 63
65 66
65 68
65 81
31 28
31 29
31 33
31 34
15 73
15 16
16 77
16 19
16 47
16 74
56 49
56 55
56 77
56 59
94 52
94 91
94 92
94 93
94 95
94 96
17 19
17 20
60 57
60 59
60 61
60 63
62 59
62 61
62 63
62 64
73 70
73 72
73 74
73 75
77 38
77 74
77 75
77 78
77 79
77 80
19 20
19 22
47 44
47 45
47 46
47 48
47 50
74 72
20 22
20 23
22 72
22 23
22 24
23 26
23 64
72 69
72 75
24 25
24 26
24 27
26 25
26 52
26 27
26 28
64 36
64 66
64 95
25 49
25 27
27 28
27 29
49 46
49 48
49 50
49 51
52 38
52 50
52 51
52 53
52 95
28 61
28 81
28 29
61 58
61 59
61 63
81 78
81 79
81 80
81 84
81 96
33 34
33 35
33 58
42 39
42 41
42 45
34 36
34 37
34 59
35 36
35 37
35 38
58 55
58 57
58 59
36 38
36 39
37 38
37 39
37 40
59 90
38 97
38 40
39 40
39 41
40 66
40 86
97 95
97 96
97 98
41 44
66 67
66 68
86 57
86 63
86 83
86 84
86 85
86 98
86 87
86 88
44 45
44 46
45 46
45 48
46 48
53 50
53 51
53 55
48 50
48 51
48 87
50 51
87 84
87 85
87 89
87 90
95 92
95 93
95 98
55 85
79 63
79 78
79 80
85 83
85 84
85 88
90 88
90 89
90 91
90 92
63 92
92 89
92 91
68 67
68 69
68 70
67 69
67 70
69 70
70 98
98 96
75 78
78 80
80 83
83 84
96 93
88 89
88 91
89 91
91 93
1
