100 1 100
1 2
2 3
3 15
15 14
15 33
15 100
4 5
5 6
6 7
7 33
33 32
33 34
8 9
8 45
9 10
45 44
10 11
11 12
12 13
13 14
100 96
100 99
16 20
20 19
20 21
17 91
91 90
91 92
18 19
21 22
22 23
23 53
23 24
53 52
24 25
24 85
25 26
85 84
26 27
27 28
28 29
29 76
29 30
76 75
30 31
31 32
34 35
35 36
36 37
37 38
38 39
39 40
40 41
41 42
42 43
43 44
46 50
46 47
50 49
47 65
65 64
65 66
48 49
51 55
55 56
54 73
73 72
73 74
56 57
57 58
58 59
59 60
60 61
61 62
62 63
63 64
66 67
67 68
68 69
69 70
70 71
71 72
74 75
77 78
78 79
79 80
80 81
81 82
82 83
83 84
86 87
87 88
88 89
89 90
92 93
93 94
94 95
95 96
97 98
98 99
1
