1000 1 1000
1 2
1 1000
2 3
2 276
3 4
276 275
4 5
5 6
6 7
7 8
8 577
577 576
577 578
9 10
10 790
790 789
790 791
11 70
70 69
70 604
70 71
12 13
13 14
14 15
15 574
574 575
16 17
17 18
18 626
626 625
626 627
626 641
19 20
20 21
21 22
22 196
196 195
196 197
23 24
24 25
25 26
25 247
26 27
247 246
27 28
28 29
29 30
30 88
88 89
31 32
32 33
33 34
34 35
35 117
117 116
117 118
36 37
37 38
37 270
38 39
270 269
39 571
39 592
571 570
571 572
592 591
40 41
41 42
42 43
43 44
43 522
44 45
522 521
45 46
46 47
47 48
48 555
555 554
555 556
49 50
50 51
51 52
52 568
568 567
568 569
53 54
54 55
55 573
55 942
573 572
942 941
942 943
56 57
57 58
57 816
58 59
58 364
816 815
59 60
364 363
60 61
61 62
62 200
200 130
200 199
63 92
63 64
92 91
64 65
65 66
66 67
67 68
68 235
235 234
235 236
604 603
71 72
72 73
73 74
74 75
74 448
75 139
75 76
448 447
76 77
77 78
78 657
78 79
657 656
79 80
80 81
81 82
82 83
83 84
84 85
85 86
86 594
86 87
594 593
87 309
309 308
309 310
89 962
962 963
90 91
93 884
884 883
884 885
94 95
95 96
96 97
97 98
98 99
98 355
99 100
355 354
100 101
101 102
102 103
102 776
103 104
104 313
313 312
313 314
105 106
106 107
107 108
107 759
108 306
759 758
306 305
306 307
109 110
110 195
195 194
111 112
112 113
113 114
114 115
115 116
118 119
119 120
120 121
121 122
122 123
123 124
124 125
125 835
125 126
126 127
127 128
128 549
549 548
549 550
129 506
506 507
130 131
131 132
132 133
133 452
452 451
452 453
134 437
437 436
437 438
135 136
136 137
137 138
138 754
138 687
754 753
687 686
687 688
140 141
141 221
221 222
142 143
143 144
144 145
145 146
146 147
147 148
148 149
149 150
150 729
150 151
151 921
921 176
921 920
921 922
152 153
153 154
154 155
155 156
156 722
156 560
722 721
560 561
157 158
158 159
159 160
160 161
160 257
161 162
257 256
162 163
163 164
164 165
165 166
165 736
166 167
736 559
736 735
167 168
168 186
186 185
186 187
169 170
170 171
171 172
172 173
173 174
174 175
175 176
177 178
178 179
179 180
180 181
181 512
512 513
512 799
182 183
183 905
183 184
905 231
905 904
184 185
187 188
188 189
189 223
223 222
223 862
223 224
190 191
191 192
192 193
193 683
193 390
683 682
390 207
390 389
390 740
197 198
198 199
201 202
202 203
203 204
204 205
205 206
206 439
439 438
439 440
207 208
208 652
652 651
652 653
209 210
210 211
211 212
212 213
213 214
214 215
215 820
820 819
820 821
216 217
217 955
955 954
955 956
218 746
746 745
746 821
219 220
220 427
427 426
427 428
862 861
224 225
225 226
226 227
227 228
227 928
228 229
928 927
229 978
229 230
978 279
978 977
230 263
263 262
263 721
232 233
233 923
923 922
923 924
236 237
237 238
238 239
239 888
888 839
888 889
240 440
440 441
241 242
241 492
241 838
242 243
492 491
243 244
244 278
278 277
278 279
245 901
245 246
901 900
248 249
249 250
250 251
251 252
252 253
253 414
253 640
414 413
640 639
640 641
254 255
255 256
258 259
259 260
259 359
260 399
359 358
359 907
399 398
399 400
261 262
262 858
262 484
858 857
484 483
721 720
264 350
350 349
350 351
265 266
266 267
267 268
268 269
271 272
272 273
273 274
274 275
280 281
281 282
282 283
283 284
284 285
285 286
286 287
287 288
288 289
289 290
290 291
291 292
292 293
293 294
294 773
294 295
773 772
295 925
925 924
925 926
296 297
297 441
297 563
563 562
563 707
563 564
298 299
299 765
765 764
765 766
300 301
301 302
302 303
303 304
304 885
885 886
307 308
307 632
632 631
310 311
311 763
763 762
763 764
314 315
315 585
315 316
315 949
585 584
316 317
949 948
317 551
551 550
551 552
318 319
319 320
320 321
321 322
322 429
429 428
429 430
323 324
324 325
325 661
325 326
661 660
326 629
326 727
629 628
727 726
727 728
327 328
328 329
328 979
329 330
330 331
331 593
332 333
333 334
334 335
335 336
336 337
337 338
338 505
338 339
338 510
505 504
339 481
510 509
481 380
481 480
340 341
341 342
342 343
343 344
344 345
345 346
346 347
347 348
348 349
351 352
352 353
353 650
353 354
650 649
356 538
356 357
357 772
907 906
360 361
361 362
361 837
362 363
837 836
365 920
920 919
366 974
366 367
974 973
367 368
368 369
369 370
370 371
371 807
807 806
807 808
372 373
373 374
374 465
374 802
374 375
465 464
375 771
375 376
771 770
376 377
377 378
378 379
379 644
644 643
644 956
644 645
380 845
845 806
845 844
381 382
382 383
383 384
384 385
385 386
386 387
386 404
387 388
404 403
388 389
740 739
391 392
392 792
792 791
792 793
393 394
394 395
395 396
396 397
397 398
400 401
401 728
401 487
487 488
402 403
405 406
406 407
407 726
726 511
726 725
408 409
409 954
954 953
410 565
565 564
565 566
411 412
412 413
415 416
416 417
417 418
418 419
419 420
420 421
421 422
422 423
423 424
424 425
425 426
430 431
431 432
432 433
432 961
433 434
961 960
434 435
435 436
442 443
442 670
443 444
670 669
444 537
444 445
444 934
537 536
445 446
934 933
446 447
449 450
450 451
453 454
454 455
455 834
455 456
834 833
456 457
457 458
457 712
458 459
712 711
459 460
460 461
461 553
553 552
553 554
462 463
463 464
466 467
467 468
468 469
468 654
469 470
654 653
470 471
471 472
472 473
473 474
474 874
474 475
474 896
874 681
874 873
475 476
896 895
476 477
477 478
478 479
479 480
482 483
485 627
485 486
486 543
543 542
543 544
488 489
489 490
490 491
493 494
494 497
497 496
497 498
495 496
498 769
769 768
769 770
499 500
500 501
501 502
502 503
503 504
507 508
507 741
508 509
513 514
799 798
514 609
609 608
609 610
515 516
516 517
517 518
518 519
519 520
520 521
523 524
523 910
524 525
910 909
525 526
526 969
969 968
969 970
527 528
528 529
528 877
529 933
877 876
933 932
530 531
531 532
532 533
533 534
534 897
897 898
535 536
539 540
540 541
541 542
544 545
545 546
546 547
547 548
556 557
557 558
558 842
558 559
842 841
561 562
707 706
566 709
566 567
566 882
709 708
709 846
882 881
569 570
575 576
576 994
994 993
578 579
579 580
580 581
581 611
581 582
582 583
583 584
586 587
587 588
588 589
588 878
589 590
590 591
595 596
596 597
597 598
598 599
599 600
600 601
601 602
602 603
605 606
606 607
607 608
610 930
930 929
930 931
612 613
613 614
614 615
615 616
616 617
617 693
693 692
693 694
618 619
619 791
620 621
621 622
622 623
623 624
624 625
625 890
625 775
890 889
775 774
775 825
630 631
633 634
634 635
635 636
636 637
637 638
638 639
642 643
643 751
751 750
956 959
645 646
646 647
647 648
648 649
655 656
658 659
659 660
660 724
724 723
662 663
663 664
664 665
665 666
666 667
667 668
668 669
671 672
672 673
672 931
673 674
674 675
675 676
676 677
677 678
678 679
679 680
680 681
684 685
685 686
688 839
689 690
690 691
691 692
694 695
695 696
696 697
697 698
698 699
699 700
700 701
701 702
702 703
703 704
704 705
705 706
710 711
713 714
714 715
714 943
715 716
716 717
717 718
718 719
719 720
730 731
731 732
732 733
733 734
734 735
737 738
738 739
742 743
743 744
744 745
821 822
747 748
748 749
749 750
752 753
755 756
756 757
757 758
760 761
760 999
761 762
999 998
766 767
767 768
770 939
774 887
887 886
825 824
777 778
778 779
779 780
780 781
781 782
782 783
783 784
784 785
785 786
786 787
787 788
788 789
793 813
813 812
813 814
794 795
795 796
796 797
797 798
800 801
801 950
950 951
803 804
803 983
804 805
983 982
805 806
808 809
809 810
810 811
811 812
814 815
817 818
818 819
822 823
823 824
826 827
827 828
828 829
829 830
830 831
831 832
832 833
840 841
843 844
847 848
848 849
849 850
850 851
851 852
852 853
853 854
854 975
975 976
855 856
856 857
859 860
860 861
863 864
864 865
865 866
866 867
867 868
868 938
938 937
938 981
869 909
909 908
870 871
871 929
872 873
875 971
971 970
971 972
879 880
880 881
891 892
892 893
893 894
894 895
898 899
899 900
902 903
903 904
911 912
912 913
913 914
914 915
915 916
916 917
917 918
918 919
926 927
935 936
936 937
981 980
981 982
940 941
944 945
945 946
946 947
947 948
951 952
952 953
959 958
957 958
963 964
964 965
965 966
966 998
998 997
967 968
972 973
976 977
984 985
985 986
986 987
987 988
988 989
989 990
990 991
991 992
992 993
995 996
996 997
1
