1000 1 2000
1 3
1 838
1 999
1 1000
3 4
3 5
3 252
838 24
838 57
838 582
838 837
838 839
999 196
999 997
1000 2
2 273
2 406
273 272
273 393
273 274
273 627
406 19
406 404
406 405
406 872
406 407
4 5
4 6
5 245
5 343
252 250
252 251
252 254
6 619
6 8
245 243
245 244
245 246
245 247
343 341
343 342
343 402
343 344
343 345
619 620
619 621
8 9
8 10
7 9
7 329
7 214
9 10
9 11
9 622
329 327
329 328
329 330
329 331
214 212
214 213
214 216
10 618
10 11
10 247
11 12
11 716
622 620
622 621
622 623
622 964
618 43
618 616
618 617
247 246
247 249
247 248
12 13
12 14
716 241
716 714
716 715
716 717
13 948
13 14
14 15
14 16
948 224
948 946
948 947
948 949
948 950
15 17
15 603
16 17
16 18
17 18
17 19
603 330
603 409
603 601
603 602
603 604
18 265
18 20
18 726
19 21
265 71
265 263
265 264
265 266
20 201
20 653
20 21
726 725
726 727
21 22
21 23
201 199
201 202
201 203
653 651
653 652
653 655
22 998
22 23
22 24
23 25
23 24
998 366
998 996
998 997
24 25
24 914
25 26
25 27
914 854
914 912
914 913
914 915
914 916
26 394
26 27
26 28
27 28
27 590
394 393
394 395
28 29
28 930
590 588
590 589
590 591
590 592
29 30
29 744
930 481
930 928
930 929
930 932
30 940
30 408
30 32
744 469
744 742
744 745
940 939
940 941
408 306
408 407
408 409
408 410
32 33
32 34
31 33
31 546
33 971
33 828
546 545
546 548
546 767
34 35
34 36
971 970
971 972
971 973
828 516
828 826
828 829
828 830
35 36
35 480
36 37
36 38
36 217
36 284
480 478
480 479
480 481
480 624
480 600
37 38
37 39
38 39
38 40
217 215
217 216
217 219
284 282
284 283
284 286
39 41
39 188
39 40
40 41
40 42
41 42
41 43
188 186
188 187
188 190
42 122
42 43
43 44
43 45
122 120
122 121
122 123
122 124
44 45
44 46
44 414
45 46
45 47
45 500
46 47
46 48
414 223
414 413
47 49
47 48
500 499
500 502
48 226
48 707
48 50
49 50
49 51
49 718
226 224
226 225
226 227
707 241
707 705
707 706
707 709
707 760
50 51
50 52
50 412
51 52
51 53
718 717
718 719
52 54
52 904
412 410
412 411
412 413
53 54
53 928
54 55
54 56
904 902
904 903
904 905
904 906
928 927
928 929
55 57
55 353
55 56
56 58
56 938
57 58
353 351
353 352
353 354
58 59
58 60
58 183
938 204
938 936
938 937
938 939
59 313
59 60
60 612
60 61
183 181
183 182
183 185
313 312
313 314
313 315
612 610
612 611
612 613
612 614
61 457
61 62
457 456
457 458
457 459
62 63
62 64
63 298
63 64
64 65
64 984
64 606
298 296
298 297
298 299
298 300
298 305
65 66
65 67
984 982
984 983
984 985
984 986
606 516
606 604
606 605
66 426
66 68
67 68
67 69
426 424
426 425
426 427
426 428
68 69
68 70
68 760
69 70
69 71
70 71
70 72
760 758
760 759
760 761
71 735
71 72
72 73
72 890
735 157
735 164
735 309
735 721
735 733
735 734
73 75
73 848
890 112
890 888
890 889
890 906
890 891
890 892
75 74
75 868
75 294
75 107
848 772
848 846
848 847
848 850
74 76
76 77
76 78
868 866
868 867
868 870
294 292
294 293
294 807
294 295
294 296
294 981
107 105
107 106
107 908
107 108
107 109
77 957
77 78
77 79
78 109
78 80
78 918
78 120
78 701
957 934
957 955
957 956
79 81
79 80
109 108
109 110
80 81
80 82
918 256
918 916
918 919
918 920
120 118
120 119
701 699
701 700
701 703
81 82
81 694
82 83
82 84
694 692
694 693
694 695
694 696
83 84
83 85
84 85
84 86
85 465
85 86
85 87
86 900
86 518
86 487
465 463
465 466
87 89
87 88
900 803
900 898
900 899
900 902
518 368
518 517
487 485
487 486
487 840
487 488
89 88
89 90
89 91
89 973
88 90
90 816
90 91
90 92
91 579
91 870
973 972
973 974
816 374
816 814
816 817
92 93
92 94
579 578
579 580
579 581
870 155
870 869
870 872
93 94
93 95
94 95
94 96
95 721
95 96
96 97
96 98
721 719
721 720
721 722
721 723
97 98
97 99
98 99
98 100
99 100
99 101
100 153
100 101
100 102
101 539
101 102
153 151
153 152
153 862
102 103
102 104
539 537
539 538
539 708
539 540
103 105
103 104
104 105
104 106
105 106
106 379
379 377
379 378
379 380
379 381
908 773
908 906
908 907
908 910
108 110
110 388
110 502
388 387
388 389
388 390
388 913
502 501
502 503
502 504
111 113
111 743
111 112
113 112
113 114
113 115
113 311
743 333
743 741
743 742
114 115
114 116
115 116
115 117
311 717
116 117
116 118
117 118
117 119
118 931
118 119
119 121
931 929
931 932
121 446
121 248
446 444
446 447
248 246
248 249
248 250
123 846
123 832
124 765
124 125
124 126
846 844
846 845
846 847
832 492
832 830
832 831
832 833
832 834
765 763
765 764
765 766
125 126
125 127
126 374
126 128
127 129
127 333
374 372
374 373
374 458
128 129
128 130
129 130
129 212
333 331
333 332
333 334
333 335
130 131
130 524
212 211
212 213
131 132
131 133
524 522
524 523
524 525
524 526
132 133
132 134
132 976
133 134
133 135
134 135
134 136
976 974
976 975
976 977
135 137
135 136
136 137
136 138
136 944
137 138
137 139
137 391
138 139
138 140
944 512
944 943
944 946
139 891
139 141
391 389
391 390
391 393
140 945
140 141
891 381
891 889
891 892
891 893
141 657
141 469
945 610
945 943
945 947
657 656
657 658
657 659
469 468
469 660
469 470
469 471
142 143
142 144
143 145
143 728
143 144
144 145
144 146
144 840
145 146
145 147
145 790
728 455
728 727
728 730
146 888
146 148
840 448
840 839
840 841
147 148
147 149
790 788
790 789
790 791
888 886
888 887
888 889
148 149
148 403
149 150
149 191
403 402
403 405
403 705
150 151
150 152
191 193
191 192
151 152
152 154
154 155
154 156
154 779
862 860
862 861
862 863
862 864
155 156
155 157
156 157
156 158
779 514
779 777
779 778
779 781
779 815
157 159
158 159
158 160
159 959
159 160
160 161
160 162
959 958
959 961
959 960
161 162
161 163
162 163
162 872
163 164
163 165
872 871
872 873
872 874
872 917
164 610
164 530
165 166
165 167
610 608
610 609
610 611
530 459
530 528
530 529
530 532
166 255
166 167
167 169
167 168
255 253
255 254
255 257
255 256
169 809
169 170
169 171
168 884
168 304
884 216
884 882
884 883
884 886
304 302
304 303
304 305
304 306
809 808
809 811
170 171
170 172
171 172
171 173
171 668
172 173
172 174
173 174
173 175
668 666
668 667
668 670
668 768
174 175
174 176
175 177
175 176
176 177
176 178
176 681
177 232
177 464
177 178
177 179
178 179
178 180
681 679
681 682
232 230
232 234
232 472
464 458
464 462
464 463
464 899
464 852
179 180
179 181
180 620
180 181
180 182
181 807
182 184
807 637
807 805
807 806
807 808
184 185
184 186
185 933
185 983
185 186
185 187
186 187
933 932
933 934
983 309
983 981
983 982
187 189
189 818
189 680
190 241
190 662
190 279
190 192
818 819
818 820
680 678
680 679
680 936
680 682
241 240
241 243
662 661
662 664
279 277
279 278
279 280
192 193
192 194
193 194
193 195
194 195
194 196
195 196
195 197
195 972
196 197
196 198
197 198
197 299
197 346
972 970
198 224
198 200
299 297
299 301
346 344
346 345
346 347
346 348
224 222
200 199
200 202
200 290
202 204
202 990
290 288
290 289
290 291
290 593
203 589
203 204
203 205
204 205
204 206
990 767
990 988
990 989
990 991
589 587
589 588
205 578
205 206
205 207
206 207
206 208
578 576
578 577
207 781
207 208
208 209
208 210
208 340
208 314
781 356
781 783
209 210
209 211
209 855
210 211
210 326
340 338
340 339
340 342
314 312
314 316
211 213
855 609
855 853
855 854
326 324
326 325
326 836
326 327
326 328
213 215
215 664
216 218
664 663
664 665
664 666
218 425
218 820
219 220
219 221
425 423
425 424
425 761
820 819
820 821
820 822
220 221
220 342
220 885
221 801
221 222
342 341
342 344
885 887
801 799
801 800
801 802
801 803
222 223
223 225
223 786
225 227
786 567
786 785
786 787
786 788
227 228
227 229
228 229
228 230
229 230
229 231
229 960
230 231
231 233
231 416
960 953
960 958
960 961
233 234
233 235
416 415
416 417
416 587
234 235
234 236
234 732
472 470
472 471
472 498
472 473
472 860
235 236
235 237
236 238
236 398
732 730
732 731
732 734
237 238
237 239
238 628
238 239
238 240
398 397
398 873
398 399
239 719
239 240
628 626
628 627
628 629
240 242
719 517
719 717
719 720
242 810
242 243
242 244
243 244
810 808
810 811
810 909
244 246
249 250
249 251
250 529
250 251
251 253
529 527
529 528
253 804
253 254
254 256
804 802
804 803
804 805
256 909
257 258
257 259
909 863
909 907
258 259
258 260
259 260
259 261
259 421
260 261
260 262
261 386
261 262
261 263
421 419
421 423
421 640
262 263
262 264
386 384
386 385
386 387
263 348
264 266
348 347
348 625
348 349
348 350
266 267
266 268
266 495
267 867
267 268
267 269
267 383
268 269
268 270
495 494
495 509
867 865
269 270
269 271
383 362
383 381
383 382
383 385
270 854
270 271
271 827
271 272
854 852
854 853
827 784
827 825
827 826
827 829
272 274
272 427
274 275
274 276
427 429
393 392
627 626
627 629
275 276
275 277
276 277
276 278
277 278
278 632
278 280
632 630
632 634
280 281
280 636
281 282
281 283
636 451
636 634
636 635
636 637
636 638
282 283
283 355
283 485
355 354
355 356
355 357
485 483
485 484
485 966
485 714
286 285
286 883
286 287
286 288
285 287
287 289
287 835
287 752
883 881
288 655
288 860
288 317
289 291
835 833
835 834
835 836
835 837
752 750
752 751
752 753
655 871
860 858
317 315
317 316
317 783
317 318
291 292
291 293
593 591
593 592
593 615
593 594
593 595
292 293
293 483
293 682
483 481
483 484
682 683
295 297
295 799
296 297
981 979
981 980
799 797
799 798
799 800
300 404
300 302
305 303
305 307
301 302
301 303
404 497
404 825
404 544
302 303
306 308
306 858
307 308
307 309
308 309
308 310
858 856
858 857
309 310
310 822
310 679
822 821
822 823
822 824
679 677
679 761
312 533
533 531
533 532
533 535
315 316
316 318
318 319
318 320
783 782
783 785
319 321
319 547
319 522
319 624
319 784
319 320
320 321
320 322
321 322
321 323
547 479
547 545
547 548
547 551
522 520
522 521
522 559
624 623
624 626
784 583
784 782
784 785
322 323
322 324
323 324
323 325
324 325
324 675
325 327
675 673
675 674
675 677
327 328
836 693
836 834
328 330
330 331
330 332
331 692
332 334
692 690
692 691
692 693
334 532
334 336
335 337
335 336
532 531
532 534
336 337
336 338
337 338
337 339
338 339
339 341
344 345
402 399
402 400
402 401
345 347
347 349
349 350
349 351
625 623
625 626
350 556
350 351
350 352
351 596
556 554
556 555
556 557
352 354
596 594
596 595
596 597
596 598
354 356
354 859
356 357
356 358
859 857
859 861
357 875
357 358
357 359
358 359
358 360
875 873
875 877
359 361
359 360
360 361
360 362
360 420
361 362
361 363
362 363
420 418
420 419
420 422
363 364
363 650
364 365
364 366
650 633
650 648
650 649
650 652
365 366
365 367
366 367
366 368
367 787
367 368
368 369
368 370
787 785
787 788
787 789
369 370
369 371
370 371
370 372
371 372
371 373
372 373
373 548
373 375
548 549
375 377
375 376
458 456
458 459
377 376
377 378
376 378
378 380
378 652
380 381
380 382
652 651
382 384
384 385
385 387
387 389
389 390
389 678
390 423
913 637
913 911
913 912
678 676
678 677
423 422
423 424
392 834
834 833
395 396
395 676
396 474
396 397
676 674
676 677
676 815
474 473
474 475
474 476
397 399
399 401
873 871
873 874
401 400
401 897
897 895
897 896
897 898
897 899
405 407
405 432
705 703
705 704
705 706
497 496
497 498
825 823
825 824
825 941
825 826
544 542
544 543
544 545
407 409
407 874
432 430
432 431
432 434
409 410
874 876
410 411
411 413
413 415
413 654
415 417
654 656
417 418
417 419
417 438
417 573
587 585
587 586
587 803
587 588
418 419
419 780
438 436
438 437
438 813
438 942
438 439
573 571
573 572
573 574
780 778
780 782
422 424
422 817
422 796
640 638
640 639
640 641
424 560
817 819
796 794
796 795
796 797
560 493
560 558
560 562
761 768
428 429
428 430
429 430
429 431
430 901
431 433
901 899
901 902
901 903
433 434
433 435
434 435
434 436
435 436
435 437
436 437
437 439
439 441
439 440
813 811
813 812
813 814
942 941
942 943
441 440
441 442
441 910
440 442
442 443
442 444
910 644
910 912
443 444
443 445
443 698
444 445
445 949
445 447
698 696
698 697
698 699
949 950
949 951
447 449
447 448
449 450
449 451
448 849
448 450
849 847
849 850
450 451
450 452
451 703
452 453
452 454
452 895
703 702
703 704
453 454
453 455
454 455
454 456
895 893
895 894
455 456
459 460
460 461
460 462
461 462
461 463
462 996
996 994
996 995
996 997
899 759
899 898
852 850
852 851
466 467
466 468
467 963
467 468
468 470
963 961
963 962
963 964
963 965
470 471
660 658
660 659
660 661
471 473
473 475
498 496
498 499
475 987
475 476
475 477
476 477
476 478
987 985
987 986
987 989
477 478
477 479
478 479
479 552
552 550
552 551
552 554
481 482
481 751
600 598
600 599
600 602
482 484
482 748
751 749
751 750
484 486
748 746
748 747
748 749
748 750
486 488
966 965
966 967
714 712
714 713
488 489
488 490
489 490
489 491
490 492
490 542
491 492
491 493
492 493
542 540
542 541
542 543
493 494
494 496
509 507
509 508
509 919
509 892
509 510
499 501
501 503
503 505
503 504
504 505
504 506
505 506
505 507
506 507
506 508
507 508
508 510
510 511
510 512
919 917
919 920
892 893
892 894
511 513
511 512
512 513
513 514
513 515
514 516
515 725
515 517
516 517
725 723
725 724
725 727
517 581
581 580
581 583
519 521
519 520
521 520
521 523
523 525
559 557
559 558
559 561
525 526
525 527
526 527
526 528
527 528
534 535
534 536
535 537
535 886
536 537
536 538
537 538
886 887
538 540
540 541
708 706
708 709
708 710
541 543
543 795
543 988
795 793
795 794
988 986
988 989
545 631
631 629
631 630
631 633
767 766
767 769
767 768
551 549
551 550
549 550
554 553
554 555
553 555
555 557
555 866
557 558
866 864
866 865
561 562
561 563
562 563
562 877
563 564
563 711
877 876
877 994
877 878
564 565
564 566
711 709
711 710
711 713
711 712
565 566
565 567
566 567
566 568
567 568
568 569
568 570
569 570
569 571
569 683
570 571
570 572
571 572
683 685
572 574
574 715
574 575
574 576
715 733
575 577
575 576
576 577
577 626
580 582
582 584
583 584
584 585
584 586
585 586
586 588
803 802
591 592
592 594
594 595
615 613
615 614
615 616
595 597
597 598
597 599
598 882
598 599
599 601
882 880
882 881
601 646
602 604
646 644
646 645
646 647
646 648
604 605
605 607
607 609
607 608
609 608
609 611
611 613
613 614
614 616
616 617
617 989
989 991
621 623
623 633
964 962
964 965
633 634
629 630
634 762
762 763
762 764
635 637
638 639
639 641
641 642
641 643
642 643
642 644
643 644
643 645
644 645
645 647
647 649
647 648
648 649
649 651
656 658
871 863
871 869
658 659
659 661
661 663
663 665
665 666
665 667
666 667
667 669
669 670
669 671
670 671
670 672
768 766
768 770
671 673
671 672
672 673
672 674
673 674
815 814
936 934
936 935
936 937
685 684
685 686
685 687
684 686
686 926
686 687
686 688
687 689
687 688
926 797
926 924
926 925
926 927
688 689
688 690
689 690
689 691
690 691
691 693
693 695
695 697
695 696
696 697
697 699
699 700
700 702
702 704
704 706
704 969
969 967
969 968
969 970
709 710
710 947
710 712
947 946
712 907
713 753
907 905
753 754
753 755
733 731
720 722
722 723
722 724
723 724
724 739
739 737
739 738
739 740
739 741
727 729
729 730
729 731
730 731
734 736
736 737
736 738
737 738
738 740
740 741
740 742
741 742
745 746
745 747
746 747
747 749
749 750
754 755
754 756
755 756
755 757
756 757
756 758
757 758
757 759
758 759
763 764
764 766
769 770
769 771
770 771
770 772
771 772
771 773
772 773
772 805
773 829
805 806
829 830
829 831
774 775
774 776
775 777
775 776
776 777
776 778
777 778
788 789
789 791
791 793
791 792
793 792
793 794
792 794
798 800
800 802
806 808
811 812
812 814
819 953
953 951
953 952
953 954
821 823
823 824
824 826
941 939
830 831
831 833
837 839
839 841
841 842
841 843
842 843
842 844
843 844
843 845
844 845
845 847
850 851
851 853
856 857
861 863
863 865
864 865
917 915
917 916
876 878
878 879
878 880
994 992
994 993
994 995
879 881
879 880
880 881
887 889
906 905
893 894
894 896
896 898
902 903
903 905
912 911
915 916
920 921
920 922
921 922
921 923
922 923
922 924
923 924
923 925
924 925
925 952
952 950
952 951
952 954
927 929
932 934
934 935
935 937
937 939
950 951
954 955
954 956
955 956
956 958
961 962
965 967
967 968
968 970
974 975
975 977
977 978
977 979
978 979
978 980
979 980
980 982
985 986
991 993
991 992
993 992
993 995
995 997
1
